# metallicity0.004   # mass  # Metal_eject_mass
0.08 0.00093
0.1317 0.00093
0.18339 0.00093
0.23509 0.00093
0.28679 0.00093
0.33848 0.00093
0.39018 0.00093
0.44188 0.00093
0.49357 0.00093
0.54527 0.00093
0.59697 0.00093
0.64866 0.00093
0.70036 0.00093
0.75206 0.00093
0.80375 0.00093
0.85545 0.0010328943661971832
0.90714 0.0011911615384615382
0.95884 0.0013833794871794874
1.01054 0.0015714574999999998
1.06223 0.0017572823529411763
1.11393 0.0019397529411764708
1.16563 0.0038708160919540204
1.21732 0.006663264367816091
1.26902 0.015184224719101136
1.32072 0.022764089887640445
1.37241 0.027526539325842696
1.42411 0.03168423529411765
1.47581 0.03533364705882353
1.5275 0.04006987951807229
1.5792 0.04511156626506023
1.6309 0.05059301204819277
1.68259 0.055945804878048774
1.73429 0.06126625352112676
1.78599 0.06680033802816901
1.83768 0.07041008
1.88938 0.07330528
1.94108 0.07714531999999999
1.99277 0.08122882999999999
2.04447 0.083912325
2.09617 0.08636807499999999
2.14786 0.08882335
2.19956 0.0912791
2.25126 0.0918126
2.30295 0.0923295
2.35465 0.0928465
2.40634 0.0933634
2.45804 0.0938804
2.50974 0.094274676
2.56143 0.09414028199999999
2.61313 0.094005862
2.66483 0.093871442
2.71652 0.093737048
2.76822 0.093602628
2.81992 0.093468208
2.87161 0.093333814
2.92331 0.093199394
2.97501 0.093064974
3.0267 0.09170238
3.0784 0.08918976
3.1301 0.08667714
3.18179 0.084165006
3.23349 0.081652386
3.28519 0.079139766
3.33688 0.076627632
3.38858 0.074115012
3.44028 0.071602392
3.49197 0.06909025800000002
3.54367 0.068036216
3.59537 0.067250376
3.64706 0.066464688
3.69876 0.065678848
3.75046 0.064893008
3.80215 0.06410732
3.85385 0.06332148
3.90554 0.062535792
3.95724 0.061749952
4.00894 0.060973052
4.06063 0.06023905400000001
4.11233 0.059504914
4.16403 0.058770774
4.21572 0.058036776
4.26742 0.057302636
4.31912 0.056568496
4.37081 0.055834498
4.42251 0.055100358
4.47421 0.054366217999999994
4.5259 0.0545698
4.5776 0.055707200000000005
4.6293 0.056844599999999995
4.68099 0.05798178000000001
4.73269 0.05911917999999999
4.78439 0.060256580000000004
4.83608 0.06139376
4.88778 0.06253116
4.93948 0.06366856
4.99117 0.06480574000000001
5.04287 0.06307085000000001
5.09457 0.06074435
5.14626 0.058418300000000006
5.19796 0.0560918
5.24966 0.05376529999999998
5.30135 0.05143924999999999
5.35305 0.04911275000000002
5.40474 0.04678669999999999
5.45644 0.04446020000000002
5.50814 0.0421337
5.55983 0.039807650000000014
5.61153 0.03748115
5.66323 0.03515464999999998
5.71492 0.03282859999999999
5.76662 0.030502100000000018
5.81832 0.02817560000000001
5.87001 0.025849550000000013
5.92171 0.023523050000000004
5.97341 0.021196549999999988
6.0251 0.0202008
6.0768 0.020614400000000005
6.1285 0.021027999999999998
6.18019 0.02144152
6.23189 0.02185512
6.28359 0.022268720000000002
6.33528 0.02268224
6.38698 0.023095840000000003
6.43868 0.02350944
6.49037 0.023922960000000004
6.54207 0.02433656
6.59377 0.02475016
6.64546 0.02516368
6.69716 0.02557728
6.74886 0.025990879999999997
6.80055 0.0264044
6.85225 0.026817999999999998
6.90394 0.027231520000000002
6.95564 0.02764512
7.00734 0.02977995000000003
7.05903 0.04231477499999998
7.11073 0.054852025000000054
7.16243 0.06738927499999992
7.21412 0.07992410000000008
7.26582 0.09246134999999993
7.31752 0.1049986
7.36921 0.11753342499999996
7.42091 0.13007067500000002
7.47261 0.1426079250000001
7.5243 0.15514275000000005
7.576 0.1676799999999999
7.6277 0.18021724999999997
7.67939 0.1927520749999999
7.73109 0.205289325
7.78279 0.21782657500000008
7.83448 0.23036140000000002
7.88618 0.2428986500000001
7.93788 0.25543589999999994
7.98957 0.2679707249999999
8.04127 0.2805079750000002
8.09297 0.29304522499999985
8.14466 0.30558005000000005
8.19636 0.3181173000000001
8.24806 0.33065455000000016
8.29975 0.3431893749999999
8.35145 0.35572662499999996
8.40314 0.36826145000000016
8.45484 0.3807987000000002
8.50654 0.3933359499999998
8.55823 0.405870775
8.60993 0.4184080250000001
8.66163 0.4309452750000002
8.71332 0.4434800999999999
8.76502 0.45601735
8.81672 0.46855460000000004
8.86841 0.4810894250000002
8.92011 0.49362667499999985
8.97181 0.5061639249999998
9.0235 0.5196505000000001
9.0752 0.5342816000000001
9.1269 0.5489126999999998
9.17859 0.5635409699999999
9.23029 0.57817207
9.28199 0.5928031700000002
9.33368 0.6074314399999998
9.38538 0.6220625399999999
9.43708 0.6366936400000001
9.48877 0.6513219100000002
9.54047 0.6659530099999997
9.59217 0.6805841099999999
9.64386 0.6952123800000001
9.69556 0.7098434800000002
9.74726 0.7244745800000002
9.79895 0.7391028499999999
9.85065 0.75373395
9.90234 0.7683622200000002
9.95404 0.7829933200000003
10.00574 0.7976244199999999
10.05743 0.81225269
10.10913 0.8268837900000001
10.16083 0.8415148900000002
10.21252 0.85614316
10.26422 0.87077426
10.31592 0.88540536
10.36761 0.9000336300000003
10.41931 0.9146647299999999
10.47101 0.92929583
10.5227 0.9439241000000002
10.5744 0.9585552000000003
10.6261 0.9731862999999998
10.67779 0.9878145700000001
10.72949 1.0024456700000002
10.78119 1.01707677
10.83288 1.0317050399999999
10.88458 1.04633614
10.93628 1.06096724
10.98797 1.0755955100000003
11.03967 1.0902266099999998
11.09137 1.1048577099999999
11.14306 1.11948598
11.19476 1.1341170800000002
11.24646 1.1487481800000003
11.29815 1.16337645
11.34985 1.1780075500000002
11.40154 1.1926358200000002
11.45324 1.20726692
11.50494 1.2218980199999998
11.55663 1.23652629
11.60833 1.2511573900000004
11.66003 1.2657884900000003
11.71172 1.28041676
11.76342 1.29504786
11.81512 1.3096789600000003
11.86681 1.3243072299999998
11.91851 1.33893833
11.97021 1.35356943
12.0219 1.3680736000000002
12.0736 1.3824117333333337
12.1253 1.3967498666666667
12.17699 1.4110852266666667
12.22869 1.4254233600000001
12.28039 1.4397614933333336
12.33208 1.4540968533333332
12.38378 1.4684349866666666
12.43548 1.48277312
12.48717 1.4971084800000003
12.53887 1.5114466133333333
12.59057 1.5257847466666665
12.64226 1.5401201066666668
12.69396 1.5544582400000002
12.74566 1.5687963733333337
12.79735 1.5831317333333332
12.84905 1.5974698666666667
12.90074 1.611805226666667
12.95244 1.62614336
13.00414 1.6404814933333332
13.05583 1.6548168533333334
13.10753 1.6691549866666668
13.15923 1.6834931200000003
13.21092 1.69782848
13.26262 1.7121666133333333
13.31432 1.7265047466666668
13.36601 1.7408401066666666
13.41771 1.7551782399999998
13.46941 1.7695163733333332
13.5211 1.7838517333333335
13.5728 1.798189866666667
13.6245 1.812528
13.67619 1.82686336
13.72789 1.8412014933333334
13.77959 1.8555396266666668
13.83128 1.8698749866666664
13.88298 1.88421312
13.93468 1.8985512533333333
13.98637 1.9128866133333335
14.03807 1.9272247466666665
14.08977 1.9415628799999998
14.14146 1.95589824
14.19316 1.9702363733333335
14.24486 1.9845745066666662
14.29655 1.9989098666666667
14.34825 2.013248
14.39994 2.0275833600000004
14.45164 2.041921493333333
14.50334 2.0562596266666664
14.55503 2.0705949866666664
14.60673 2.08493312
14.65843 2.099271253333333
14.71012 2.1136066133333333
14.76182 2.1279447466666666
14.81352 2.14228288
14.86521 2.15661824
14.91691 2.170956373333333
14.96861 2.1852945066666667
15.0203 2.20203474
15.072 2.2224975999999996
15.1237 2.24296046
15.17539 2.263419362
15.22709 2.2838822220000004
15.27879 2.304345082
15.33048 2.324803984
15.38218 2.345266844
15.43388 2.365729704
15.48557 2.3861886059999997
15.53727 2.4066514659999996
15.58897 2.427114326
15.64066 2.447573228
15.69236 2.4680360880000003
15.74406 2.4884989479999997
15.79575 2.50895785
15.84745 2.52942071
15.89914 2.549879612
15.95084 2.5703424719999997
16.00254 2.590805332
16.05423 2.611264234
16.10593 2.6317270940000004
16.15763 2.6521899540000002
16.20932 2.672648856000001
16.26102 2.6931117159999993
16.31272 2.7135745759999996
16.36441 2.7340334779999997
16.41611 2.754496338
16.46781 2.774959198
16.5195 2.7954181000000005
16.5712 2.8158809600000003
16.6229 2.8363438200000006
16.67459 2.8568027219999994
16.72629 2.8772655819999997
16.77799 2.8977284419999996
16.82968 2.9181873439999997
16.88138 2.938650204
16.93308 2.9591130640000003
16.98477 2.9795719660000004
17.03647 3.0000348260000007
17.08817 3.0204976860000006
17.13986 3.0409565879999993
17.19156 3.0614194479999997
17.24326 3.081882308
17.29495 3.10234121
17.34665 3.12280407
17.39834 3.1432629720000005
17.45004 3.163725832000001
17.50174 3.1841886920000007
17.55343 3.204647594
17.60513 3.2251104539999997
17.65683 3.2455733139999996
17.70852 3.266032216
17.76022 3.2864950760000005
17.81192 3.3069579360000003
17.86361 3.3274168380000004
17.91531 3.3478796980000007
17.96701 3.3683425579999993
18.0187 3.38880146
18.0704 3.40926432
18.1221 3.42972718
18.17379 3.450186082
18.22549 3.4706489420000004
18.27719 3.4911118020000007
18.32888 3.511570704000001
18.38058 3.5320335639999993
18.43228 3.5524964239999997
18.48397 3.5729553259999998
18.53567 3.593418186
18.58737 3.6138810460000004
18.63906 3.634339948
18.69076 3.6548028080000003
18.74246 3.6752656680000007
18.79415 3.6957245699999994
18.84585 3.7161874299999997
18.89754 3.736646332
18.94924 3.7571091919999997
19.00094 3.777572052
19.05263 3.7980309540000006
19.10433 3.8184938140000004
19.15603 3.8389566740000003
19.20772 3.8594155759999995
19.25942 3.8798784359999994
19.31112 3.9003412959999997
19.36281 3.9208001980000002
19.41451 3.941263058
19.46621 3.961725918
19.5179 3.9821848200000005
19.5696 4.002647680000001
19.6213 4.023110540000001
19.67299 4.043569442
19.72469 4.064032301999999
19.77639 4.084495162
19.82808 4.104954064
19.87978 4.1254169240000005
19.93148 4.145879784
19.98317 4.1663386860000005
20.03487 4.172588534
20.08657 4.171978474
20.13826 4.171368532
20.18996 4.170758472
20.24166 4.170148412
20.29335 4.16953847
20.34505 4.16892841
20.39674 4.168318468
20.44844 4.167708408
20.50014 4.167098348
20.55183 4.166488406
20.60353 4.165878346
20.65523 4.165268286
20.70692 4.164658344
20.75862 4.164048284
20.81032 4.163438224
20.86201 4.162828282
20.91371 4.162218222
20.96541 4.161608162
21.0171 4.16099822
21.0688 4.16038816
21.1205 4.1597781
21.17219 4.159168158
21.22389 4.158558098
21.27559 4.157948038
21.32728 4.157338096
21.37898 4.156728036
21.43068 4.156117976
21.48237 4.155508034
21.53407 4.154897974
21.58577 4.154287914
21.63746 4.153677972
21.68916 4.153067912
21.74086 4.152457852
21.79255 4.15184791
21.84425 4.15123785
21.89594 4.150627908
21.94764 4.150017848
21.99934 4.1494077879999995
22.05103 4.148797846
22.10273 4.148187786
22.15443 4.147577726
22.20612 4.146967784
22.25782 4.146357724
22.30952 4.145747664
22.36121 4.145137722
22.41291 4.144527662
22.46461 4.143917602
22.5163 4.14330766
22.568 4.1426976
22.6197 4.14208754
22.67139 4.141477598
22.72309 4.140867538
22.77479 4.140257478
22.82648 4.139647536
22.87818 4.139037476
22.92988 4.138427416
22.98157 4.137817474
23.03327 4.137207414
23.08497 4.136597354
23.13666 4.1359874119999995
23.18836 4.135377352
23.24006 4.134767292
23.29175 4.13415735
23.34345 4.13354729
23.39514 4.132937348
23.44684 4.132327288
23.49854 4.131717228
23.55023 4.131107286
23.60193 4.130497226
23.65363 4.129887166
23.70532 4.129277224
23.75702 4.128667164
23.80872 4.128057104
23.86041 4.127447162
23.91211 4.126837102
23.96381 4.126227042
24.0155 4.1256170999999995
24.0672 4.12500704
24.1189 4.12439698
24.17059 4.123787038
24.22229 4.123176978
24.27399 4.1225669179999995
24.32568 4.121956976
24.37738 4.121346916
24.42908 4.120736856
24.48077 4.120126914
24.53247 4.119516854
24.58417 4.118906794
24.63586 4.118296852
24.68756 4.117686792
24.73926 4.117076732
24.79095 4.11646679
24.84265 4.11585673
24.89434 4.115246788
24.94604 4.114636728
24.99774 4.114026668
25.04943 4.113416726
25.10113 4.112806666
25.15283 4.1121966059999995
25.20452 4.111586664
25.25622 4.110976604
25.30792 4.110366544
25.35961 4.109756602
25.41131 4.1091465419999995
25.46301 4.108536482
25.5147 4.10792654
25.5664 4.10731648
25.6181 4.10670642
25.66979 4.1060964779999995
25.72149 4.105486418
25.77319 4.104876358
25.82488 4.104266416
25.87658 4.103656356
25.92828 4.103046296
25.97997 4.102436354
26.03167 4.101826293999999
26.08337 4.101216234
26.13506 4.100606292
26.18676 4.099996232
26.23846 4.099386172
26.29015 4.0987762299999995
26.34185 4.09816617
26.39354 4.097556228
26.44524 4.096946168
26.49694 4.096336108
26.54863 4.0957261659999995
26.60033 4.095116106
26.65203 4.094506046
26.70372 4.093896104
26.75542 4.093286044
26.80712 4.0926759839999995
26.85881 4.092066042
26.91051 4.091455982
26.96221 4.090845922
27.0139 4.09023598
27.0656 4.08962592
27.1173 4.08901586
27.16899 4.088405917999999
27.22069 4.087795858
27.27239 4.087185798
27.32408 4.086575856
27.37578 4.085965796
27.42748 4.0853557359999995
27.47917 4.084745794
27.53087 4.084135734
27.58257 4.083525674
27.63426 4.082915732
27.68596 4.0823056719999995
27.73766 4.081695612
27.78935 4.08108567
27.84105 4.08047561
27.89274 4.079865668
27.94444 4.0792556079999995
27.99614 4.078645548
28.04783 4.078035605999999
28.09953 4.077425546
28.15123 4.076815486
28.20292 4.076205544
28.25462 4.075595484
28.30632 4.074985423999999
28.35801 4.074375482
28.40971 4.073765422
28.46141 4.073155362
28.5131 4.07254542
28.5648 4.0719353599999994
28.6165 4.0713253
28.66819 4.070715358
28.71989 4.070105298
28.77159 4.069495238
28.82328 4.0688852959999995
28.87498 4.068275236
28.92668 4.067665175999999
28.97837 4.067055234
29.03007 4.066445174
29.08177 4.0658351139999995
29.13346 4.065225172
29.18516 4.064615111999999
29.23686 4.064005052
29.28855 4.06339511
29.34025 4.06278505
29.39194 4.062175108
29.44364 4.061565047999999
29.49534 4.060954988
29.54703 4.060345046
29.59873 4.059734986
29.65043 4.059124926
29.70212 4.058514983999999
29.75382 4.057904924
29.80552 4.057294863999999
29.85721 4.056684922
29.90891 4.056074862
29.96061 4.0554648019999995
30.0123 4.05432227
30.064 4.0514736
30.1157 4.04862493
30.16739 4.045776811
30.21909 4.042928141
30.27079 4.040079470999999
30.32248 4.037231352
30.37418 4.0343826819999995
30.42588 4.031534012
30.47757 4.028685893
30.52927 4.025837223
30.58097 4.022988552999999
30.63266 4.020140434
30.68436 4.017291763999999
30.73606 4.014443094
30.78775 4.0115949749999995
30.83945 4.008746305
30.89114 4.005898186
30.94284 4.003049516
30.99454 4.000200845999999
31.04623 3.9973527269999996
31.09793 3.9945040569999994
31.14963 3.9916553869999998
31.20132 3.988807268
31.25302 3.985958598
31.30472 3.9831099279999997
31.35641 3.980261809
31.40811 3.977413139
31.45981 3.9745644689999997
31.5115 3.9717163499999995
31.5632 3.96886768
31.6149 3.9660190099999997
31.66659 3.963170891
31.71829 3.9603222209999998
31.76999 3.9574735509999996
31.82168 3.954625432
31.87338 3.9517767619999997
31.92508 3.9489280919999996
31.97677 3.946079973
32.02847 3.9432313029999997
32.08017 3.9403826329999996
32.13186 3.9375345139999998
32.18356 3.9346858439999997
32.23526 3.931837174
32.28695 3.9289890549999997
32.33865 3.9261403849999996
32.39034 3.923292266
32.44204 3.9204435959999997
32.49374 3.9175949259999996
32.54543 3.9147468069999998
32.59713 3.9118981369999997
32.64883 3.909049467
32.70052 3.9062013479999997
32.75222 3.9033526779999996
32.80392 3.900504008
32.85561 3.8976558889999997
32.90731 3.8948072189999996
32.95901 3.891958549
33.0107 3.8891104299999997
33.0624 3.88626176
33.1141 3.88341309
33.16579 3.8805649709999996
33.21749 3.877716301
33.26919 3.874867631
33.32088 3.8720195119999996
33.37258 3.869170842
33.42428 3.866322172
33.47597 3.863474053
33.52767 3.860625383
33.57937 3.857776713
33.63106 3.854928594
33.68276 3.852079924
33.73446 3.8492312539999998
33.78615 3.846383135
33.83785 3.843534465
33.88954 3.840686346
33.94124 3.837837676
33.99294 3.834989006
34.04463 3.832140887
34.09633 3.829292217
34.14803 3.826443547
34.19972 3.823595428
34.25142 3.820746758
34.30312 3.8178980879999997
34.35481 3.815049969
34.40651 3.812201299
34.45821 3.8093526289999997
34.5099 3.80650451
34.5616 3.80365584
34.6133 3.8008071699999997
34.66499 3.797959051
34.71669 3.7951103809999998
34.76839 3.792261711
34.82008 3.789413592
34.87178 3.7865649219999997
34.92348 3.783716252
34.97517 3.780868133
35.02687 3.7780194629999997
35.07857 3.775170793
35.13026 3.7723226739999998
35.18196 3.769474004
35.23366 3.766625334
35.28535 3.7637772149999997
35.33705 3.760928545
35.38874 3.758080426
35.44044 3.7552317559999997
35.49214 3.752383086
35.54383 3.7495349669999998
35.59553 3.746686297
35.64723 3.743837627
35.69892 3.7409895079999997
35.75062 3.738140838
35.80232 3.735292168
35.85401 3.7324440489999997
35.90571 3.729595379
35.95741 3.7267467089999995
36.0091 3.72389859
36.0608 3.72104992
36.1125 3.71820125
36.16419 3.715353131
36.21589 3.712504461
36.26759 3.709655791
36.31928 3.706807672
36.37098 3.703959002
36.42268 3.701110332
36.47437 3.698262213
36.52607 3.695413543
36.57777 3.692564873
36.62946 3.689716754
36.68116 3.686868084
36.73286 3.6840194139999998
36.78455 3.681171295
36.83625 3.678322625
36.88794 3.675474506
36.93964 3.672625836
36.99134 3.669777166
37.04303 3.666929047
37.09473 3.664080377
37.14643 3.661231707
37.19812 3.658383588
37.24982 3.655534918
37.30152 3.652686248
37.35321 3.649838129
37.40491 3.646989459
37.45661 3.644140789
37.5083 3.64129267
37.56 3.638444
37.6117 3.63559533
37.66339 3.632747211
37.71509 3.629898541
37.76679 3.627049871
37.81848 3.624201752
37.87018 3.621353082
37.92188 3.618504412
37.97357 3.615656293
38.02527 3.612807623
38.07697 3.6099589529999996
38.12866 3.6071108339999998
38.18036 3.604262164
38.23206 3.601413494
38.28375 3.598565375
38.33545 3.595716705
38.38714 3.592868586
38.43884 3.590019916
38.49054 3.5871712459999996
38.54223 3.5843231269999998
38.59393 3.581474457
38.64563 3.578625787
38.69732 3.575777668
38.74902 3.572928998
38.80072 3.570080328
38.85241 3.567232209
38.90411 3.5643835389999996
38.95581 3.561534869
39.0075 3.55868675
39.0592 3.55583808
39.1109 3.55298941
39.16259 3.550141291
39.21429 3.547292621
39.26599 3.544443951
39.31768 3.5415958319999996
39.36938 3.538747162
39.42108 3.535898492
39.47277 3.533050373
39.52447 3.530201703
39.57617 3.5273530330000002
39.62786 3.524504914
39.67956 3.521656244
39.73126 3.518807574
39.78295 3.515959455
39.83465 3.513110785
39.88634 3.510262666
39.93804 3.507413996
39.98974 3.5045653260000003
40.04143 3.507394498
40.09313 3.5116304513333336
40.14483 3.515866404666667
40.19652 3.5201015386666668
40.24822 3.5243374920000003
40.29992 3.5285734453333335
40.35161 3.5328085793333335
40.40331 3.5370445326666666
40.45501 3.5412804860000002
40.5067 3.54551562
40.5584 3.5497515733333334
40.6101 3.553987526666667
40.66179 3.558222660666667
40.71349 3.562458614
40.76519 3.5666945673333332
40.81688 3.570929701333333
40.86858 3.575165654666667
40.92028 3.579401608
40.97197 3.583636742
41.02367 3.5878726953333335
41.07537 3.5921086486666667
41.12706 3.5963437826666667
41.17876 3.600579736
41.23046 3.6048156893333334
41.28215 3.6090508233333334
41.33385 3.6132867766666665
41.38554 3.6175219106666665
41.43724 3.621757864
41.48894 3.6259938173333333
41.54063 3.6302289513333332
41.59233 3.6344649046666664
41.64403 3.638700858
41.69572 3.642935992
41.74742 3.647171945333333
41.79912 3.6514078986666667
41.85081 3.655643032666667
41.90251 3.659878986
41.95421 3.6641149393333334
42.0059 3.668350073333333
42.0576 3.6725860266666666
42.1093 3.6768219799999997
42.16099 3.6810571139999997
42.21269 3.6852930673333337
42.26439 3.6895290206666664
42.31608 3.693764154666667
42.36778 3.6980001080000005
42.41948 3.702236061333333
42.47117 3.7064711953333336
42.52287 3.7107071486666663
42.57457 3.7149431020000003
42.62626 3.7191782360000003
42.67796 3.7234141893333335
42.72966 3.727650142666667
42.78135 3.731885276666667
42.83305 3.73612123
42.88474 3.740356364
42.93644 3.7445923173333333
42.98814 3.748828270666667
43.03983 3.753063404666667
43.09153 3.757299358
43.14323 3.7615353113333336
43.19492 3.7657704453333336
43.24662 3.7700063986666668
43.29832 3.774242352
43.35001 3.778477486
43.40171 3.7827134393333335
43.45341 3.7869493926666666
43.5051 3.7911845266666666
43.5568 3.79542048
43.6085 3.7996564333333334
43.66019 3.8038915673333333
43.71189 3.8081275206666665
43.76359 3.812363474
43.81528 3.816598608
43.86698 3.820834561333333
43.91868 3.825070514666667
43.97037 3.829305648666667
44.02207 3.833541602
44.07377 3.8377775553333335
44.12546 3.842012689333333
44.17716 3.8462486426666667
44.22886 3.850484596
44.28055 3.85471973
44.33225 3.8589556833333334
44.38394 3.863190817333334
44.43564 3.8674267706666665
44.48734 3.871662724
44.53903 3.8758978579999996
44.59073 3.8801338113333337
44.64243 3.8843697646666664
44.69412 3.8886048986666664
44.74582 3.8928408520000004
44.79752 3.897076805333333
44.84921 3.9013119393333335
44.90091 3.905547892666667
44.95261 3.909783846
45.0043 3.9140189800000003
45.056 3.9182549333333334
45.1077 3.922490886666667
45.15939 3.926726020666667
45.21109 3.930961974
45.26279 3.9351979273333337
45.31448 3.9394330613333337
45.36618 3.943669014666667
45.41788 3.9479049679999996
45.46957 3.952140102
45.52127 3.9563760553333336
45.57297 3.9606120086666667
45.62466 3.9648471426666667
45.67636 3.9690830960000003
45.72806 3.9733190493333335
45.77975 3.9775541833333334
45.83145 3.9817901366666666
45.88314 3.9860252706666666
45.93484 3.990261224
45.98654 3.9944971773333333
46.03823 3.9987323113333333
46.08993 4.002968264666667
46.14163 4.007204218
46.19332 4.011439352
46.24502 4.015675305333334
46.29672 4.019911258666667
46.34841 4.024146392666667
46.40011 4.028382346
46.45181 4.0326182993333335
46.5035 4.0368534333333335
46.5552 4.041089386666667
46.6069 4.045325340000001
46.65859 4.049560474
46.71029 4.053796427333333
46.76199 4.058032380666667
46.81368 4.062267514666667
46.86538 4.0665034680000005
46.91708 4.070739421333333
46.96877 4.074974555333333
47.02047 4.079210508666667
47.07217 4.083446462
47.12386 4.087681596
47.17556 4.091917549333333
47.22726 4.096153502666667
47.27895 4.100388636666667
47.33065 4.10462459
47.38234 4.108859724
47.43404 4.113095677333334
47.48574 4.1173316306666665
47.53743 4.1215667646666665
47.58913 4.125802718
47.64083 4.130038671333334
47.69252 4.134273805333334
47.74422 4.138509758666666
47.79592 4.142745712
47.84761 4.146980846
47.89931 4.1512167993333335
47.95101 4.155452752666666
48.0027 4.159687886666666
48.0544 4.16392384
48.1061 4.168159793333333
48.15779 4.172394927333333
48.20949 4.176630880666667
48.26119 4.180866834
48.31288 4.185101968
48.36458 4.189337921333333
48.41628 4.193573874666667
48.46797 4.197809008666667
48.51967 4.2020449619999996
48.57137 4.206280915333334
48.62306 4.210516049333334
48.67476 4.214752002666667
48.72646 4.218987956
48.77815 4.223223089999999
48.82985 4.227459043333333
48.88154 4.231694177333334
48.93324 4.235930130666667
48.98494 4.240166084
49.03663 4.244401218
49.08833 4.248637171333334
49.14003 4.252873124666667
49.19172 4.257108258666666
49.24342 4.261344212
49.29512 4.265580165333333
49.34681 4.269815299333334
49.39851 4.274051252666667
49.45021 4.278287206
49.5019 4.28252234
49.5536 4.2867582933333335
49.6053 4.290994246666667
49.65699 4.295229380666667
49.70869 4.299465334
49.76039 4.303701287333333
49.81208 4.307936421333333
49.86378 4.312172374666667
49.91548 4.3164083280000005
49.96717 4.3206434620000005
50.01887 4.324879415333333
50.07057 4.329115368666667
50.12226 4.333350502666667
50.17396 4.337586456
50.22566 4.341822409333333
50.27735 4.346057543333333
50.32905 4.350293496666667
50.38074 4.3545286306666675
50.43244 4.358764584
50.48414 4.363000537333333
50.53583 4.367235671333333
50.58753 4.3714716246666665
50.63923 4.375707578
50.69092 4.379942712
50.74262 4.384178665333334
50.79432 4.388414618666666
50.84601 4.392649752666667
50.89771 4.396885706
50.94941 4.4011216593333335
51.0011 4.4053567933333335
51.0528 4.409592746666666
51.1045 4.4138287
51.15619 4.418063834000001
51.20789 4.422299787333333
51.25959 4.426535740666667
51.31128 4.430770874666667
51.36298 4.435006828000001
51.41468 4.439242781333333
51.46637 4.443477915333333
51.51807 4.447713868666667
51.56977 4.451949822
51.62146 4.456184956
51.67316 4.460420909333334
51.72486 4.464656862666667
51.77655 4.468891996666667
51.82825 4.47312795
51.87994 4.477363084
51.93164 4.481599037333334
51.98334 4.485834990666667
52.03503 4.4900701246666666
52.08673 4.494306078
52.13843 4.498542031333334
52.19012 4.502777165333334
52.24182 4.507013118666666
52.29352 4.511249072
52.34521 4.515484206
52.39691 4.519720159333334
52.44861 4.523956112666667
52.5003 4.528191246666667
52.552 4.5324272
52.6037 4.5366631533333335
52.65539 4.5408982873333334
52.70709 4.545134240666667
52.75879 4.549370194
52.81048 4.553605328
52.86218 4.557841281333333
52.91388 4.562077234666667
52.96557 4.566312368666667
53.01727 4.5705483220000005
53.06897 4.574784275333333
53.12066 4.579019409333334
53.17236 4.583255362666667
53.22406 4.587491316
53.27575 4.59172645
53.32745 4.595962403333333
53.37914 4.600197537333333
53.43084 4.604433490666667
53.48254 4.608669444
53.53423 4.612904578
53.58593 4.617140531333334
53.63763 4.621376484666667
53.68932 4.625611618666667
53.74102 4.629847572
53.79272 4.634083525333334
53.84441 4.638318659333334
53.89611 4.642554612666666
53.94781 4.646790566
53.9995 4.6510257
54.0512 4.6552616533333335
54.1029 4.659497606666667
54.15459 4.663732740666667
54.20629 4.667968694000001
54.25799 4.672204647333333
54.30968 4.676439781333333
54.36138 4.680675734666666
54.41308 4.684911688
54.46477 4.6891468220000005
54.51647 4.693382775333333
54.56817 4.697618728666667
54.61986 4.701853862666667
54.67156 4.706089816
54.72326 4.710325769333334
54.77495 4.714560903333333
54.82665 4.718796856666667
54.87834 4.723031990666667
54.93004 4.727267944
54.98174 4.731503897333334
55.03343 4.735739031333334
55.08513 4.739974984666667
55.13683 4.744210938
55.18852 4.748446072
55.24022 4.752682025333334
55.29192 4.756917978666666
55.34361 4.761153112666666
55.39531 4.765389066
55.44701 4.769625019333334
55.4987 4.773860153333334
55.5504 4.778096106666667
55.6021 4.78233206
55.65379 4.786567194
55.70549 4.7908031473333335
55.75719 4.795039100666667
55.80888 4.799274234666667
55.86058 4.803510188000001
55.91228 4.807746141333334
55.96397 4.811981275333334
56.01567 4.816217228666667
56.06737 4.820453182
56.11906 4.824688316
56.17076 4.828924269333333
56.22246 4.833160222666667
56.27415 4.837395356666667
56.32585 4.84163131
56.37754 4.845866444
56.42924 4.850102397333334
56.48094 4.854338350666667
56.53263 4.858573484666667
56.58433 4.862809438
56.63603 4.867045391333333
56.68772 4.871280525333333
56.73942 4.875516478666667
56.79112 4.879752432
56.84281 4.883987566
56.89451 4.888223519333334
56.94621 4.892459472666667
56.9979 4.896694606666667
57.0496 4.90093056
57.1013 4.9051665133333335
57.15299 4.9094016473333335
57.20469 4.913637600666667
57.25639 4.917873554000001
57.30808 4.922108688
57.35978 4.926344641333333
57.41148 4.930580594666667
57.46317 4.934815728666667
57.51487 4.9390516820000006
57.56657 4.943287635333333
57.61826 4.947522769333333
57.66996 4.951758722666667
57.72166 4.955994676
57.77335 4.96022981
57.82505 4.964465763333333
57.87674 4.968700897333333
57.92844 4.972936850666667
57.98014 4.977172804
58.03183 4.981407938
58.08353 4.985643891333334
58.13523 4.989879844666667
58.18692 4.994114978666667
58.23862 4.998350932
58.29032 5.002586885333334
58.34201 5.006822019333334
58.39371 5.011057972666666
58.44541 5.015293926
58.4971 5.01952906
58.5488 5.023765013333334
58.6005 5.028000966666666
58.65219 5.032236100666667
58.70389 5.036472054000001
58.75559 5.0407080073333335
58.80728 5.044943141333333
58.85898 5.049179094666667
58.91068 5.053415048
58.96237 5.057650182
59.01407 5.061886135333333
59.06577 5.066122088666667
59.11746 5.070357222666667
59.16916 5.0745931760000005
59.22086 5.078829129333334
59.27255 5.083064263333334
59.32425 5.087300216666667
59.37594 5.091535350666667
59.42764 5.0957713039999994
59.47934 5.100007257333333
59.53103 5.104242391333334
59.58273 5.108478344666667
59.63443 5.112714298
59.68612 5.116949432
59.73782 5.121185385333334
59.78952 5.125421338666667
59.84121 5.1296564726666665
59.89291 5.133892426
59.94461 5.138128379333334
59.9963 5.142363513333334
60.048 5.146599466666667
60.0997 5.15083542
60.15139 5.155070554
60.20309 5.1593065073333335
60.25479 5.163542460666667
60.30648 5.167777594666667
60.35818 5.172013548
60.40988 5.176249501333333
60.46157 5.180484635333334
60.51327 5.184720588666667
60.56497 5.188956542000001
60.61666 5.1931916760000005
60.66836 5.197427629333333
60.72006 5.201663582666667
60.77175 5.205898716666667
60.82345 5.21013467
60.87514 5.214369804
60.92684 5.218605757333334
60.97854 5.222841710666668
61.03023 5.2270768446666676
61.08193 5.231312798
61.13363 5.235548751333333
61.18532 5.239783885333333
61.23702 5.2440198386666665
61.28872 5.248255792
61.34041 5.252490926
61.39211 5.256726879333334
61.44381 5.260962832666667
61.4955 5.265197966666667
61.5472 5.26943392
61.5989 5.273669873333334
61.65059 5.277905007333334
61.70229 5.282140960666666
61.75399 5.286376914
61.80568 5.290612048000001
61.85738 5.294848001333333
61.90908 5.299083954666667
61.96077 5.303319088666667
62.01247 5.307555042000001
62.06417 5.311790995333333
62.11586 5.316026129333333
62.16756 5.320262082666667
62.21926 5.324498036
62.27095 5.3287331700000005
62.32265 5.332969123333334
62.37434 5.337204257333333
62.42604 5.341440210666667
62.47774 5.345676164
62.52943 5.349911298
62.58113 5.354147251333334
62.63283 5.358383204666667
62.68452 5.362618338666667
62.73622 5.366854292
62.78792 5.371090245333334
62.83961 5.375325379333334
62.89131 5.3795613326666665
62.94301 5.383797286
62.9947 5.38803242
63.0464 5.392268373333334
63.0981 5.396504326666667
63.14979 5.400739460666667
63.20149 5.404975414
63.25319 5.4092113673333335
63.30488 5.4134465013333335
63.35658 5.417682454666667
63.40828 5.421918408
63.45997 5.426153542
63.51167 5.430389495333333
63.56337 5.434625448666667
63.61506 5.438860582666667
63.66676 5.443096536
63.71846 5.447332489333334
63.77015 5.451567623333334
63.82185 5.455803576666667
63.87354 5.460038710666667
63.92524 5.464274664
63.97694 5.468510617333333
64.02863 5.472745751333334
64.08033 5.476981704666667
64.13203 5.481217658
64.18372 5.485452792
64.23542 5.489688745333334
64.28712 5.493924698666667
64.33881 5.4981598326666665
64.39051 5.502395786000001
64.44221 5.506631739333334
64.4939 5.510866873333333
64.5456 5.515102826666666
64.5973 5.51933878
64.64899 5.523573914
64.70069 5.527809867333334
64.75239 5.532045820666667
64.80408 5.536280954666667
64.85578 5.540516908
64.90748 5.544752861333334
64.95917 5.548987995333333
65.01087 5.553223948666666
65.06257 5.557459902
65.11426 5.561695036000001
65.16596 5.565930989333333
65.21766 5.570166942666667
65.26935 5.574402076666667
65.32105 5.5786380300000005
65.37274 5.5828731639999996
65.42444 5.587109117333334
65.47614 5.591345070666668
65.52783 5.595580204666666
65.57953 5.599816158000001
65.63123 5.604052111333334
65.68292 5.608287245333333
65.73462 5.6125231986666675
65.78632 5.616759152
65.83801 5.620994286
65.88971 5.625230239333334
65.94141 5.629466192666667
65.9931 5.633701326666667
66.0448 5.63793728
66.0965 5.6421732333333345
66.14819 5.646408367333334
66.19989 5.650644320666666
66.25159 5.654880274
66.30328 5.659115408
66.35498 5.6633513613333335
66.40668 5.667587314666667
66.45837 5.671822448666667
66.51007 5.676058402000001
66.56177 5.680294355333333
66.61346 5.684529489333334
66.66516 5.688765442666667
66.71686 5.693001396
66.76855 5.6972365300000005
66.82025 5.701472483333333
66.87194 5.705707617333333
66.92364 5.709943570666667
66.97534 5.714179524
67.02703 5.718414658
67.07873 5.722650611333333
67.13043 5.726886564666668
67.18212 5.731121698666667
67.23382 5.735357651999999
67.28552 5.739593605333334
67.33721 5.743828739333333
67.38891 5.7480646926666665
67.44061 5.752300646000001
67.4923 5.75653578
67.544 5.760771733333334
67.5957 5.765007686666666
67.64739 5.769242820666667
67.69909 5.773478774
67.75079 5.777714727333333
67.80248 5.781949861333334
67.85418 5.786185814666667
67.90588 5.790421768
67.95757 5.794656902000001
68.00927 5.798892855333333
68.06097 5.803128808666667
68.11266 5.807363942666667
68.16436 5.811599896000001
68.21606 5.815835849333334
68.26775 5.820070983333334
68.31945 5.824306936666668
68.37114 5.828542070666667
68.42284 5.832778024
68.47454 5.837013977333334
68.52623 5.841249111333333
68.57793 5.845485064666667
68.62963 5.849721018
68.68132 5.853956152
68.73302 5.858192105333334
68.78472 5.862428058666667
68.83641 5.8666631926666675
68.88811 5.870899146
68.93981 5.875135099333333
68.9915 5.879370233333334
69.0432 5.8836061866666665
69.0949 5.88784214
69.14659 5.892077274
69.19829 5.896313227333334
69.24999 5.900549180666667
69.30168 5.904784314666667
69.35338 5.909020268000001
69.40508 5.9132562213333335
69.45677 5.917491355333334
69.50847 5.921727308666667
69.56017 5.925963262
69.61186 5.930198396
69.66356 5.934434349333333
69.71526 5.938670302666667
69.76695 5.942905436666667
69.81865 5.9471413900000005
69.87034 5.9513765240000005
69.92204 5.955612477333333
69.97374 5.959848430666668
70.02543 5.964083564666667
70.07713 5.9683195179999995
70.12883 5.972555471333333
70.18052 5.976790605333334
70.23222 5.981026558666667
70.28392 5.985262512
70.33561 5.989497646
70.38731 5.993733599333334
70.43901 5.9979695526666665
70.4907 6.002204686666667
70.5424 6.006440640000001
70.5941 6.010676593333333
70.64579 6.014911727333335
70.69749 6.019147680666667
70.74919 6.023383634
70.80088 6.027618768000001
70.85258 6.031854721333334
70.90428 6.036090674666667
70.95597 6.040325808666667
71.00767 6.044561762000001
71.05937 6.048797715333334
71.11106 6.053032849333333
71.16276 6.057268802666668
71.21446 6.061504756000001
71.26615 6.06573989
71.31785 6.069975843333334
71.36954 6.074210977333333
71.42124 6.078446930666667
71.47294 6.0826828840000005
71.52463 6.086918018
71.57633 6.091153971333334
71.62803 6.095389924666667
71.67972 6.099625058666668
71.73142 6.103861012
71.78312 6.108096965333333
71.83481 6.112332099333334
71.88651 6.116568052666667
71.93821 6.120804006
71.9899 6.12503914
72.0416 6.129275093333334
72.0933 6.133511046666667
72.14499 6.137746180666667
72.19669 6.141982134000001
72.24839 6.146218087333334
72.30008 6.150453221333333
72.35178 6.154689174666668
72.40348 6.158925128
72.45517 6.163160262
72.50687 6.167396215333334
72.55857 6.171632168666667
72.61026 6.175867302666667
72.66196 6.180103256
72.71366 6.184339209333334
72.76535 6.188574343333333
72.81705 6.192810296666666
72.86874 6.197045430666668
72.92044 6.2012813840000005
72.97214 6.205517337333333
73.02383 6.209752471333334
73.07553 6.213988424666667
73.12723 6.218224378
73.17892 6.222459512
73.23062 6.226695465333334
73.28232 6.2309314186666676
73.33401 6.2351665526666675
73.38571 6.239402506000001
73.43741 6.243638459333334
73.4891 6.247873593333333
73.5408 6.252109546666667
73.5925 6.2563455
73.64419 6.260580634
73.69589 6.264816587333334
73.74759 6.269052540666667
73.79928 6.273287674666667
73.85098 6.277523628000001
73.90268 6.2817595813333345
73.95437 6.2859947153333335
74.00607 6.290230668666666
74.05777 6.294466622000001
74.10946 6.298701756
74.16116 6.302937709333333
74.21286 6.307173662666667
74.26455 6.311408796666667
74.31625 6.315644750000001
74.36794 6.319879884000001
74.41964 6.324115837333334
74.47134 6.328351790666667
74.52303 6.332586924666668
74.57473 6.336822878
74.62643 6.341058831333333
74.67812 6.345293965333335
74.72982 6.349529918666667
74.78152 6.353765872
74.83321 6.358001006
74.88491 6.362236959333334
74.93661 6.3664729126666675
74.9883 6.370708046666667
75.04 6.374944000000001
75.0917 6.379179953333334
75.14339 6.383415087333333
75.19509 6.3876510406666664
75.24679 6.391886994000001
75.29848 6.396122128
75.35018 6.400358081333334
75.40188 6.404594034666667
75.45357 6.408829168666667
75.50527 6.413065122
75.55697 6.417301075333334
75.60866 6.421536209333334
75.66036 6.425772162666666
75.71206 6.430008116
75.76375 6.434243250000001
75.81545 6.438479203333333
75.86714 6.442714337333334
75.91884 6.446950290666667
75.97054 6.4511862440000005
76.02223 6.4554213780000005
76.07393 6.459657331333334
76.12563 6.463893284666668
76.17732 6.468128418666667
76.22902 6.472364372000001
76.28072 6.476600325333334
76.33241 6.480835459333333
76.38411 6.4850714126666675
76.43581 6.489307366
76.4875 6.4935425
76.5392 6.497778453333334
76.5909 6.502014406666667
76.64259 6.506249540666667
76.69429 6.510485494
76.74599 6.514721447333335
76.79768 6.518956581333334
76.84938 6.523192534666666
76.90108 6.527428488
76.95277 6.531663622
77.00447 6.5358995753333335
77.05617 6.540135528666667
77.10786 6.544370662666667
77.15956 6.548606616000001
77.21126 6.552842569333333
77.26295 6.557077703333334
77.31465 6.561313656666667
77.36634 6.565548790666666
77.41804 6.5697847440000015
77.46974 6.574020697333333
77.52143 6.578255831333333
77.57313 6.582491784666668
77.62483 6.586727738
77.67652 6.590962872
77.72822 6.595198825333333
77.77992 6.599434778666668
77.83161 6.603669912666667
77.88331 6.607905865999999
77.93501 6.612141819333335
77.9867 6.616376953333334
78.0384 6.620612906666667
78.0901 6.624848860000001
78.14179 6.629083994
78.19349 6.633319947333334
78.24519 6.6375559006666665
78.29688 6.641791034666667
78.34858 6.646026988000001
78.40028 6.650262941333333
78.45197 6.6544980753333345
78.50367 6.658734028666667
78.55537 6.662969982
78.60706 6.667205116000001
78.65876 6.6714410693333335
78.71046 6.675677022666667
78.76215 6.679912156666667
78.81385 6.684148110000001
78.86554 6.688383244000001
78.91724 6.692619197333334
78.96894 6.696855150666668
79.02063 6.701090284666667
79.07233 6.705326238
79.12403 6.709562191333334
79.17572 6.713797325333333
79.22742 6.718033278666667
79.27912 6.722269232
79.33081 6.726504366
79.38251 6.730740319333334
79.43421 6.734976272666667
79.4859 6.7392114066666675
79.5376 6.74344736
79.5893 6.747683313333333
79.64099 6.751918447333334
79.69269 6.7561544006666665
79.74439 6.760390354
79.79608 6.764625488
79.84778 6.768861441333334
79.89948 6.773097394666667
79.95117 6.777332528666667
80.00287 6.781568482000001
80.05457 6.7858044353333336
80.10626 6.790039569333334
80.15796 6.794275522666667
80.20966 6.798511476
80.26135 6.80274661
80.31305 6.806982563333334
80.36474 6.811217697333333
80.41644 6.815453650666667
80.46814 6.819689604000001
80.51983 6.8239247380000005
80.57153 6.828160691333333
80.62323 6.832396644666668
80.67492 6.836631778666668
80.72662 6.8408677319999995
80.77832 6.845103685333333
80.83001 6.849338819333334
80.88171 6.853574772666667
80.93341 6.857810726
80.9851 6.86204586
81.0368 6.866281813333334
81.0885 6.8705177666666675
81.14019 6.874752900666667
81.19189 6.878988854000001
81.24359 6.883224807333334
81.29528 6.887459941333335
81.34698 6.891695894666667
81.39868 6.895931848
81.45037 6.900166982000001
81.50207 6.904402935333334
81.55377 6.908638888666667
81.60546 6.912874022666667
81.65716 6.917109976000001
81.70886 6.921345929333334
81.76055 6.9255810633333335
81.81225 6.929817016666668
81.86394 6.934052150666667
81.91564 6.938288104
81.96734 6.942524057333333
82.01903 6.946759191333333
82.07073 6.950995144666667
82.12243 6.9552310980000005
82.17412 6.9594662320000005
82.22582 6.963702185333334
82.27752 6.967938138666667
82.32921 6.972173272666668
82.38091 6.976409226
82.43261 6.980645179333333
82.4843 6.984880313333335
82.536 6.989116266666667
82.5877 6.99335222
82.63939 6.997587354000001
82.69109 7.001823307333334
82.74279 7.006059260666667
82.79448 7.0102943946666665
82.84618 7.014530348000001
82.89788 7.018766301333334
82.94957 7.023001435333333
83.00127 7.027237388666668
83.05297 7.031473342000001
83.10466 7.035708476
83.15636 7.039944429333334
83.20806 7.044180382666667
83.25975 7.048415516666667
83.31145 7.05265147
83.36314 7.056886604000001
83.41484 7.061122557333334
83.46654 7.065358510666666
83.51823 7.069593644666668
83.56993 7.0738295980000006
83.62163 7.078065551333333
83.67332 7.082300685333334
83.72502 7.086536638666667
83.77672 7.090772592
83.82841 7.095007726
83.88011 7.099243679333334
83.93181 7.103479632666668
83.9835 7.107714766666668
84.0352 7.111950720000001
84.0869 7.116186673333334
84.13859 7.120421807333333
84.19029 7.1246577606666674
84.24199 7.128893714
84.29368 7.133128848
84.34538 7.137364801333334
84.39708 7.141600754666667
84.44877 7.145835888666667
84.50047 7.150071842000001
84.55217 7.1543077953333345
84.60386 7.158542929333334
84.65556 7.162778882666666
84.70726 7.167014836000001
84.75895 7.17124997
84.81065 7.1754859233333335
84.86234 7.179721057333333
84.91404 7.183957010666667
84.96574 7.188192964000001
85.01743 7.192428098000001
85.06913 7.196664051333334
85.12083 7.200900004666667
85.17252 7.205135138666668
85.22422 7.2093710920000005
85.27592 7.213607045333333
85.32761 7.217842179333335
85.37931 7.222078132666668
85.43101 7.226314086
85.4827 7.23054922
85.5344 7.234785173333334
85.5861 7.2390211266666675
85.63779 7.243256260666667
85.68949 7.247492214000001
85.74119 7.251728167333335
85.79288 7.255963301333334
85.84458 7.2601992546666665
85.89628 7.264435208000001
85.94797 7.268670342
85.99967 7.272906295333334
86.05137 7.277142248666667
86.10306 7.281377382666667
86.15476 7.285613336000001
86.20646 7.289849289333334
86.25815 7.294084423333334
86.30985 7.298320376666667
86.36154 7.302555510666668
86.41324 7.306791464000001
86.46494 7.311027417333333
86.51663 7.315262551333334
86.56833 7.319498504666667
86.62003 7.323734458000001
86.67172 7.3279695920000005
86.72342 7.332205545333334
86.77512 7.336441498666668
86.82681 7.340676632666667
86.87851 7.344912586000001
86.93021 7.349148539333334
86.9819 7.353383673333333
87.0336 7.357619626666668
87.0853 7.36185558
87.13699 7.366090714
87.18869 7.370326667333334
87.24039 7.3745626206666675
87.29208 7.378797754666667
87.34378 7.383033708
87.39548 7.387269661333335
87.44717 7.391504795333334
87.49887 7.395740748666666
87.55057 7.399976702
87.60226 7.404211836
87.65396 7.408447789333334
87.70566 7.412683742666667
87.75735 7.416918876666667
87.80905 7.421154830000001
87.86074 7.425389964000001
87.91244 7.429625917333334
87.96414 7.433861870666667
88.01583 7.438097004666666
88.06753 7.4423329580000015
88.11923 7.446568911333334
88.17092 7.450804045333333
88.22262 7.455039998666668
88.27432 7.4592759520000005
88.32601 7.4635110860000005
88.37771 7.467747039333333
88.42941 7.471982992666668
88.4811 7.476218126666668
88.5328 7.4804540799999995
88.5845 7.484690033333335
88.63619 7.488925167333334
88.68789 7.493161120666667
88.73959 7.497397074000001
88.79128 7.501632208
88.84298 7.505868161333334
88.89468 7.510104114666667
88.94637 7.514339248666667
88.99807 7.518575202000001
89.04977 7.522811155333333
89.10146 7.5270462893333345
89.15316 7.531282242666666
89.20486 7.535518196
89.25655 7.539753330000002
89.30825 7.5439892833333335
89.35994 7.5482244173333335
89.41164 7.552460370666667
89.46334 7.556696324000001
89.51503 7.560931458000001
89.56673 7.565167411333334
89.61843 7.569403364666668
89.67012 7.573638498666668
89.72182 7.577874452
89.77352 7.582110405333335
89.82521 7.586345539333333
89.87691 7.590581492666667
89.92861 7.594817446
89.9803 7.59905258
90.032 7.603288533333334
90.0837 7.607524486666666
90.13539 7.611759620666668
90.18709 7.615995574000001
90.23879 7.620231527333333
90.29048 7.624466661333335
90.34218 7.6287026146666665
90.39388 7.632938568
90.44557 7.637173702
90.49727 7.641409655333334
90.54897 7.645645608666667
90.60066 7.649880742666667
90.65236 7.654116696000001
90.70406 7.6583526493333345
90.75575 7.6625877833333345
90.80745 7.666823736666668
90.85914 7.671058870666666
90.91084 7.675294824
90.96254 7.6795307773333334
91.01423 7.683765911333333
91.06593 7.688001864666667
91.11763 7.692237818000001
91.16932 7.696472952000001
91.22102 7.700708905333334
91.27272 7.704944858666668
91.32441 7.709179992666668
91.37611 7.713415946
91.42781 7.717651899333333
91.4795 7.721887033333333
91.5312 7.726122986666667
91.5829 7.73035894
91.63459 7.734594074
91.68629 7.738830027333334
91.73799 7.7430659806666675
91.78968 7.7473011146666675
91.84138 7.751537068000001
91.89308 7.755773021333333
91.94477 7.760008155333335
91.99647 7.764244108666668
92.04817 7.768480062
92.09986 7.772715196000002
92.15156 7.776951149333334
92.20326 7.781187102666667
92.25495 7.785422236666667
92.30665 7.789658190000001
92.35834 7.793893324000001
92.41004 7.798129277333334
92.46174 7.802365230666668
92.51343 7.806600364666668
92.56513 7.810836318
92.61683 7.815072271333333
92.66852 7.819307405333333
92.72022 7.823543358666667
92.77192 7.8277793120000005
92.82361 7.8320144460000005
92.87531 7.836250399333334
92.92701 7.840486352666668
92.9787 7.844721486666668
93.0304 7.848957440000001
93.0821 7.853193393333333
93.13379 7.857428527333335
93.18549 7.861664480666667
93.23719 7.865900434
93.28888 7.870135568
93.34058 7.874371521333334
93.39228 7.878607474666667
93.44397 7.882842608666667
93.49567 7.887078562000001
93.54737 7.891314515333335
93.59906 7.895549649333333
93.65076 7.899785602666668
93.70246 7.904021556
93.75415 7.90825669
93.80585 7.912492643333334
93.85754 7.9167277773333335
93.90924 7.920963730666667
93.96094 7.925199684000001
94.01263 7.929434818000001
94.06433 7.933670771333334
94.11603 7.937906724666666
94.16772 7.942141858666668
94.21942 7.946377812
94.27112 7.950613765333333
94.32281 7.954848899333335
94.37451 7.959084852666667
94.42621 7.9633208060000005
94.4779 7.9675559400000004
94.5296 7.971791893333334
94.5813 7.976027846666668
94.63299 7.980262980666668
94.68469 7.984498934000001
94.73639 7.988734887333335
94.78808 7.992970021333333
94.83978 7.997205974666668
94.89148 8.001441928
94.94317 8.005677062
94.99487 8.009913015333334
95.04657 8.014148968666667
95.09826 8.018384102666667
95.14996 8.022620056
95.20166 8.026856009333335
95.25335 8.031091143333335
95.30505 8.035327096666666
95.35674 8.039562230666668
95.40844 8.043798184
95.46014 8.048034137333334
95.51183 8.052269271333333
95.56353 8.056505224666667
95.61523 8.060741178
95.66692 8.064976312
95.71862 8.069212265333334
95.77032 8.073448218666668
95.82201 8.077683352666668
95.87371 8.081919306000001
95.92541 8.086155259333333
95.9771 8.090390393333333
96.0288 8.094626346666667
96.0805 8.0988623
96.13219 8.103097434
96.18389 8.107333387333334
96.23559 8.111569340666668
96.28728 8.115804474666668
96.33898 8.120040428000001
96.39068 8.124276381333335
96.44237 8.128511515333333
96.49407 8.132747468666667
96.54577 8.136983422
96.59746 8.141218556
96.64916 8.145454509333334
96.70086 8.149690462666667
96.75255 8.153925596666667
96.80425 8.15816155
96.85594 8.162396684
96.90764 8.166632637333334
96.95934 8.170868590666666
97.01103 8.175103724666668
97.06273 8.179339678000002
97.11443 8.183575631333333
97.16612 8.187810765333335
97.21782 8.192046718666667
97.26952 8.196282672
97.32121 8.200517806
97.37291 8.204753759333334
97.42461 8.208989712666668
97.4763 8.213224846666668
97.528 8.217460800000001
97.5797 8.221696753333335
97.63139 8.225931887333333
97.68309 8.230167840666669
97.73479 8.234403794
97.78648 8.238638928
97.83818 8.242874881333334
97.88988 8.247110834666668
97.94157 8.251345968666667
97.99327 8.255581922000001
98.04497 8.259817875333335
98.09666 8.264053009333335
98.14836 8.268288962666666
98.20006 8.272524916
98.25175 8.27676005
98.30345 8.280996003333334
98.35514 8.285231137333334
98.40684 8.289467090666667
98.45854 8.293703044
98.51023 8.297938178
98.56193 8.302174131333334
98.61363 8.306410084666668
98.66532 8.310645218666666
98.71702 8.314881172000002
98.76872 8.319117125333333
98.82041 8.323352259333333
98.87211 8.327588212666669
98.92381 8.331824166
98.9755 8.3360593
99.0272 8.340295253333334
99.0789 8.344531206666668
99.13059 8.348766340666668
99.18229 8.353002294
99.23399 8.357238247333335
99.28568 8.361473381333333
99.33738 8.365709334666667
99.38908 8.369945288000002
99.44077 8.374180422
99.49247 8.378416375333334
99.54417 8.382652328666667
99.59586 8.386887462666667
99.64756 8.391123416000001
99.69926 8.395359369333333
99.75095 8.399594503333335
99.80265 8.403830456666668
99.85434 8.408065590666666
99.90604 8.412301544000002
99.95774 8.416537497333334
100.00943 8.42
100.06113 8.42
100.11283 8.42
100.16452 8.42
100.21622 8.42
100.26792 8.42
100.31961 8.42
100.37131 8.42
100.42301 8.42
100.4747 8.42
100.5264 8.42
100.5781 8.42
100.62979 8.42
100.68149 8.42
100.73319 8.42
100.78488 8.42
100.83658 8.42
100.88828 8.42
100.93997 8.42
100.99167 8.42
101.04337 8.42
101.09506 8.42
101.14676 8.42
101.19846 8.42
101.25015 8.42
101.30185 8.42
101.35354 8.42
101.40524 8.42
101.45694 8.42
101.50863 8.42
101.56033 8.42
101.61203 8.42
101.66372 8.42
101.71542 8.42
101.76712 8.42
101.81881 8.42
101.87051 8.42
101.92221 8.42
101.9739 8.42
102.0256 8.42
102.0773 8.42
102.12899 8.42
102.18069 8.42
102.23239 8.42
102.28408 8.42
102.33578 8.42
102.38748 8.42
102.43917 8.42
102.49087 8.42
102.54257 8.42
102.59426 8.42
102.64596 8.42
102.69766 8.42
102.74935 8.42
102.80105 8.42
102.85274 8.42
102.90444 8.42
102.95614 8.42
103.00783 8.42
103.05953 8.42
103.11123 8.42
103.16292 8.42
103.21462 8.42
103.26632 8.42
103.31801 8.42
103.36971 8.42
103.42141 8.42
103.4731 8.42
103.5248 8.42
103.5765 8.42
103.62819 8.42
103.67989 8.42
103.73159 8.42
103.78328 8.42
103.83498 8.42
103.88668 8.42
103.93837 8.42
103.99007 8.42
104.04177 8.42
104.09346 8.42
104.14516 8.42
104.19686 8.42
104.24855 8.42
104.30025 8.42
104.35194 8.42
104.40364 8.42
104.45534 8.42
104.50703 8.42
104.55873 8.42
104.61043 8.42
104.66212 8.42
104.71382 8.42
104.76552 8.42
104.81721 8.42
104.86891 8.42
104.92061 8.42
104.9723 8.42
105.024 8.42
105.0757 8.42
105.12739 8.42
105.17909 8.42
105.23079 8.42
105.28248 8.42
105.33418 8.42
105.38588 8.42
105.43757 8.42
105.48927 8.42
105.54097 8.42
105.59266 8.42
105.64436 8.42
105.69606 8.42
105.74775 8.42
105.79945 8.42
105.85114 8.42
105.90284 8.42
105.95454 8.42
106.00623 8.42
106.05793 8.42
106.10963 8.42
106.16132 8.42
106.21302 8.42
106.26472 8.42
106.31641 8.42
106.36811 8.42
106.41981 8.42
106.4715 8.42
106.5232 8.42
106.5749 8.42
106.62659 8.42
106.67829 8.42
106.72999 8.42
106.78168 8.42
106.83338 8.42
106.88508 8.42
106.93677 8.42
106.98847 8.42
107.04017 8.42
107.09186 8.42
107.14356 8.42
107.19526 8.42
107.24695 8.42
107.29865 8.42
107.35034 8.42
107.40204 8.42
107.45374 8.42
107.50543 8.42
107.55713 8.42
107.60883 8.42
107.66052 8.42
107.71222 8.42
107.76392 8.42
107.81561 8.42
107.86731 8.42
107.91901 8.42
107.9707 8.42
108.0224 8.42
108.0741 8.42
108.12579 8.42
108.17749 8.42
108.22919 8.42
108.28088 8.42
108.33258 8.42
108.38428 8.42
108.43597 8.42
108.48767 8.42
108.53937 8.42
108.59106 8.42
108.64276 8.42
108.69446 8.42
108.74615 8.42
108.79785 8.42
108.84954 8.42
108.90124 8.42
108.95294 8.42
109.00463 8.42
109.05633 8.42
109.10803 8.42
109.15972 8.42
109.21142 8.42
109.26312 8.42
109.31481 8.42
109.36651 8.42
109.41821 8.42
109.4699 8.42
109.5216 8.42
109.5733 8.42
109.62499 8.42
109.67669 8.42
109.72839 8.42
109.78008 8.42
109.83178 8.42
109.88348 8.42
109.93517 8.42
109.98687 8.42
110.03857 8.42
110.09026 8.42
110.14196 8.42
110.19366 8.42
110.24535 8.42
110.29705 8.42
110.34874 8.42
110.40044 8.42
110.45214 8.42
110.50383 8.42
110.55553 8.42
110.60723 8.42
110.65892 8.42
110.71062 8.42
110.76232 8.42
110.81401 8.42
110.86571 8.42
110.91741 8.42
110.9691 8.42
111.0208 8.42
111.0725 8.42
111.12419 8.42
111.17589 8.42
111.22759 8.42
111.27928 8.42
111.33098 8.42
111.38268 8.42
111.43437 8.42
111.48607 8.42
111.53777 8.42
111.58946 8.42
111.64116 8.42
111.69286 8.42
111.74455 8.42
111.79625 8.42
111.84794 8.42
111.89964 8.42
111.95134 8.42
112.00303 8.42
112.05473 8.42
112.10643 8.42
112.15812 8.42
112.20982 8.42
112.26152 8.42
112.31321 8.42
112.36491 8.42
112.41661 8.42
112.4683 8.42
112.52 8.42
112.5717 8.42
112.62339 8.42
112.67509 8.42
112.72679 8.42
112.77848 8.42
112.83018 8.42
112.88188 8.42
112.93357 8.42
112.98527 8.42
113.03697 8.42
113.08866 8.42
113.14036 8.42
113.19206 8.42
113.24375 8.42
113.29545 8.42
113.34714 8.42
113.39884 8.42
113.45054 8.42
113.50223 8.42
113.55393 8.42
113.60563 8.42
113.65732 8.42
113.70902 8.42
113.76072 8.42
113.81241 8.42
113.86411 8.42
113.91581 8.42
113.9675 8.42
114.0192 8.42
114.0709 8.42
114.12259 8.42
114.17429 8.42
114.22599 8.42
114.27768 8.42
114.32938 8.42
114.38108 8.42
114.43277 8.42
114.48447 8.42
114.53617 8.42
114.58786 8.42
114.63956 8.42
114.69126 8.42
114.74295 8.42
114.79465 8.42
114.84634 8.42
114.89804 8.42
114.94974 8.42
115.00143 8.42
115.05313 8.42
115.10483 8.42
115.15652 8.42
115.20822 8.42
115.25992 8.42
115.31161 8.42
115.36331 8.42
115.41501 8.42
115.4667 8.42
115.5184 8.42
115.5701 8.42
115.62179 8.42
115.67349 8.42
115.72519 8.42
115.77688 8.42
115.82858 8.42
115.88028 8.42
115.93197 8.42
115.98367 8.42
116.03537 8.42
116.08706 8.42
116.13876 8.42
116.19046 8.42
116.24215 8.42
116.29385 8.42
116.34554 8.42
116.39724 8.42
116.44894 8.42
116.50063 8.42
116.55233 8.42
116.60403 8.42
116.65572 8.42
116.70742 8.42
116.75912 8.42
116.81081 8.42
116.86251 8.42
116.91421 8.42
116.9659 8.42
117.0176 8.42
117.0693 8.42
117.12099 8.42
117.17269 8.42
117.22439 8.42
117.27608 8.42
117.32778 8.42
117.37948 8.42
117.43117 8.42
117.48287 8.42
117.53457 8.42
117.58626 8.42
117.63796 8.42
117.68966 8.42
117.74135 8.42
117.79305 8.42
117.84474 8.42
117.89644 8.42
117.94814 8.42
117.99983 8.42
118.05153 8.42
118.10323 8.42
118.15492 8.42
118.20662 8.42
118.25832 8.42
118.31001 8.42
118.36171 8.42
118.41341 8.42
118.4651 8.42
118.5168 8.42
118.5685 8.42
118.62019 8.42
118.67189 8.42
118.72359 8.42
118.77528 8.42
118.82698 8.42
118.87868 8.42
118.93037 8.42
118.98207 8.42
119.03377 8.42
119.08546 8.42
119.13716 8.42
119.18886 8.42
119.24055 8.42
119.29225 8.42
119.34394 8.42
119.39564 8.42
119.44734 8.42
119.49903 8.42
119.55073 8.42
119.60243 8.42
119.65412 8.42
119.70582 8.42
119.75752 8.42
119.80921 8.42
119.86091 8.42
119.91261 8.42
119.9643 8.42
120.016 8.42
120.0677 8.42
120.11939 8.42
120.17109 8.42
120.22279 8.42
120.27448 8.42
120.32618 8.42
120.37788 8.42
120.42957 8.42
120.48127 8.42
120.53297 8.42
120.58466 8.42
120.63636 8.42
120.68806 8.42
120.73975 8.42
120.79145 8.42
120.84314 8.42
120.89484 8.42
120.94654 8.42
120.99823 8.42
121.04993 8.42
121.10163 8.42
121.15332 8.42
121.20502 8.42
121.25672 8.42
121.30841 8.42
121.36011 8.42
121.41181 8.42
121.4635 8.42
121.5152 8.42
121.5669 8.42
121.61859 8.42
121.67029 8.42
121.72199 8.42
121.77368 8.42
121.82538 8.42
121.87708 8.42
121.92877 8.42
121.98047 8.42
122.03217 8.42
122.08386 8.42
122.13556 8.42
122.18726 8.42
122.23895 8.42
122.29065 8.42
122.34234 8.42
122.39404 8.42
122.44574 8.42
122.49743 8.42
122.54913 8.42
122.60083 8.42
122.65252 8.42
122.70422 8.42
122.75592 8.42
122.80761 8.42
122.85931 8.42
122.91101 8.42
122.9627 8.42
123.0144 8.42
123.0661 8.42
123.11779 8.42
123.16949 8.42
123.22119 8.42
123.27288 8.42
123.32458 8.42
123.37628 8.42
123.42797 8.42
123.47967 8.42
123.53137 8.42
123.58306 8.42
123.63476 8.42
123.68646 8.42
123.73815 8.42
123.78985 8.42
123.84154 8.42
123.89324 8.42
123.94494 8.42
123.99663 8.42
124.04833 8.42
124.10003 8.42
124.15172 8.42
124.20342 8.42
124.25512 8.42
124.30681 8.42
124.35851 8.42
124.41021 8.42
124.4619 8.42
124.5136 8.42
124.5653 8.42
124.61699 8.42
124.66869 8.42
124.72039 8.42
124.77208 8.42
124.82378 8.42
124.87548 8.42
124.92717 8.42
124.97887 8.42
125.03057 8.42
125.08226 8.42
125.13396 8.42
125.18566 8.42
125.23735 8.42
125.28905 8.42
125.34074 8.42
125.39244 8.42
125.44414 8.42
125.49583 8.42
125.54753 8.42
125.59923 8.42
125.65092 8.42
125.70262 8.42
125.75432 8.42
125.80601 8.42
125.85771 8.42
125.90941 8.42
125.9611 8.42
126.0128 8.42
126.0645 8.42
126.11619 8.42
126.16789 8.42
126.21959 8.42
126.27128 8.42
126.32298 8.42
126.37468 8.42
126.42637 8.42
126.47807 8.42
126.52977 8.42
126.58146 8.42
126.63316 8.42
126.68486 8.42
126.73655 8.42
126.78825 8.42
126.83994 8.42
126.89164 8.42
126.94334 8.42
126.99503 8.42
127.04673 8.42
127.09843 8.42
127.15012 8.42
127.20182 8.42
127.25352 8.42
127.30521 8.42
127.35691 8.42
127.40861 8.42
127.4603 8.42
127.512 8.42
127.5637 8.42
127.61539 8.42
127.66709 8.42
127.71879 8.42
127.77048 8.42
127.82218 8.42
127.87388 8.42
127.92557 8.42
127.97727 8.42
128.02897 8.42
128.08066 8.42
128.13236 8.42
128.18406 8.42
128.23575 8.42
128.28745 8.42
128.33914 8.42
128.39084 8.42
128.44254 8.42
128.49423 8.42
128.54593 8.42
128.59763 8.42
128.64932 8.42
128.70102 8.42
128.75272 8.42
128.80441 8.42
128.85611 8.42
128.90781 8.42
128.9595 8.42
129.0112 8.42
129.0629 8.42
129.11459 8.42
129.16629 8.42
129.21799 8.42
129.26968 8.42
129.32138 8.42
129.37308 8.42
129.42477 8.42
129.47647 8.42
129.52817 8.42
129.57986 8.42
129.63156 8.42
129.68326 8.42
129.73495 8.42
129.78665 8.42
129.83834 8.42
129.89004 8.42
129.94174 8.42
129.99343 8.42
130.04513 8.42
130.09683 8.42
130.14852 8.42
130.20022 8.42
130.25192 8.42
130.30361 8.42
130.35531 8.42
130.40701 8.42
130.4587 8.42
130.5104 8.42
130.5621 8.42
130.61379 8.42
130.66549 8.42
130.71719 8.42
130.76888 8.42
130.82058 8.42
130.87228 8.42
130.92397 8.42
130.97567 8.42
131.02737 8.42
131.07906 8.42
131.13076 8.42
131.18246 8.42
131.23415 8.42
131.28585 8.42
131.33754 8.42
131.38924 8.42
131.44094 8.42
131.49263 8.42
131.54433 8.42
131.59603 8.42
131.64772 8.42
131.69942 8.42
131.75112 8.42
131.80281 8.42
131.85451 8.42
131.90621 8.42
131.9579 8.42
132.0096 8.42
132.0613 8.42
132.11299 8.42
132.16469 8.42
132.21639 8.42
132.26808 8.42
132.31978 8.42
132.37148 8.42
132.42317 8.42
132.47487 8.42
132.52657 8.42
132.57826 8.42
132.62996 8.42
132.68166 8.42
132.73335 8.42
132.78505 8.42
132.83674 8.42
132.88844 8.42
132.94014 8.42
132.99183 8.42
133.04353 8.42
133.09523 8.42
133.14692 8.42
133.19862 8.42
133.25032 8.42
133.30201 8.42
133.35371 8.42
133.40541 8.42
133.4571 8.42
133.5088 8.42
133.5605 8.42
133.61219 8.42
133.66389 8.42
133.71559 8.42
133.76728 8.42
133.81898 8.42
133.87068 8.42
133.92237 8.42
133.97407 8.42
134.02577 8.42
134.07746 8.42
134.12916 8.42
134.18086 8.42
134.23255 8.42
134.28425 8.42
134.33594 8.42
134.38764 8.42
134.43934 8.42
134.49103 8.42
134.54273 8.42
134.59443 8.42
134.64612 8.42
134.69782 8.42
134.74952 8.42
134.80121 8.42
134.85291 8.42
134.90461 8.42
134.9563 8.42
135.008 8.42
135.0597 8.42
135.11139 8.42
135.16309 8.42
135.21479 8.42
135.26648 8.42
135.31818 8.42
135.36988 8.42
135.42157 8.42
135.47327 8.42
135.52497 8.42
135.57666 8.42
135.62836 8.42
135.68006 8.42
135.73175 8.42
135.78345 8.42
135.83514 8.42
135.88684 8.42
135.93854 8.42
135.99023 8.42
136.04193 8.42
136.09363 8.42
136.14532 8.42
136.19702 8.42
136.24872 8.42
136.30041 8.42
136.35211 8.42
136.40381 8.42
136.4555 8.42
136.5072 8.42
136.5589 8.42
136.61059 8.42
136.66229 8.42
136.71399 8.42
136.76568 8.42
136.81738 8.42
136.86908 8.42
136.92077 8.42
136.97247 8.42
137.02417 8.42
137.07586 8.42
137.12756 8.42
137.17926 8.42
137.23095 8.42
137.28265 8.42
137.33434 8.42
137.38604 8.42
137.43774 8.42
137.48943 8.42
137.54113 8.42
137.59283 8.42
137.64452 8.42
137.69622 8.42
137.74792 8.42
137.79961 8.42
137.85131 8.42
137.90301 8.42
137.9547 8.42
138.0064 8.42
138.0581 8.42
138.10979 8.42
138.16149 8.42
138.21319 8.42
138.26488 8.42
138.31658 8.42
138.36828 8.42
138.41997 8.42
138.47167 8.42
138.52337 8.42
138.57506 8.42
138.62676 8.42
138.67846 8.42
138.73015 8.42
138.78185 8.42
138.83354 8.42
138.88524 8.42
138.93694 8.42
138.98863 8.42
139.04033 8.42
139.09203 8.42
139.14372 8.42
139.19542 8.42
139.24712 8.42
139.29881 8.42
139.35051 8.42
139.40221 8.42
139.4539 8.42
139.5056 8.42
139.5573 8.42
139.60899 8.42
139.66069 8.42
139.71239 8.42
139.76408 8.42
139.81578 8.42
139.86748 8.42
139.91917 8.42
139.97087 8.42
140.02257 8.42
140.07426 8.42
140.12596 8.42
140.17766 8.42
140.22935 8.42
140.28105 8.42
140.33274 8.42
140.38444 8.42
140.43614 8.42
140.48783 8.42
140.53953 8.42
140.59123 8.42
140.64292 8.42
140.69462 8.42
140.74632 8.42
140.79801 8.42
140.84971 8.42
140.90141 8.42
140.9531 8.42
141.0048 8.42
141.0565 8.42
141.10819 8.42
141.15989 8.42
141.21159 8.42
141.26328 8.42
141.31498 8.42
141.36668 8.42
141.41837 8.42
141.47007 8.42
141.52177 8.42
141.57346 8.42
141.62516 8.42
141.67686 8.42
141.72855 8.42
141.78025 8.42
141.83194 8.42
141.88364 8.42
141.93534 8.42
141.98703 8.42
142.03873 8.42
142.09043 8.42
142.14212 8.42
142.19382 8.42
142.24552 8.42
142.29721 8.42
142.34891 8.42
142.40061 8.42
142.4523 8.42
142.504 8.42
142.5557 8.42
142.60739 8.42
142.65909 8.42
142.71079 8.42
142.76248 8.42
142.81418 8.42
142.86588 8.42
142.91757 8.42
142.96927 8.42
143.02097 8.42
143.07266 8.42
143.12436 8.42
143.17606 8.42
143.22775 8.42
143.27945 8.42
143.33114 8.42
143.38284 8.42
143.43454 8.42
143.48623 8.42
143.53793 8.42
143.58963 8.42
143.64132 8.42
143.69302 8.42
143.74472 8.42
143.79641 8.42
143.84811 8.42
143.89981 8.42
143.9515 8.42
144.0032 8.42
144.0549 8.42
144.10659 8.42
144.15829 8.42
144.20999 8.42
144.26168 8.42
144.31338 8.42
144.36508 8.42
144.41677 8.42
144.46847 8.42
144.52017 8.42
144.57186 8.42
144.62356 8.42
144.67526 8.42
144.72695 8.42
144.77865 8.42
144.83034 8.42
144.88204 8.42
144.93374 8.42
144.98543 8.42
145.03713 8.42
145.08883 8.42
145.14052 8.42
145.19222 8.42
145.24392 8.42
145.29561 8.42
145.34731 8.42
145.39901 8.42
145.4507 8.42
145.5024 8.42
145.5541 8.42
145.60579 8.42
145.65749 8.42
145.70919 8.42
145.76088 8.42
145.81258 8.42
145.86428 8.42
145.91597 8.42
145.96767 8.42
146.01937 8.42
146.07106 8.42
146.12276 8.42
146.17446 8.42
146.22615 8.42
146.27785 8.42
146.32954 8.42
146.38124 8.42
146.43294 8.42
146.48463 8.42
146.53633 8.42
146.58803 8.42
146.63972 8.42
146.69142 8.42
146.74312 8.42
146.79481 8.42
146.84651 8.42
146.89821 8.42
146.9499 8.42
147.0016 8.42
147.0533 8.42
147.10499 8.42
147.15669 8.42
147.20839 8.42
147.26008 8.42
147.31178 8.42
147.36348 8.42
147.41517 8.42
147.46687 8.42
147.51857 8.42
147.57026 8.42
147.62196 8.42
147.67366 8.42
147.72535 8.42
147.77705 8.42
147.82874 8.42
147.88044 8.42
147.93214 8.42
147.98383 8.42
148.03553 8.42
148.08723 8.42
148.13892 8.42
148.19062 8.42
148.24232 8.42
148.29401 8.42
148.34571 8.42
148.39741 8.42
148.4491 8.42
148.5008 8.42
148.5525 8.42
148.60419 8.42
148.65589 8.42
148.70759 8.42
148.75928 8.42
148.81098 8.42
148.86268 8.42
148.91437 8.42
148.96607 8.42
149.01777 8.42
149.06946 8.42
149.12116 8.42
149.17286 8.42
149.22455 8.42
149.27625 8.42
149.32794 8.42
149.37964 8.42
149.43134 8.42
149.48303 8.42
149.53473 8.42
149.58643 8.42
149.63812 8.42
149.68982 8.42
149.74152 8.42
149.79321 8.42
149.84491 8.42
149.89661 8.42
149.9483 8.42
150.0 8.42
