# metallicity0.0004    # mass  # Metal_eject_mass
0.08 8e-05
0.1317 8e-05
0.18339 8e-05
0.23509 8e-05
0.28679 8e-05
0.33848 8e-05
0.39018 8e-05
0.44188 8e-05
0.49357 8e-05
0.54527 8e-05
0.59697 8e-05
0.64866 8e-05
0.70036 8e-05
0.75206 8e-05
0.80375 8e-05
0.85545 0.00010707746478873244
0.90714 0.0001349076923076923
0.95884 0.00014816410256410256
1.01054 0.00017783749999999998
1.06223 0.0002190941176470588
1.11393 0.0002799176470588236
1.16563 0.0019717931034482733
1.21732 0.004467172413793102
1.26902 0.012812247191011247
1.32072 0.02021784269662921
1.37241 0.02480605617977528
1.42411 0.02881809411764706
1.47581 0.03234585882352941
1.5275 0.036901807228915666
1.5792 0.04177493975903614
1.6309 0.04713180722891566
1.68259 0.05231559756097561
1.73429 0.05745135211267606
1.78599 0.0628398028169014
1.83768 0.06633472
1.88938 0.06912652000000001
1.94108 0.072781
1.99277 0.07665775
2.04447 0.079178915
2.09617 0.08147956499999999
2.14786 0.08377977
2.19956 0.08608041999999999
2.25126 0.08644173333333333
2.30295 0.08678633333333333
2.35465 0.087131
2.40634 0.0874756
2.45804 0.08782026666666666
2.50974 0.08804350799999999
2.56143 0.08774370599999999
2.61313 0.08744384599999999
2.66483 0.08714398599999999
2.71652 0.08684418399999999
2.76822 0.08654432399999999
2.81992 0.08624446399999999
2.87161 0.085944662
2.92331 0.08564480199999999
2.97501 0.085344942
3.0267 0.08385432
3.0784 0.08124864000000001
3.1301 0.07864296
3.18179 0.076037784
3.23349 0.07343210399999998
3.28519 0.070826424
3.33688 0.06822124800000001
3.38858 0.06561556799999999
3.44028 0.063009888
3.49197 0.06040471200000001
3.54367 0.059187738
3.59537 0.058226118
3.64706 0.057264683999999996
3.69876 0.056303064
3.75046 0.055341444000000004
3.80215 0.05438001
3.85385 0.05341839
3.90554 0.052456956000000006
3.95724 0.051495336
4.00894 0.050544444
4.06063 0.04964503800000001
4.11233 0.048745458
4.16403 0.047845877999999994
4.21572 0.046946472
4.26742 0.04604689199999999
4.31912 0.04514731200000001
4.37081 0.04424790600000001
4.42251 0.043348326000000006
4.47421 0.042448745999999996
4.5259 0.042414400000000005
4.5776 0.043241600000000005
4.6293 0.0440688
4.68099 0.044895840000000006
4.73269 0.04572304
4.78439 0.04655024000000001
4.83608 0.04737728
4.88778 0.04820448000000001
4.93948 0.049031679999999994
4.99117 0.04985872000000001
5.04287 0.04807085000000001
5.09457 0.04574435
5.14626 0.04341830000000001
5.19796 0.0410918
5.24966 0.03876529999999998
5.30135 0.03643924999999999
5.35305 0.03411275000000002
5.40474 0.03178669999999999
5.45644 0.029460200000000013
5.50814 0.0271337
5.55983 0.024807650000000007
5.61153 0.022481149999999995
5.66323 0.02015464999999998
5.71492 0.017828599999999986
5.76662 0.015502100000000012
5.81832 0.013175600000000003
5.87001 0.010849550000000013
5.92171 0.008523049999999997
5.97341 0.006196549999999981
6.0251 0.005476900000000002
6.0768 0.006459200000000008
6.1285 0.007441499999999997
6.18019 0.008423609999999993
6.23189 0.009405909999999998
6.28359 0.010388210000000005
6.33528 0.01137032
6.38698 0.012352620000000005
6.43868 0.013334919999999993
6.49037 0.014317030000000008
6.54207 0.015299329999999996
6.59377 0.016281630000000002
6.64546 0.01726374
6.69716 0.018246040000000005
6.74886 0.019228339999999993
6.80055 0.020210450000000005
6.85225 0.021192749999999996
6.90394 0.022174860000000008
6.95564 0.023157159999999996
7.00734 0.025556080000000026
7.05903 0.03651435999999998
7.11073 0.047474760000000046
7.16243 0.058435159999999924
7.21412 0.06939344000000006
7.26582 0.08035383999999994
7.31752 0.09131423999999999
7.36921 0.10227251999999995
7.42091 0.11323292000000001
7.47261 0.12419332000000008
7.5243 0.13515160000000004
7.576 0.1461119999999999
7.6277 0.15707239999999997
7.67939 0.16803067999999993
7.73109 0.17899108
7.78279 0.18995148000000006
7.83448 0.20090976000000002
7.88618 0.21187016000000009
7.93788 0.22283055999999996
7.98957 0.23378883999999991
8.04127 0.24474924000000015
8.09297 0.25570963999999985
8.14466 0.26666792
8.19636 0.2776283200000001
8.24806 0.28858872000000013
8.29975 0.2995469999999999
8.35145 0.3105074
8.40314 0.32146568000000014
8.45484 0.3324260800000002
8.50654 0.3433864799999999
8.55823 0.35434476000000004
8.60993 0.3653051600000001
8.66163 0.37626556000000017
8.71332 0.38722383999999993
8.76502 0.39818423999999997
8.81672 0.40914464000000006
8.86841 0.42010292000000016
8.92011 0.43106331999999986
8.97181 0.44202371999999995
9.0235 0.4544860000000001
9.0752 0.46875520000000015
9.1269 0.4830243999999998
9.17859 0.49729083999999996
9.23029 0.51156004
9.28199 0.5258292400000001
9.33368 0.5400956799999999
9.38538 0.55436488
9.43708 0.56863408
9.48877 0.5829005200000001
9.54047 0.5971697199999998
9.59217 0.6114389199999999
9.64386 0.62570536
9.69556 0.6399745600000002
9.74726 0.6542437600000002
9.79895 0.6685101999999999
9.85065 0.6827794
9.90234 0.6970458400000001
9.95404 0.7113150400000003
10.00574 0.7255842399999999
10.05743 0.73985068
10.10913 0.7541198800000002
10.16083 0.7683890800000002
10.21252 0.7826555199999999
10.26422 0.79692472
10.31592 0.81119392
10.36761 0.8254603600000003
10.41931 0.8397295599999999
10.47101 0.85399876
10.5227 0.8682652000000002
10.5744 0.8825344000000002
10.6261 0.8968035999999998
10.67779 0.91107004
10.72949 0.9253392400000001
10.78119 0.9396084400000002
10.83288 0.9538748799999999
10.88458 0.9681440800000001
10.93628 0.98241328
10.98797 0.9966797200000002
11.03967 1.01094892
11.09137 1.02521812
11.14306 1.03948456
11.19476 1.0537537600000002
11.24646 1.0680229600000002
11.29815 1.0822894
11.34985 1.0965586
11.40154 1.1108250400000002
11.45324 1.12509424
11.50494 1.13936344
11.55663 1.1536298800000002
11.60833 1.1678990800000002
11.66003 1.1821682800000002
11.71172 1.19643472
11.76342 1.21070392
11.81512 1.2249731200000002
11.86681 1.23923956
11.91851 1.2535087599999999
11.97021 1.26777796
12.0219 1.2825846
12.0736 1.298129066666667
12.1253 1.3136735333333331
12.17699 1.3292149933333333
12.22869 1.3447594600000001
12.28039 1.3603039266666668
12.33208 1.3758453866666664
12.38378 1.3913898533333333
12.43548 1.40693432
12.48717 1.4224757800000003
12.53887 1.4380202466666665
12.59057 1.4535647133333331
12.64226 1.4691061733333335
12.69396 1.4846506400000001
12.74566 1.500195106666667
12.79735 1.5157365666666667
12.84905 1.5312810333333333
12.90074 1.5468224933333334
12.95244 1.5623669599999999
13.00414 1.5779114266666665
13.05583 1.5934528866666668
13.10753 1.6089973533333335
13.15923 1.6245418200000001
13.21092 1.6400832799999998
13.26262 1.6556277466666667
13.31432 1.6711722133333335
13.36601 1.6867136733333332
13.41771 1.7022581399999999
13.46941 1.7178026066666665
13.5211 1.7333440666666668
13.5728 1.7488885333333335
13.6245 1.764433
13.67619 1.77997446
13.72789 1.795518926666667
13.77959 1.8110633933333335
13.83128 1.8266048533333332
13.88298 1.8421493199999999
13.93468 1.8576937866666667
13.98637 1.8732352466666669
14.03807 1.8887797133333333
14.08977 1.90432418
14.14146 1.91986564
14.19316 1.9354101066666667
14.24486 1.950954573333333
14.29655 1.9664960333333332
14.34825 1.9820405
14.39994 1.9975819600000002
14.45164 2.013126426666666
14.50334 2.028670893333333
14.55503 2.044212353333333
14.60673 2.05975682
14.65843 2.0753012866666665
14.71012 2.0908427466666666
14.76182 2.1063872133333335
14.81352 2.1219316800000003
14.86521 2.13747314
14.91691 2.1530176066666664
14.96861 2.1685620733333333
15.0203 2.18614436
15.072 2.2068863999999997
15.1237 2.2276284399999997
15.17539 2.248366468
15.22709 2.269108508
15.27879 2.2898505480000004
15.33048 2.310588576
15.38218 2.331330616
15.43388 2.3520726560000003
15.48557 2.3728106839999996
15.53727 2.3935527239999996
15.58897 2.414294764
15.64066 2.4350327920000003
15.69236 2.4557748320000004
15.74406 2.4765168719999995
15.79575 2.4972548999999997
15.84745 2.51799694
15.89914 2.5387349679999995
15.95084 2.559477008
16.00254 2.580219048
16.05423 2.6009570760000003
16.10593 2.6216991160000003
16.15763 2.6424411560000003
16.20932 2.6631791840000005
16.26102 2.6839212239999997
16.31272 2.7046632639999997
16.36441 2.725401292
16.41611 2.746143332
16.46781 2.766885372
16.5195 2.7876234
16.5712 2.80836544
16.6229 2.8291074800000007
16.67459 2.8498455079999996
16.72629 2.8705875479999996
16.77799 2.8913295879999996
16.82968 2.912067616
16.88138 2.932809656
16.93308 2.9535516960000003
16.98477 2.9742897240000006
17.03647 2.9950317640000006
17.08817 3.0157738040000006
17.13986 3.0365118319999995
17.19156 3.0572538719999995
17.24326 3.0779959119999996
17.29495 3.0987339400000002
17.34665 3.1194759800000003
17.39834 3.1402140080000005
17.45004 3.1609560480000005
17.50174 3.181698088000001
17.55343 3.2024361159999994
17.60513 3.2231781559999995
17.65683 3.243920196
17.70852 3.264658224
17.76022 3.285400264
17.81192 3.3061423040000006
17.86361 3.326880332000001
17.91531 3.347622372000001
17.96701 3.368364411999999
18.0187 3.38910244
18.0704 3.40984448
18.1221 3.4305865200000003
18.17379 3.4513245480000005
18.22549 3.4720665880000006
18.27719 3.4928086280000006
18.32888 3.513546656000001
18.38058 3.5342886959999995
18.43228 3.5550307359999995
18.48397 3.5757687639999998
18.53567 3.5965108040000002
18.58737 3.6172528440000002
18.63906 3.6379908720000005
18.69076 3.6587329120000005
18.74246 3.6794749520000005
18.79415 3.7002129799999994
18.84585 3.72095502
18.89754 3.741693048
18.94924 3.762435088
19.00094 3.783177128
19.05263 3.8039151560000004
19.10433 3.8246571960000004
19.15603 3.8453992360000004
19.20772 3.866137264
19.25942 3.886879304
19.31112 3.907621344
19.36281 3.928359372
19.41451 3.949101412
19.46621 3.969843452
19.5179 3.9905814800000003
19.5696 4.01132352
19.6213 4.032065560000001
19.67299 4.052803588
19.72469 4.073545628
19.77639 4.094287668
19.82808 4.115025696
19.87978 4.135767736
19.93148 4.156509776
19.98317 4.177247804
20.03487 4.184299882
20.08657 4.184744502
20.13826 4.185189036000001
20.18996 4.185633656
20.24166 4.186078276
20.29335 4.1865228100000005
20.34505 4.18696743
20.39674 4.187411964
20.44844 4.187856584
20.50014 4.188301204
20.55183 4.188745738
20.60353 4.189190358
20.65523 4.189634978
20.70692 4.1900795120000005
20.75862 4.190524132
20.81032 4.190968752
20.86201 4.191413286
20.91371 4.191857906
20.96541 4.192302526
21.0171 4.19274706
21.0688 4.19319168
21.1205 4.1936363000000005
21.17219 4.194080834
21.22389 4.194525454
21.27559 4.194970074
21.32728 4.195414608
21.37898 4.195859228
21.43068 4.196303848
21.48237 4.196748382
21.53407 4.197193002
21.58577 4.197637622
21.63746 4.198082156
21.68916 4.1985267760000005
21.74086 4.198971396
21.79255 4.19941593
21.84425 4.19986055
21.89594 4.200305084
21.94764 4.200749704
21.99934 4.201194324
22.05103 4.201638858
22.10273 4.2020834780000005
22.15443 4.202528098
22.20612 4.202972632
22.25782 4.203417252
22.30952 4.203861872
22.36121 4.204306406
22.41291 4.204751026
22.46461 4.205195646
22.5163 4.20564018
22.568 4.2060848
22.6197 4.20652942
22.67139 4.206973954
22.72309 4.207418574
22.77479 4.207863194
22.82648 4.208307728
22.87818 4.208752348
22.92988 4.209196968
22.98157 4.209641502
23.03327 4.210086122
23.08497 4.2105307419999995
23.13666 4.210975276
23.18836 4.211419896
23.24006 4.211864516
23.29175 4.21230905
23.34345 4.21275367
23.39514 4.213198204
23.44684 4.213642824
23.49854 4.214087444
23.55023 4.214531978
23.60193 4.214976598
23.65363 4.215421218
23.70532 4.215865752
23.75702 4.216310372
23.80872 4.216754992
23.86041 4.217199526
23.91211 4.217644146
23.96381 4.218088766
24.0155 4.2185333
24.0672 4.2189779199999995
24.1189 4.21942254
24.17059 4.219867074
24.22229 4.220311694
24.27399 4.220756314
24.32568 4.221200848
24.37738 4.221645468
24.42908 4.222090088
24.48077 4.2225346219999995
24.53247 4.222979242
24.58417 4.223423862
24.63586 4.223868396
24.68756 4.224313016
24.73926 4.224757636
24.79095 4.22520217
24.84265 4.22564679
24.89434 4.2260913239999995
24.94604 4.226535944
24.99774 4.226980564
25.04943 4.227425097999999
25.10113 4.227869718
25.15283 4.228314338
25.20452 4.228758872
25.25622 4.229203492
25.30792 4.229648112
25.35961 4.230092646
25.41131 4.230537266
25.46301 4.2309818859999995
25.5147 4.23142642
25.5664 4.23187104
25.6181 4.23231566
25.66979 4.232760194
25.72149 4.233204814
25.77319 4.233649434
25.82488 4.234093968
25.87658 4.2345385879999995
25.92828 4.234983208
25.97997 4.235427742
26.03167 4.235872361999999
26.08337 4.236316982
26.13506 4.236761516
26.18676 4.237206136
26.23846 4.237650756
26.29015 4.2380952899999995
26.34185 4.23853991
26.39354 4.238984444
26.44524 4.239429063999999
26.49694 4.239873684
26.54863 4.240318218
26.60033 4.240762838
26.65203 4.241207458
26.70372 4.2416519919999995
26.75542 4.242096612
26.80712 4.242541232
26.85881 4.242985765999999
26.91051 4.243430386
26.96221 4.243875006
27.0139 4.244319539999999
27.0656 4.24476416
27.1173 4.24520878
27.16899 4.245653314
27.22069 4.246097934
27.27239 4.2465425539999995
27.32408 4.246987088
27.37578 4.247431708
27.42748 4.247876327999999
27.47917 4.248320862
27.53087 4.248765482
27.58257 4.249210102
27.63426 4.249654636
27.68596 4.2500992559999995
27.73766 4.250543876
27.78935 4.25098841
27.84105 4.251433029999999
27.89274 4.251877564
27.94444 4.252322184
27.99614 4.252766803999999
28.04783 4.253211338
28.09953 4.2536559579999995
28.15123 4.254100578
28.20292 4.254545112
28.25462 4.254989731999999
28.30632 4.255434352
28.35801 4.255878886
28.40971 4.256323505999999
28.46141 4.256768126
28.5131 4.2572126599999995
28.5648 4.25765728
28.6165 4.2581019
28.66819 4.258546433999999
28.71989 4.258991054
28.77159 4.259435674
28.82328 4.259880207999999
28.87498 4.260324828
28.92668 4.260769448
28.97837 4.261213981999999
29.03007 4.261658602
29.08177 4.2621032219999995
29.13346 4.262547756
29.18516 4.262992376
29.23686 4.263436995999999
29.28855 4.26388153
29.34025 4.26432615
29.39194 4.264770683999999
29.44364 4.265215304
29.49534 4.2656599239999995
29.54703 4.266104457999999
29.59873 4.266549078
29.65043 4.266993697999999
29.70212 4.267438232
29.75382 4.267882852
29.80552 4.268327471999999
29.85721 4.268772006
29.90891 4.2692166259999995
29.96061 4.269661245999999
30.0123 4.266586749999999
30.064 4.25224
30.1157 4.237893249999999
30.16739 4.223549274999999
30.21909 4.209202524999999
30.27079 4.194855774999999
30.32248 4.1805118
30.37418 4.16616505
30.42588 4.1518182999999995
30.47757 4.1374743249999995
30.52927 4.123127575
30.58097 4.108780824999999
30.63266 4.094436849999999
30.68436 4.080090099999999
30.73606 4.06574335
30.78775 4.051399375
30.83945 4.037052624999999
30.89114 4.022708649999999
30.94284 4.0083619
30.99454 3.994015149999999
31.04623 3.979671174999999
31.09793 3.965324424999999
31.14963 3.950977675
31.20132 3.9366337
31.25302 3.9222869499999997
31.30472 3.9079401999999996
31.35641 3.8935962249999996
31.40811 3.8792494749999995
31.45981 3.8649027249999994
31.5115 3.8505587499999994
31.5632 3.836212
31.6149 3.82186525
31.66659 3.807521275
31.71829 3.7931745249999995
31.76999 3.778827775
31.82168 3.7644837999999994
31.87338 3.7501370499999993
31.92508 3.7357902999999992
31.97677 3.721446325
32.02847 3.707099575
32.08017 3.692752824999999
32.13186 3.6784088499999985
32.18356 3.6640620999999998
32.23526 3.6497153500000006
32.28695 3.6353713750000005
32.33865 3.6210246249999996
32.39034 3.606680649999999
32.44204 3.5923339
32.49374 3.577987149999999
32.54543 3.563643174999999
32.59713 3.5492964249999996
32.64883 3.5349496750000005
32.70052 3.5206057000000004
32.75222 3.5062589499999994
32.80392 3.4919122000000002
32.85561 3.477568225
32.90731 3.463221474999999
32.95901 3.448874725
33.0107 3.4345307499999995
33.0624 3.420184000000001
33.1141 3.4058372499999994
33.16579 3.3914932749999993
33.21749 3.377146525
33.26919 3.362799774999999
33.32088 3.348455799999999
33.37258 3.33410905
33.42428 3.319762299999999
33.47597 3.3054183250000007
33.52767 3.2910715749999997
33.57937 3.2767248250000005
33.63106 3.2623808500000004
33.68276 3.248034099999999
33.73446 3.2336873500000003
33.78615 3.2193433750000002
33.83785 3.204996624999999
33.88954 3.1906526500000005
33.94124 3.1763058999999996
33.99294 3.1619591500000004
34.04463 3.1476151750000003
34.09633 3.133268424999999
34.14803 3.118921675
34.19972 3.1045777
34.25142 3.0902309499999987
34.30312 3.0758842
34.35481 3.061540225
34.40651 3.0471934750000003
34.45821 3.0328467249999993
34.5099 3.0185027499999992
34.5616 3.004156
34.6133 2.989809249999999
34.66499 2.9754652749999986
34.71669 2.961118525
34.76839 2.9467717750000006
34.82008 2.9324278000000006
34.87178 2.9180810499999996
34.92348 2.9037343
34.97517 2.889390325
35.02687 2.875043574999999
35.07857 2.8606968249999998
35.13026 2.8463528499999997
35.18196 2.832006100000001
35.23366 2.8176593499999996
35.28535 2.8033153749999995
35.33705 2.7889686250000003
35.38874 2.7746246500000002
35.44044 2.7602778999999993
35.49214 2.7459311499999997
35.54383 2.7315871749999996
35.59553 2.717240425000001
35.64723 2.7028936749999994
35.69892 2.6885496999999994
35.75062 2.6742029500000006
35.80232 2.6598561999999992
35.85401 2.645512224999999
35.90571 2.631165475
35.95741 2.616818724999999
36.0091 2.6024747500000007
36.0608 2.5881279999999993
36.1125 2.5737812500000006
36.16419 2.5594372750000005
36.21589 2.545090524999999
36.26759 2.5307437750000004
36.31928 2.5163998000000003
36.37098 2.502053049999999
36.42268 2.4877063
36.47437 2.4733623249999996
36.52607 2.4590155750000005
36.57777 2.4446688249999995
36.62946 2.430324849999999
36.68116 2.4159781000000002
36.73286 2.401631349999999
36.78455 2.3872873749999988
36.83625 2.372940625
36.88794 2.35859665
36.93964 2.3442499000000003
36.99134 2.32990315
37.04303 2.3155591749999993
37.09473 2.301212425
37.14643 2.286865674999999
37.19812 2.2725216999999986
37.24982 2.25817495
37.30152 2.2438282000000007
37.35321 2.2294842250000007
37.40491 2.2151374749999997
37.45661 2.2007907250000005
37.5083 2.1864467500000004
37.56 2.172099999999999
37.6117 2.1577532500000003
37.66339 2.143409275
37.71509 2.1290625250000006
37.76679 2.1147157749999996
37.81848 2.1003717999999996
37.87018 2.0860250500000004
37.92188 2.0716782999999994
37.97357 2.0573343249999994
38.02527 2.042987575
38.07697 2.028640824999999
38.12866 2.0142968499999987
38.18036 1.9999501
38.23206 1.9856033500000008
38.28375 1.9712593750000003
38.33545 1.9569126249999993
38.38714 1.9425686499999992
38.43884 1.9282219
38.49054 1.913875149999999
38.54223 1.899531174999999
38.59393 1.8851844249999998
38.64563 1.8708376750000006
38.69732 1.8564937000000006
38.74902 1.8421469499999996
38.80072 1.8278002000000004
38.85241 1.813456225
38.90411 1.799109474999999
38.95581 1.7847627249999998
39.0075 1.7704187499999997
39.0592 1.7560720000000005
39.1109 1.7417252499999996
39.16259 1.7273812749999995
39.21429 1.7130345250000003
39.26599 1.6986877749999993
39.31768 1.6843437999999993
39.36938 1.66999705
39.42108 1.6556502999999987
39.47277 1.6413063250000008
39.52447 1.6269595749999994
39.57617 1.6126128250000007
39.62786 1.5982688500000002
39.67956 1.5839220999999992
39.73126 1.56957535
39.78295 1.555231375
39.83465 1.540884624999999
39.88634 1.5265406500000007
39.93804 1.5121938999999998
39.98974 1.4978471500000006
40.04143 1.4935810225000001
40.09313 1.4918102975
40.14483 1.4900395725000002
40.19652 1.48826919
40.24822 1.486498465
40.29992 1.48472774
40.35161 1.4829573575000001
40.40331 1.4811866325000003
40.45501 1.4794159075
40.5067 1.477645525
40.5584 1.4758748000000002
40.6101 1.474104075
40.66179 1.4723336925
40.71349 1.4705629675
40.76519 1.4687922425000002
40.81688 1.4670218600000002
40.86858 1.4652511350000001
40.92028 1.46348041
40.97197 1.4617100275000001
41.02367 1.4599393025
41.07537 1.4581685775000002
41.12706 1.456398195
41.17876 1.4546274700000001
41.23046 1.452856745
41.28215 1.4510863625000001
41.33385 1.4493156375000003
41.38554 1.447545255
41.43724 1.44577453
41.48894 1.4440038050000001
41.54063 1.4422334225000002
41.59233 1.4404626975
41.64403 1.4386919725
41.69572 1.43692159
41.74742 1.4351508650000002
41.79912 1.4333801400000001
41.85081 1.4316097575
41.90251 1.4298390325
41.95421 1.4280683075
42.0059 1.4262979250000003
42.0576 1.4245272
42.1093 1.4227564750000001
42.16099 1.4209860925000002
42.21269 1.4192153675
42.26439 1.4174446425000002
42.31608 1.41567426
42.36778 1.413903535
42.41948 1.4121328100000001
42.47117 1.4103624275
42.52287 1.4085917025
42.57457 1.4068209775
42.62626 1.405050595
42.67796 1.4032798700000002
42.72966 1.401509145
42.78135 1.3997387625
42.83305 1.3979680375
42.88474 1.3961976550000001
42.93644 1.3944269300000003
42.98814 1.392656205
43.03983 1.3908858225
43.09153 1.3891150975000002
43.14323 1.3873443725
43.19492 1.38557399
43.24662 1.383803265
43.29832 1.3820325400000002
43.35001 1.3802621575000003
43.40171 1.3784914325000002
43.45341 1.3767207075
43.5051 1.3749503250000001
43.5568 1.3731796
43.6085 1.3714088750000002
43.66019 1.3696384925
43.71189 1.3678677675000002
43.76359 1.3660970425
43.81528 1.3643266600000001
43.86698 1.362555935
43.91868 1.36078521
43.97037 1.3590148275
44.02207 1.3572441025000002
44.07377 1.3554733775
44.12546 1.3537029950000001
44.17716 1.35193227
44.22886 1.3501615450000002
44.28055 1.3483911625000002
44.33225 1.3466204375
44.38394 1.344850055
44.43564 1.3430793300000001
44.48734 1.341308605
44.53903 1.3395382225000003
44.59073 1.3377674975
44.64243 1.3359967725000002
44.69412 1.3342263900000002
44.74582 1.3324556650000001
44.79752 1.3306849400000003
44.84921 1.3289145575
44.90091 1.3271438325
44.95261 1.3253731075000001
45.0043 1.323602725
45.056 1.3218320000000001
45.1077 1.320061275
45.15939 1.3182908925
45.21109 1.3165201675000002
45.26279 1.3147494425
45.31448 1.31297906
45.36618 1.3112083350000001
45.41788 1.3094376100000003
45.46957 1.3076672275
45.52127 1.3058965025
45.57297 1.3041257775000001
45.62466 1.3023553950000002
45.67636 1.30058467
45.72806 1.298813945
45.77975 1.2970435625
45.83145 1.2952728375000002
45.88314 1.2935024550000003
45.93484 1.29173173
45.98654 1.289961005
46.03823 1.2881906225000002
46.08993 1.2864198975
46.14163 1.2846491725
46.19332 1.28287879
46.24502 1.2811080650000002
46.29672 1.27933734
46.34841 1.2775669575
46.40011 1.2757962325
46.45181 1.2740255075
46.5035 1.272255125
46.5552 1.2704844000000002
46.6069 1.2687136749999999
46.65859 1.2669432925000002
46.71029 1.2651725675
46.76199 1.2634018425000002
46.81368 1.2616314600000003
46.86538 1.259860735
46.91708 1.25809001
46.96877 1.2563196275000001
47.02047 1.2545489025
47.07217 1.2527781775000002
47.12386 1.251007795
47.17556 1.2492370700000002
47.22726 1.247466345
47.27895 1.2456959625000001
47.33065 1.2439252375
47.38234 1.2421548550000001
47.43404 1.24038413
47.48574 1.2386134050000002
47.53743 1.2368430225
47.58913 1.2350722975000001
47.64083 1.2333015725
47.69252 1.23153119
47.74422 1.229760465
47.79592 1.22798974
47.84761 1.2262193575
47.89931 1.2244486325000001
47.95101 1.2226779075000003
48.0027 1.220907525
48.0544 1.2191368
48.1061 1.2173660750000002
48.15779 1.2155956925000002
48.20949 1.2138249675
48.26119 1.2120542425
48.31288 1.21028386
48.36458 1.2085131350000002
48.41628 1.20674241
48.46797 1.2049720275
48.51967 1.2032013025000001
48.57137 1.2014305775
48.62306 1.1996601949999999
48.67476 1.1978894700000002
48.72646 1.196118745
48.77815 1.1943483625000002
48.82985 1.1925776375000001
48.88154 1.1908072550000002
48.93324 1.18903653
48.98494 1.187265805
49.03663 1.1854954225
49.08833 1.1837246975000002
49.14003 1.1819539725000001
49.19172 1.1801835900000002
49.24342 1.178412865
49.29512 1.1766421400000002
49.34681 1.1748717575
49.39851 1.1731010325
49.45021 1.1713303075000001
49.5019 1.1695599250000002
49.5536 1.1677892
49.6053 1.166018475
49.65699 1.1642480925
49.70869 1.1624773675000002
49.76039 1.1607066425
49.81208 1.15893626
49.86378 1.157165535
49.91548 1.15539481
49.96717 1.1536244275
50.01887 1.1518537025
50.07057 1.1500829775000003
50.12226 1.1483125950000002
50.17396 1.14654187
50.22566 1.1447711450000002
50.27735 1.1430007625000003
50.32905 1.1412300375
50.38074 1.139459655
50.43244 1.1376889300000002
50.48414 1.1359182050000003
50.53583 1.1341478225000001
50.58753 1.1323770975
50.63923 1.1306063725000002
50.69092 1.1288359900000002
50.74262 1.127065265
50.79432 1.12529454
50.84601 1.1235241575000001
50.89771 1.1217534325000003
50.94941 1.1199827075000002
51.0011 1.118212325
51.0528 1.1164416000000001
51.1045 1.114670875
51.15619 1.1129004925000001
51.20789 1.1111297675
51.25959 1.1093590425
51.31128 1.1075886600000002
51.36298 1.1058179350000001
51.41468 1.10404721
51.46637 1.1022768275000001
51.51807 1.1005061025
51.56977 1.0987353775000002
51.62146 1.096964995
51.67316 1.09519427
51.72486 1.093423545
51.77655 1.0916531625
51.82825 1.0898824375000002
51.87994 1.088112055
51.93164 1.08634133
51.98334 1.0845706050000001
52.03503 1.0828002225000002
52.08673 1.0810294974999999
52.13843 1.0792587725
52.19012 1.07748839
52.24182 1.0757176650000002
52.29352 1.07394694
52.34521 1.0721765575
52.39691 1.0704058325
52.44861 1.0686351075
52.5003 1.0668647249999998
52.552 1.0650940000000002
52.6037 1.063323275
52.65539 1.0615528925000002
52.70709 1.0597821675
52.75879 1.0580114425000002
52.81048 1.05624106
52.86218 1.054470335
52.91388 1.0526996100000001
52.96557 1.0509292275000002
53.01727 1.0491585025
53.06897 1.0473877775
53.12066 1.045617395
53.17236 1.0438466700000002
53.22406 1.0420759450000001
53.27575 1.0403055625
53.32745 1.0385348375
53.37914 1.0367644550000001
53.43084 1.03499373
53.48254 1.033223005
53.53423 1.0314526225
53.58593 1.0296818975000002
53.63763 1.0279111725
53.68932 1.02614079
53.74102 1.024370065
53.79272 1.02259934
53.84441 1.0208289575
53.89611 1.0190582325
53.94781 1.0172875075000003
53.9995 1.0155171250000001
54.0512 1.0137464
54.1029 1.0119756750000002
54.15459 1.0102052925000002
54.20629 1.0084345675
54.25799 1.0066638425
54.30968 1.0048934600000001
54.36138 1.0031227350000003
54.41308 1.00135201
54.46477 0.9995816275
54.51647 0.9978109025000002
54.56817 0.9960401775000001
54.61986 0.994269795
54.67156 0.99249907
54.72326 0.990728345
54.77495 0.9889579625000001
54.82665 0.9871872375
54.87834 0.985416855
54.93004 0.9836461300000001
54.98174 0.981875405
55.03343 0.9801050225
55.08513 0.9783342975000001
55.13683 0.9765635724999999
55.18852 0.9747931900000002
55.24022 0.973022465
55.29192 0.9712517400000001
55.34361 0.9694813575000001
55.39531 0.9677106325
55.44701 0.9659399075000001
55.4987 0.9641695250000001
55.5504 0.9623988
55.6021 0.960628075
55.65379 0.9588576925000001
55.70549 0.9570869675000001
55.75719 0.9553162425
55.80888 0.95354586
55.86058 0.9517751350000001
55.91228 0.95000441
55.96397 0.9482340275
56.01567 0.9464633025000001
56.06737 0.9446925775000001
56.11906 0.9429221950000002
56.17076 0.94115147
56.22246 0.9393807450000001
56.27415 0.9376103625000001
56.32585 0.9358396375
56.37754 0.9340692549999999
56.42924 0.9322985300000001
56.48094 0.9305278050000002
56.53263 0.9287574225000002
56.58433 0.9269866975000001
56.63603 0.9252159725000001
56.68772 0.9234455900000001
56.73942 0.921674865
56.79112 0.9199041400000001
56.84281 0.9181337575
56.89451 0.9163630325000002
56.94621 0.9145923075000001
56.9979 0.912821925
57.0496 0.9110512000000002
57.1013 0.909280475
57.15299 0.9075100924999999
57.20469 0.9057393675000001
57.25639 0.9039686425
57.30808 0.9021982600000001
57.35978 0.9004275350000001
57.41148 0.8986568100000002
57.46317 0.8968864275000001
57.51487 0.8951157024999999
57.56657 0.8933449775000001
57.61826 0.8915745950000001
57.66996 0.8898038699999999
57.72166 0.8880331450000001
57.77335 0.8862627625
57.82505 0.8844920375000002
57.87674 0.8827216550000001
57.92844 0.88095093
57.98014 0.8791802050000002
58.03183 0.8774098225000001
58.08353 0.8756390974999999
58.13523 0.8738683725
58.18692 0.87209799
58.23862 0.8703272650000001
58.29032 0.86855654
58.34201 0.8667861575
58.39371 0.8650154325000001
58.44541 0.8632447074999999
58.4971 0.861474325
58.5488 0.8597036
58.6005 0.8579328750000002
58.65219 0.8561624925000001
58.70389 0.8543917675
58.75559 0.8526210425000001
58.80728 0.8508506600000001
58.85898 0.849079935
58.91068 0.84730921
58.96237 0.8455388275000001
59.01407 0.8437681025000001
59.06577 0.8419973775
59.11746 0.840226995
59.16916 0.8384562700000001
59.22086 0.836685545
59.27255 0.8349151625
59.32425 0.8331444375000001
59.37594 0.8313740550000001
59.42764 0.8296033300000002
59.47934 0.827832605
59.53103 0.8260622225
59.58273 0.8242914975000001
59.63443 0.8225207725
59.68612 0.8207503899999999
59.73782 0.8189796650000001
59.78952 0.81720894
59.84121 0.8154385575000002
59.89291 0.8136678325000001
59.94461 0.8118971075000001
59.9963 0.8101267250000002
60.048 0.8287200000000008
60.0997 0.8488829999999995
60.15139 0.8690420999999997
60.20309 0.8892051000000013
60.25479 0.9093681
60.30648 0.9295272000000002
60.35818 0.9496901999999989
60.40988 0.9698532000000005
60.46157 0.9900123000000007
60.51327 1.0101752999999996
60.56497 1.030338300000001
60.61666 1.0504974000000014
60.66836 1.0706604
60.72006 1.0908233999999988
60.77175 1.110982499999999
60.82345 1.1311455000000006
60.87514 1.151304600000001
60.92684 1.1714675999999995
60.97854 1.191630600000001
61.03023 1.2117897000000013
61.08193 1.2319527
61.13363 1.2521156999999987
61.18532 1.272274799999999
61.23702 1.2924378000000005
61.28872 1.3126007999999993
61.34041 1.3327598999999997
61.39211 1.3529229000000011
61.44381 1.3730858999999997
61.4955 1.3932449999999998
61.5472 1.4134079999999987
61.5989 1.4335710000000002
61.65059 1.4537301000000005
61.70229 1.4738930999999993
61.75399 1.4940561000000008
61.80568 1.514215200000001
61.85738 1.5343781999999997
61.90908 1.5545412000000014
61.96077 1.5747002999999986
62.01247 1.5948633
62.06417 1.615026299999999
62.11586 1.6351853999999992
62.16756 1.6553484000000007
62.21926 1.6755113999999995
62.27095 1.6956704999999999
62.32265 1.7158335000000013
62.37434 1.7359925999999988
62.42604 1.7561556000000003
62.47774 1.7763185999999989
62.52943 1.7964776999999992
62.58113 1.8166407000000007
62.63283 1.8368036999999995
62.68452 1.8569627999999998
62.73622 1.8771258000000013
62.78792 1.8972887999999999
62.83961 1.9174479000000002
62.89131 1.937610899999999
62.94301 1.9577739000000005
62.9947 1.9779330000000008
63.0464 1.9980959999999994
63.0981 2.018259000000001
63.14979 2.0384181000000012
63.20149 2.0585811
63.25319 2.078744099999999
63.30488 2.0989031999999987
63.35658 2.1190662000000007
63.40828 2.139229199999999
63.45997 2.1593883
63.51167 2.179551300000001
63.56337 2.1997142999999997
63.61506 2.2198734
63.66676 2.240036399999999
63.71846 2.2601994000000003
63.77015 2.2803585
63.82185 2.3005214999999994
63.87354 2.3206805999999993
63.92524 2.3408436000000012
63.97694 2.3610065999999996
64.02863 2.381165700000003
64.08033 2.4013287000000014
64.13203 2.4214917000000002
64.18372 2.441650799999998
64.23542 2.461813800000002
64.28712 2.481976800000001
64.33881 2.502135899999998
64.39051 2.5222989000000027
64.44221 2.542461900000001
64.4939 2.5626209999999987
64.5456 2.5827839999999975
64.5973 2.6029470000000017
64.64899 2.6231060999999993
64.70069 2.6432690999999977
64.75239 2.6634321000000023
64.80408 2.6835911999999995
64.85578 2.7037541999999988
64.90748 2.7239172000000025
64.95917 2.7440763
65.01087 2.764239299999999
65.06257 2.7844022999999978
65.11426 2.8045614000000008
65.16596 2.8247243999999996
65.21766 2.8448873999999984
65.26935 2.8650465000000014
65.32105 2.8852094999999998
65.37274 2.9053685999999974
65.42444 2.9255316000000016
65.47614 2.9456946000000004
65.52783 2.965853699999998
65.57953 2.986016700000002
65.63123 3.006179700000001
65.68292 3.0263387999999987
65.73462 3.046501800000003
65.78632 3.0666648000000016
65.83801 3.086823899999999
65.88971 3.1069868999999977
65.94141 3.127149900000002
65.9931 3.1473089999999995
66.0448 3.1674719999999983
66.0965 3.1876350000000024
66.14819 3.2077941
66.19989 3.227957099999999
66.25159 3.2481200999999973
66.30328 3.2682792000000003
66.35498 3.288442199999999
66.40668 3.308605199999998
66.45837 3.328764300000001
66.51007 3.3489272999999997
66.56177 3.3690902999999985
66.61346 3.3892494000000015
66.66516 3.4094124000000003
66.71686 3.429575399999999
66.76855 3.449734500000002
66.82025 3.4698975000000005
66.87194 3.490056599999998
66.92364 3.5102196000000023
66.97534 3.530382600000001
67.02703 3.550541699999999
67.07873 3.5707046999999976
67.13043 3.5908677000000018
67.18212 3.6110267999999994
67.23382 3.631189799999998
67.28552 3.6513528000000024
67.33721 3.6715118999999996
67.38891 3.6916748999999984
67.44061 3.7118379000000026
67.4923 3.7319970000000002
67.544 3.752159999999999
67.5957 3.772322999999998
67.64739 3.792482100000001
67.69909 3.8126450999999997
67.75079 3.832808099999998
67.80248 3.852967200000001
67.85418 3.8731302
67.90588 3.8932931999999987
67.95757 3.9134523000000017
68.00927 3.9336153000000005
68.06097 3.9537782999999993
68.11266 3.9739374000000023
68.16436 3.994100400000001
68.21606 4.014263399999999
68.26775 4.034422500000003
68.31945 4.054585500000002
68.37114 4.074744599999999
68.42284 4.094907599999997
68.47454 4.115070600000002
68.52623 4.1352297
68.57793 4.155392699999998
68.62963 4.175555700000002
68.68132 4.1957148
68.73302 4.215877799999999
68.78472 4.236040799999998
68.83641 4.2561999
68.88811 4.276362899999999
68.93981 4.296525899999998
68.9915 4.316685000000001
69.0432 4.336848
69.0949 4.357010999999998
69.14659 4.377170100000002
69.19829 4.3973331
69.24999 4.417496099999999
69.30168 4.437655200000002
69.35338 4.4578182
69.40508 4.477981199999999
69.45677 4.498140300000003
69.50847 4.518303300000001
69.56017 4.5384663
69.61186 4.558625399999997
69.66356 4.578788400000002
69.71526 4.598951400000001
69.76695 4.619110499999998
69.81865 4.639273500000002
69.87034 4.6594326
69.92204 4.679595599999999
69.97374 4.699758600000003
70.02543 4.7199177
70.07713 4.740080699999999
70.12883 4.7602436999999975
70.18052 4.780402800000001
70.23222 4.800565799999999
70.28392 4.820728799999998
70.33561 4.840887900000002
70.38731 4.8610509
70.43901 4.881213899999999
70.4907 4.901373000000001
70.5424 4.921536
70.5941 4.941699
70.64579 4.961858100000002
70.69749 4.982021100000001
70.74919 5.002184099999999
70.80088 5.0223432000000034
70.85258 5.042506200000002
70.90428 5.0626692
70.95597 5.082828299999997
71.00767 5.102991300000001
71.05937 5.123154300000001
71.11106 5.1433133999999985
71.16276 5.163476400000002
71.21446 5.183639400000001
71.26615 5.2037984999999995
71.31785 5.223961500000003
71.36954 5.2441206000000005
71.42124 5.264283599999999
71.47294 5.284446599999997
71.52463 5.3046057000000015
71.57633 5.3247687
71.62803 5.344931699999998
71.67972 5.365090800000001
71.73142 5.385253800000001
71.78312 5.405416799999999
71.83481 5.425575900000002
71.88651 5.4457389
71.93821 5.465901899999999
71.9899 5.486061000000003
72.0416 5.506224000000001
72.0933 5.526387
72.14499 5.546546100000002
72.19669 5.566709100000002
72.24839 5.586872100000001
72.30008 5.607031199999998
72.35178 5.627194200000002
72.40348 5.6473572
72.45517 5.667516299999999
72.50687 5.687679300000003
72.55857 5.707842300000001
72.61026 5.728001399999998
72.66196 5.7481643999999985
72.71366 5.768327400000002
72.76535 5.788486499999999
72.81705 5.808649499999998
72.86874 5.8288086
72.92044 5.8489716000000005
72.97214 5.869134599999999
73.02383 5.889293700000001
73.07553 5.9094567
73.12723 5.9296197
73.17892 5.9497788000000025
73.23062 5.969941800000001
73.28232 5.990104799999999
73.33401 6.0102639000000035
73.38571 6.030426900000002
73.43741 6.0505899
73.4891 6.0707489999999975
73.5408 6.090912000000001
73.5925 6.111075000000001
73.64419 6.131234099999999
73.69589 6.151397100000002
73.74759 6.171560100000001
73.79928 6.191719199999998
73.85098 6.211882200000003
73.90268 6.232045200000002
73.95437 6.252204299999999
74.00607 6.272367299999997
74.05777 6.292530300000003
74.10946 6.3126894
74.16116 6.332852399999998
74.21286 6.353015400000002
74.26455 6.373174499999999
74.31625 6.3933374999999995
74.36794 6.413496600000002
74.41964 6.4336596
74.47134 6.453822599999999
74.52303 6.473981700000003
74.57473 6.494144700000001
74.62643 6.5143077
74.67812 6.534466800000002
74.72982 6.5546298000000025
74.78152 6.574792800000001
74.83321 6.594951899999998
74.88491 6.615114900000002
74.93661 6.6352779
74.9883 6.655436999999999
75.04 6.675600000000003
75.0917 6.695763000000001
75.14339 6.7159220999999985
75.19509 6.736085099999997
75.24679 6.756248100000002
75.29848 6.7764071999999995
75.35018 6.796570199999998
75.40188 6.816733200000002
75.45357 6.836892300000001
75.50527 6.857055299999999
75.55697 6.877218300000003
75.60866 6.8973774
75.66036 6.9175404
75.71206 6.937703399999998
75.76375 6.957862500000001
75.81545 6.978025499999999
75.86714 6.998184600000002
75.91884 7.018347600000002
75.97054 7.0385106
76.02223 7.058669699999998
76.07393 7.078832700000001
76.12563 7.0989957000000015
76.17732 7.119154799999999
76.22902 7.139317800000002
76.28072 7.159480800000001
76.33241 7.179639899999998
76.38411 7.1998029000000034
76.43581 7.219965900000002
76.4875 7.240124999999999
76.5392 7.260287999999997
76.5909 7.280451000000003
76.64259 7.3006101
76.69429 7.3207730999999985
76.74599 7.340936100000002
76.79768 7.361095199999999
76.84938 7.3812581999999995
76.90108 7.401421199999998
76.95277 7.4215803000000005
77.00447 7.441743299999999
77.05617 7.461906299999999
77.10786 7.4820654000000015
77.15956 7.5022284
77.21126 7.522391399999998
77.26295 7.542550500000001
77.31465 7.562713500000001
77.36634 7.582872599999998
77.41804 7.603035600000002
77.46974 7.6231986
77.52143 7.643357699999999
77.57313 7.663520700000003
77.62483 7.683683700000001
77.67652 7.7038427999999985
77.72822 7.724005799999997
77.77992 7.744168800000002
77.83161 7.7643279
77.88331 7.784490899999998
77.93501 7.804653900000002
77.9867 7.824813000000001
78.0384 7.844975999999999
78.0901 7.865139000000003
78.14179 7.8852981
78.19349 7.905461099999998
78.24519 7.9256240999999985
78.29688 7.945783200000001
78.34858 7.965946199999999
78.40028 7.986109199999998
78.45197 8.006268300000002
78.50367 8.0264313
78.55537 8.046594299999999
78.60706 8.066753400000001
78.65876 8.0869164
78.71046 8.1070794
78.76215 8.127238500000002
78.81385 8.1474015
78.86554 8.167560599999998
78.91724 8.187723600000004
78.96894 8.207886600000002
79.02063 8.2280457
79.07233 8.248208699999998
79.12403 8.268371700000003
79.17572 8.2885308
79.22742 8.308693799999999
79.27912 8.328856800000002
79.33081 8.3490159
79.38251 8.3691789
79.43421 8.389341899999998
79.4859 8.409501
79.5376 8.429663999999999
79.5893 8.449826999999997
79.64099 8.469986100000002
79.69269 8.4901491
79.74439 8.510312099999998
79.79608 8.530471200000001
79.84778 8.550634200000001
79.89948 8.5707972
79.95117 8.590956300000002
80.00287 8.6111193
80.05457 8.6312823
80.10626 8.651441400000003
80.15796 8.671604400000001
80.20966 8.6917674
80.26135 8.711926499999997
80.31305 8.732089500000003
80.36474 8.7522486
80.41644 8.772411599999998
80.46814 8.792574600000002
80.51983 8.8127337
80.57153 8.8328967
80.62323 8.853059700000003
80.67492 8.8732188
80.72662 8.8933818
80.77832 8.913544799999999
80.83001 8.933703900000001
80.88171 8.9538669
80.93341 8.9740299
80.9851 8.994189000000002
81.0368 9.014352
81.0885 9.034514999999999
81.14019 9.054674100000002
81.19189 9.074837100000002
81.24359 9.0950001
81.29528 9.115159200000003
81.34698 9.135322200000001
81.39868 9.155485200000001
81.45037 9.175644300000004
81.50207 9.195807300000002
81.55377 9.2159703
81.60546 9.236129399999998
81.65716 9.256292400000003
81.70886 9.276455400000001
81.76055 9.296614499999999
81.81225 9.316777500000002
81.86394 9.336936600000001
81.91564 9.3570996
81.96734 9.377262599999998
82.01903 9.3974217
82.07073 9.417584699999999
82.12243 9.4377477
82.17412 9.457906800000002
82.22582 9.4780698
82.27752 9.498232799999998
82.32921 9.518391900000003
82.38091 9.538554900000001
82.43261 9.5587179
82.4843 9.578877000000002
82.536 9.59904
82.5877 9.619203
82.63939 9.639362100000003
82.69109 9.659525100000002
82.74279 9.6796881
82.79448 9.699847199999999
82.84618 9.720010200000003
82.89788 9.740173200000001
82.94957 9.760332299999998
83.00127 9.780495300000004
83.05297 9.800658300000002
83.10466 9.8208174
83.15636 9.840980400000003
83.20806 9.861143400000001
83.25975 9.8813025
83.31145 9.901465499999999
83.36314 9.921624600000001
83.41484 9.9417876
83.46654 9.961950599999998
83.51823 9.982109700000002
83.56993 10.0022727
83.62163 10.022435699999999
83.67332 10.042594800000002
83.72502 10.062757800000002
83.77672 10.0829208
83.82841 10.103079900000003
83.88011 10.123242900000001
83.93181 10.1434059
83.9835 10.163565000000004
84.0352 10.183728000000002
84.0869 10.203891
84.13859 10.224050099999998
84.19029 10.244213100000003
84.24199 10.264376100000002
84.29368 10.284535199999999
84.34538 10.304698200000002
84.39708 10.324861200000003
84.44877 10.3450203
84.50047 10.365183300000004
84.55217 10.385346300000002
84.60386 10.4055054
84.65556 10.4256684
84.70726 10.445831400000003
84.75895 10.4659905
84.81065 10.486153499999999
84.86234 10.506312600000003
84.91404 10.526475600000001
84.96574 10.5466386
85.01743 10.566797700000002
85.06913 10.5869607
85.12083 10.6071237
85.17252 10.627282800000003
85.22422 10.647445800000002
85.27592 10.6676088
85.32761 10.687767900000004
85.37931 10.707930900000003
85.43101 10.728093900000001
85.4827 10.748252999999998
85.5344 10.768416000000002
85.5861 10.788579000000002
85.63779 10.8087381
85.68949 10.828901100000003
85.74119 10.849064100000001
85.79288 10.8692232
85.84458 10.889386199999999
85.89628 10.909549200000003
85.94797 10.9297083
85.99967 10.949871299999998
86.05137 10.970034300000004
86.10306 10.9901934
86.15476 11.0103564
86.20646 11.030519400000003
86.25815 11.050678500000002
86.30985 11.0708415
86.36154 11.091000600000003
86.41324 11.111163600000001
86.46494 11.1313266
86.51663 11.151485700000004
86.56833 11.171648700000002
86.62003 11.1918117
86.67172 11.211970799999998
86.72342 11.232133800000003
86.77512 11.252296800000002
86.82681 11.272455899999999
86.87851 11.292618900000003
86.93021 11.312781900000001
86.9819 11.332941
87.0336 11.353104000000004
87.0853 11.373267000000002
87.13699 11.3934261
87.18869 11.4135891
87.24039 11.433752100000003
87.29208 11.4539112
87.34378 11.474074199999999
87.39548 11.494237200000004
87.44717 11.514396300000001
87.49887 11.5345593
87.55057 11.554722299999998
87.60226 11.5748814
87.65396 11.5950444
87.70566 11.6152074
87.75735 11.635366500000002
87.80905 11.6555295
87.86074 11.675688600000004
87.91244 11.695851600000003
87.96414 11.716014600000001
88.01583 11.736173699999998
88.06753 11.756336700000002
88.11923 11.776499700000002
88.17092 11.7966588
88.22262 11.816821800000003
88.27432 11.836984800000002
88.32601 11.857143899999999
88.37771 11.877306899999999
88.42941 11.897469900000003
88.4811 11.917629
88.5328 11.937791999999998
88.5845 11.957955000000004
88.63619 11.9781141
88.68789 11.9982771
88.73959 12.018440100000003
88.79128 12.0385992
88.84298 12.0587622
88.89468 12.078925199999999
88.94637 12.099084300000001
88.99807 12.1192473
89.04977 12.1394103
89.10146 12.159569400000002
89.15316 12.1797324
89.20486 12.199895399999999
89.25655 12.220054500000003
89.30825 12.240217500000002
89.35994 12.260376599999999
89.41164 12.280539600000003
89.46334 12.300702600000001
89.51503 12.3208617
89.56673 12.341024700000004
89.61843 12.361187700000002
89.67012 12.3813468
89.72182 12.401509799999998
89.77352 12.421672800000003
89.82521 12.4418319
89.87691 12.461994899999999
89.92861 12.482157900000002
89.9803 12.502317000000001
90.032 12.52248
90.0837 12.542642999999998
90.13539 12.5628021
90.18709 12.582965100000001
90.23879 12.6031281
90.29048 12.623287200000002
90.34218 12.6434502
90.39388 12.663613199999999
90.44557 12.683772300000003
90.49727 12.703935300000001
90.54897 12.7240983
90.60066 12.744257400000002
90.65236 12.764420400000002
90.70406 12.7845834
90.75575 12.804742500000003
90.80745 12.824905500000002
90.85914 12.845064599999999
90.91084 12.865227599999999
90.96254 12.885390600000003
91.01423 12.9055497
91.06593 12.925712699999998
91.11763 12.945875700000004
91.16932 12.966034800000001
91.22102 12.9861978
91.27272 13.006360800000003
91.32441 13.0265199
91.37611 13.0466829
91.42781 13.066845899999999
91.4795 13.087005000000001
91.5312 13.107168
91.5829 13.127331
91.63459 13.147490100000002
91.68629 13.1676531
91.73799 13.1878161
91.78968 13.207975200000002
91.84138 13.228138200000002
91.89308 13.2483012
91.94477 13.268460300000003
91.99647 13.288623300000001
92.04817 13.308786300000001
92.09986 13.328945400000004
92.15156 13.349108400000002
92.20326 13.3692714
92.25495 13.389430499999998
92.30665 13.409593500000003
92.35834 13.4297526
92.41004 13.449915599999999
92.46174 13.470078600000003
92.51343 13.490237700000002
92.56513 13.5104007
92.61683 13.530563699999998
92.66852 13.5507228
92.72022 13.5708858
92.77192 13.5910488
92.82361 13.611207900000002
92.87531 13.6313709
92.92701 13.651533899999999
92.9787 13.671693000000003
93.0304 13.691856000000001
93.0821 13.712019
93.13379 13.732178100000002
93.18549 13.7523411
93.23719 13.7725041
93.28888 13.792663200000003
93.34058 13.812826200000002
93.39228 13.8329892
93.44397 13.853148299999999
93.49567 13.873311300000003
93.54737 13.893474300000001
93.59906 13.913633399999998
93.65076 13.933796400000004
93.70246 13.953959400000002
93.75415 13.9741185
93.80585 13.994281500000003
93.85754 14.0144406
93.90924 14.0346036
93.96094 14.054766599999999
94.01263 14.074925700000001
94.06433 14.0950887
94.11603 14.115251699999998
94.16772 14.135410800000002
94.21942 14.1555738
94.27112 14.1757368
94.32281 14.195895900000002
94.37451 14.216058900000002
94.42621 14.2362219
94.4779 14.256381000000003
94.5296 14.276544000000001
94.5813 14.296707
94.63299 14.316866100000004
94.68469 14.337029100000002
94.73639 14.3571921
94.78808 14.377351199999998
94.83978 14.397514200000003
94.89148 14.417677200000002
94.94317 14.437836299999999
94.99487 14.457999300000003
95.04657 14.478162300000003
95.09826 14.4983214
95.14996 14.518484399999998
95.20166 14.538647400000002
95.25335 14.5588065
95.30505 14.5789695
95.35674 14.599128600000002
95.40844 14.6192916
95.46014 14.639454599999999
95.51183 14.659613700000003
95.56353 14.679776700000001
95.61523 14.6999397
95.66692 14.720098800000002
95.71862 14.7402618
95.77032 14.760424800000001
95.82201 14.780583900000003
95.87371 14.800746900000002
95.92541 14.8209099
95.9771 14.841068999999997
96.0288 14.861232000000003
96.0805 14.881395000000001
96.13219 14.901554099999998
96.18389 14.921717100000002
96.23559 14.941880100000002
96.28728 14.9620392
96.33898 14.982202200000003
96.39068 15.002365200000002
96.44237 15.0225243
96.49407 15.042687299999999
96.54577 15.062850300000003
96.59746 15.0830094
96.64916 15.103172399999998
96.70086 15.123335400000004
96.75255 15.143494500000001
96.80425 15.1636575
96.85594 15.183816600000002
96.90764 15.203979600000002
96.95934 15.2241426
97.01103 15.244301700000003
97.06273 15.264464700000001
97.11443 15.2846277
97.16612 15.304786800000004
97.21782 15.324949800000002
97.26952 15.3451128
97.32121 15.365271899999998
97.37291 15.385434900000003
97.42461 15.405597900000002
97.4763 15.425756999999999
97.528 15.445920000000003
97.5797 15.466083000000001
97.63139 15.4862421
97.68309 15.506405100000004
97.73479 15.526568100000002
97.78648 15.5467272
97.83818 15.5668902
97.88988 15.587053200000003
97.94157 15.6072123
97.99327 15.627375299999999
98.04497 15.647538300000004
98.09666 15.667697400000002
98.14836 15.6878604
98.20006 15.708023399999998
98.25175 15.7281825
98.30345 15.748345500000001
98.35514 15.768504600000004
98.40684 15.788667600000002
98.45854 15.8088306
98.51023 15.828989700000005
98.56193 15.849152700000003
98.61363 15.869315700000001
98.66532 15.889474799999999
98.71702 15.909637800000002
98.76872 15.929800800000002
98.82041 15.9499599
98.87211 15.970122900000003
98.92381 15.990285900000002
98.9755 16.010444999999997
99.0272 16.030607999999997
99.0789 16.050771
99.13059 16.070930099999998
99.18229 16.0910931
99.23399 16.111256100000002
99.28568 16.1314152
99.33738 16.1515782
99.38908 16.171741200000003
99.44077 16.1919003
99.49247 16.2120633
99.54417 16.232226299999997
99.59586 16.2523854
99.64756 16.272548399999998
99.69926 16.292711399999998
99.75095 16.312870500000002
99.80265 16.3330335
99.85434 16.353192599999996
99.90604 16.373355600000004
99.95774 16.3935186
100.00943 16.41
100.06113 16.41
100.11283 16.41
100.16452 16.41
100.21622 16.41
100.26792 16.41
100.31961 16.41
100.37131 16.41
100.42301 16.41
100.4747 16.41
100.5264 16.41
100.5781 16.41
100.62979 16.41
100.68149 16.41
100.73319 16.41
100.78488 16.41
100.83658 16.41
100.88828 16.41
100.93997 16.41
100.99167 16.41
101.04337 16.41
101.09506 16.41
101.14676 16.41
101.19846 16.41
101.25015 16.41
101.30185 16.41
101.35354 16.41
101.40524 16.41
101.45694 16.41
101.50863 16.41
101.56033 16.41
101.61203 16.41
101.66372 16.41
101.71542 16.41
101.76712 16.41
101.81881 16.41
101.87051 16.41
101.92221 16.41
101.9739 16.41
102.0256 16.41
102.0773 16.41
102.12899 16.41
102.18069 16.41
102.23239 16.41
102.28408 16.41
102.33578 16.41
102.38748 16.41
102.43917 16.41
102.49087 16.41
102.54257 16.41
102.59426 16.41
102.64596 16.41
102.69766 16.41
102.74935 16.41
102.80105 16.41
102.85274 16.41
102.90444 16.41
102.95614 16.41
103.00783 16.41
103.05953 16.41
103.11123 16.41
103.16292 16.41
103.21462 16.41
103.26632 16.41
103.31801 16.41
103.36971 16.41
103.42141 16.41
103.4731 16.41
103.5248 16.41
103.5765 16.41
103.62819 16.41
103.67989 16.41
103.73159 16.41
103.78328 16.41
103.83498 16.41
103.88668 16.41
103.93837 16.41
103.99007 16.41
104.04177 16.41
104.09346 16.41
104.14516 16.41
104.19686 16.41
104.24855 16.41
104.30025 16.41
104.35194 16.41
104.40364 16.41
104.45534 16.41
104.50703 16.41
104.55873 16.41
104.61043 16.41
104.66212 16.41
104.71382 16.41
104.76552 16.41
104.81721 16.41
104.86891 16.41
104.92061 16.41
104.9723 16.41
105.024 16.41
105.0757 16.41
105.12739 16.41
105.17909 16.41
105.23079 16.41
105.28248 16.41
105.33418 16.41
105.38588 16.41
105.43757 16.41
105.48927 16.41
105.54097 16.41
105.59266 16.41
105.64436 16.41
105.69606 16.41
105.74775 16.41
105.79945 16.41
105.85114 16.41
105.90284 16.41
105.95454 16.41
106.00623 16.41
106.05793 16.41
106.10963 16.41
106.16132 16.41
106.21302 16.41
106.26472 16.41
106.31641 16.41
106.36811 16.41
106.41981 16.41
106.4715 16.41
106.5232 16.41
106.5749 16.41
106.62659 16.41
106.67829 16.41
106.72999 16.41
106.78168 16.41
106.83338 16.41
106.88508 16.41
106.93677 16.41
106.98847 16.41
107.04017 16.41
107.09186 16.41
107.14356 16.41
107.19526 16.41
107.24695 16.41
107.29865 16.41
107.35034 16.41
107.40204 16.41
107.45374 16.41
107.50543 16.41
107.55713 16.41
107.60883 16.41
107.66052 16.41
107.71222 16.41
107.76392 16.41
107.81561 16.41
107.86731 16.41
107.91901 16.41
107.9707 16.41
108.0224 16.41
108.0741 16.41
108.12579 16.41
108.17749 16.41
108.22919 16.41
108.28088 16.41
108.33258 16.41
108.38428 16.41
108.43597 16.41
108.48767 16.41
108.53937 16.41
108.59106 16.41
108.64276 16.41
108.69446 16.41
108.74615 16.41
108.79785 16.41
108.84954 16.41
108.90124 16.41
108.95294 16.41
109.00463 16.41
109.05633 16.41
109.10803 16.41
109.15972 16.41
109.21142 16.41
109.26312 16.41
109.31481 16.41
109.36651 16.41
109.41821 16.41
109.4699 16.41
109.5216 16.41
109.5733 16.41
109.62499 16.41
109.67669 16.41
109.72839 16.41
109.78008 16.41
109.83178 16.41
109.88348 16.41
109.93517 16.41
109.98687 16.41
110.03857 16.41
110.09026 16.41
110.14196 16.41
110.19366 16.41
110.24535 16.41
110.29705 16.41
110.34874 16.41
110.40044 16.41
110.45214 16.41
110.50383 16.41
110.55553 16.41
110.60723 16.41
110.65892 16.41
110.71062 16.41
110.76232 16.41
110.81401 16.41
110.86571 16.41
110.91741 16.41
110.9691 16.41
111.0208 16.41
111.0725 16.41
111.12419 16.41
111.17589 16.41
111.22759 16.41
111.27928 16.41
111.33098 16.41
111.38268 16.41
111.43437 16.41
111.48607 16.41
111.53777 16.41
111.58946 16.41
111.64116 16.41
111.69286 16.41
111.74455 16.41
111.79625 16.41
111.84794 16.41
111.89964 16.41
111.95134 16.41
112.00303 16.41
112.05473 16.41
112.10643 16.41
112.15812 16.41
112.20982 16.41
112.26152 16.41
112.31321 16.41
112.36491 16.41
112.41661 16.41
112.4683 16.41
112.52 16.41
112.5717 16.41
112.62339 16.41
112.67509 16.41
112.72679 16.41
112.77848 16.41
112.83018 16.41
112.88188 16.41
112.93357 16.41
112.98527 16.41
113.03697 16.41
113.08866 16.41
113.14036 16.41
113.19206 16.41
113.24375 16.41
113.29545 16.41
113.34714 16.41
113.39884 16.41
113.45054 16.41
113.50223 16.41
113.55393 16.41
113.60563 16.41
113.65732 16.41
113.70902 16.41
113.76072 16.41
113.81241 16.41
113.86411 16.41
113.91581 16.41
113.9675 16.41
114.0192 16.41
114.0709 16.41
114.12259 16.41
114.17429 16.41
114.22599 16.41
114.27768 16.41
114.32938 16.41
114.38108 16.41
114.43277 16.41
114.48447 16.41
114.53617 16.41
114.58786 16.41
114.63956 16.41
114.69126 16.41
114.74295 16.41
114.79465 16.41
114.84634 16.41
114.89804 16.41
114.94974 16.41
115.00143 16.41
115.05313 16.41
115.10483 16.41
115.15652 16.41
115.20822 16.41
115.25992 16.41
115.31161 16.41
115.36331 16.41
115.41501 16.41
115.4667 16.41
115.5184 16.41
115.5701 16.41
115.62179 16.41
115.67349 16.41
115.72519 16.41
115.77688 16.41
115.82858 16.41
115.88028 16.41
115.93197 16.41
115.98367 16.41
116.03537 16.41
116.08706 16.41
116.13876 16.41
116.19046 16.41
116.24215 16.41
116.29385 16.41
116.34554 16.41
116.39724 16.41
116.44894 16.41
116.50063 16.41
116.55233 16.41
116.60403 16.41
116.65572 16.41
116.70742 16.41
116.75912 16.41
116.81081 16.41
116.86251 16.41
116.91421 16.41
116.9659 16.41
117.0176 16.41
117.0693 16.41
117.12099 16.41
117.17269 16.41
117.22439 16.41
117.27608 16.41
117.32778 16.41
117.37948 16.41
117.43117 16.41
117.48287 16.41
117.53457 16.41
117.58626 16.41
117.63796 16.41
117.68966 16.41
117.74135 16.41
117.79305 16.41
117.84474 16.41
117.89644 16.41
117.94814 16.41
117.99983 16.41
118.05153 16.41
118.10323 16.41
118.15492 16.41
118.20662 16.41
118.25832 16.41
118.31001 16.41
118.36171 16.41
118.41341 16.41
118.4651 16.41
118.5168 16.41
118.5685 16.41
118.62019 16.41
118.67189 16.41
118.72359 16.41
118.77528 16.41
118.82698 16.41
118.87868 16.41
118.93037 16.41
118.98207 16.41
119.03377 16.41
119.08546 16.41
119.13716 16.41
119.18886 16.41
119.24055 16.41
119.29225 16.41
119.34394 16.41
119.39564 16.41
119.44734 16.41
119.49903 16.41
119.55073 16.41
119.60243 16.41
119.65412 16.41
119.70582 16.41
119.75752 16.41
119.80921 16.41
119.86091 16.41
119.91261 16.41
119.9643 16.41
120.016 16.41
120.0677 16.41
120.11939 16.41
120.17109 16.41
120.22279 16.41
120.27448 16.41
120.32618 16.41
120.37788 16.41
120.42957 16.41
120.48127 16.41
120.53297 16.41
120.58466 16.41
120.63636 16.41
120.68806 16.41
120.73975 16.41
120.79145 16.41
120.84314 16.41
120.89484 16.41
120.94654 16.41
120.99823 16.41
121.04993 16.41
121.10163 16.41
121.15332 16.41
121.20502 16.41
121.25672 16.41
121.30841 16.41
121.36011 16.41
121.41181 16.41
121.4635 16.41
121.5152 16.41
121.5669 16.41
121.61859 16.41
121.67029 16.41
121.72199 16.41
121.77368 16.41
121.82538 16.41
121.87708 16.41
121.92877 16.41
121.98047 16.41
122.03217 16.41
122.08386 16.41
122.13556 16.41
122.18726 16.41
122.23895 16.41
122.29065 16.41
122.34234 16.41
122.39404 16.41
122.44574 16.41
122.49743 16.41
122.54913 16.41
122.60083 16.41
122.65252 16.41
122.70422 16.41
122.75592 16.41
122.80761 16.41
122.85931 16.41
122.91101 16.41
122.9627 16.41
123.0144 16.41
123.0661 16.41
123.11779 16.41
123.16949 16.41
123.22119 16.41
123.27288 16.41
123.32458 16.41
123.37628 16.41
123.42797 16.41
123.47967 16.41
123.53137 16.41
123.58306 16.41
123.63476 16.41
123.68646 16.41
123.73815 16.41
123.78985 16.41
123.84154 16.41
123.89324 16.41
123.94494 16.41
123.99663 16.41
124.04833 16.41
124.10003 16.41
124.15172 16.41
124.20342 16.41
124.25512 16.41
124.30681 16.41
124.35851 16.41
124.41021 16.41
124.4619 16.41
124.5136 16.41
124.5653 16.41
124.61699 16.41
124.66869 16.41
124.72039 16.41
124.77208 16.41
124.82378 16.41
124.87548 16.41
124.92717 16.41
124.97887 16.41
125.03057 16.41
125.08226 16.41
125.13396 16.41
125.18566 16.41
125.23735 16.41
125.28905 16.41
125.34074 16.41
125.39244 16.41
125.44414 16.41
125.49583 16.41
125.54753 16.41
125.59923 16.41
125.65092 16.41
125.70262 16.41
125.75432 16.41
125.80601 16.41
125.85771 16.41
125.90941 16.41
125.9611 16.41
126.0128 16.41
126.0645 16.41
126.11619 16.41
126.16789 16.41
126.21959 16.41
126.27128 16.41
126.32298 16.41
126.37468 16.41
126.42637 16.41
126.47807 16.41
126.52977 16.41
126.58146 16.41
126.63316 16.41
126.68486 16.41
126.73655 16.41
126.78825 16.41
126.83994 16.41
126.89164 16.41
126.94334 16.41
126.99503 16.41
127.04673 16.41
127.09843 16.41
127.15012 16.41
127.20182 16.41
127.25352 16.41
127.30521 16.41
127.35691 16.41
127.40861 16.41
127.4603 16.41
127.512 16.41
127.5637 16.41
127.61539 16.41
127.66709 16.41
127.71879 16.41
127.77048 16.41
127.82218 16.41
127.87388 16.41
127.92557 16.41
127.97727 16.41
128.02897 16.41
128.08066 16.41
128.13236 16.41
128.18406 16.41
128.23575 16.41
128.28745 16.41
128.33914 16.41
128.39084 16.41
128.44254 16.41
128.49423 16.41
128.54593 16.41
128.59763 16.41
128.64932 16.41
128.70102 16.41
128.75272 16.41
128.80441 16.41
128.85611 16.41
128.90781 16.41
128.9595 16.41
129.0112 16.41
129.0629 16.41
129.11459 16.41
129.16629 16.41
129.21799 16.41
129.26968 16.41
129.32138 16.41
129.37308 16.41
129.42477 16.41
129.47647 16.41
129.52817 16.41
129.57986 16.41
129.63156 16.41
129.68326 16.41
129.73495 16.41
129.78665 16.41
129.83834 16.41
129.89004 16.41
129.94174 16.41
129.99343 16.41
130.04513 16.41
130.09683 16.41
130.14852 16.41
130.20022 16.41
130.25192 16.41
130.30361 16.41
130.35531 16.41
130.40701 16.41
130.4587 16.41
130.5104 16.41
130.5621 16.41
130.61379 16.41
130.66549 16.41
130.71719 16.41
130.76888 16.41
130.82058 16.41
130.87228 16.41
130.92397 16.41
130.97567 16.41
131.02737 16.41
131.07906 16.41
131.13076 16.41
131.18246 16.41
131.23415 16.41
131.28585 16.41
131.33754 16.41
131.38924 16.41
131.44094 16.41
131.49263 16.41
131.54433 16.41
131.59603 16.41
131.64772 16.41
131.69942 16.41
131.75112 16.41
131.80281 16.41
131.85451 16.41
131.90621 16.41
131.9579 16.41
132.0096 16.41
132.0613 16.41
132.11299 16.41
132.16469 16.41
132.21639 16.41
132.26808 16.41
132.31978 16.41
132.37148 16.41
132.42317 16.41
132.47487 16.41
132.52657 16.41
132.57826 16.41
132.62996 16.41
132.68166 16.41
132.73335 16.41
132.78505 16.41
132.83674 16.41
132.88844 16.41
132.94014 16.41
132.99183 16.41
133.04353 16.41
133.09523 16.41
133.14692 16.41
133.19862 16.41
133.25032 16.41
133.30201 16.41
133.35371 16.41
133.40541 16.41
133.4571 16.41
133.5088 16.41
133.5605 16.41
133.61219 16.41
133.66389 16.41
133.71559 16.41
133.76728 16.41
133.81898 16.41
133.87068 16.41
133.92237 16.41
133.97407 16.41
134.02577 16.41
134.07746 16.41
134.12916 16.41
134.18086 16.41
134.23255 16.41
134.28425 16.41
134.33594 16.41
134.38764 16.41
134.43934 16.41
134.49103 16.41
134.54273 16.41
134.59443 16.41
134.64612 16.41
134.69782 16.41
134.74952 16.41
134.80121 16.41
134.85291 16.41
134.90461 16.41
134.9563 16.41
135.008 16.41
135.0597 16.41
135.11139 16.41
135.16309 16.41
135.21479 16.41
135.26648 16.41
135.31818 16.41
135.36988 16.41
135.42157 16.41
135.47327 16.41
135.52497 16.41
135.57666 16.41
135.62836 16.41
135.68006 16.41
135.73175 16.41
135.78345 16.41
135.83514 16.41
135.88684 16.41
135.93854 16.41
135.99023 16.41
136.04193 16.41
136.09363 16.41
136.14532 16.41
136.19702 16.41
136.24872 16.41
136.30041 16.41
136.35211 16.41
136.40381 16.41
136.4555 16.41
136.5072 16.41
136.5589 16.41
136.61059 16.41
136.66229 16.41
136.71399 16.41
136.76568 16.41
136.81738 16.41
136.86908 16.41
136.92077 16.41
136.97247 16.41
137.02417 16.41
137.07586 16.41
137.12756 16.41
137.17926 16.41
137.23095 16.41
137.28265 16.41
137.33434 16.41
137.38604 16.41
137.43774 16.41
137.48943 16.41
137.54113 16.41
137.59283 16.41
137.64452 16.41
137.69622 16.41
137.74792 16.41
137.79961 16.41
137.85131 16.41
137.90301 16.41
137.9547 16.41
138.0064 16.41
138.0581 16.41
138.10979 16.41
138.16149 16.41
138.21319 16.41
138.26488 16.41
138.31658 16.41
138.36828 16.41
138.41997 16.41
138.47167 16.41
138.52337 16.41
138.57506 16.41
138.62676 16.41
138.67846 16.41
138.73015 16.41
138.78185 16.41
138.83354 16.41
138.88524 16.41
138.93694 16.41
138.98863 16.41
139.04033 16.41
139.09203 16.41
139.14372 16.41
139.19542 16.41
139.24712 16.41
139.29881 16.41
139.35051 16.41
139.40221 16.41
139.4539 16.41
139.5056 16.41
139.5573 16.41
139.60899 16.41
139.66069 16.41
139.71239 16.41
139.76408 16.41
139.81578 16.41
139.86748 16.41
139.91917 16.41
139.97087 16.41
140.02257 16.41
140.07426 16.41
140.12596 16.41
140.17766 16.41
140.22935 16.41
140.28105 16.41
140.33274 16.41
140.38444 16.41
140.43614 16.41
140.48783 16.41
140.53953 16.41
140.59123 16.41
140.64292 16.41
140.69462 16.41
140.74632 16.41
140.79801 16.41
140.84971 16.41
140.90141 16.41
140.9531 16.41
141.0048 16.41
141.0565 16.41
141.10819 16.41
141.15989 16.41
141.21159 16.41
141.26328 16.41
141.31498 16.41
141.36668 16.41
141.41837 16.41
141.47007 16.41
141.52177 16.41
141.57346 16.41
141.62516 16.41
141.67686 16.41
141.72855 16.41
141.78025 16.41
141.83194 16.41
141.88364 16.41
141.93534 16.41
141.98703 16.41
142.03873 16.41
142.09043 16.41
142.14212 16.41
142.19382 16.41
142.24552 16.41
142.29721 16.41
142.34891 16.41
142.40061 16.41
142.4523 16.41
142.504 16.41
142.5557 16.41
142.60739 16.41
142.65909 16.41
142.71079 16.41
142.76248 16.41
142.81418 16.41
142.86588 16.41
142.91757 16.41
142.96927 16.41
143.02097 16.41
143.07266 16.41
143.12436 16.41
143.17606 16.41
143.22775 16.41
143.27945 16.41
143.33114 16.41
143.38284 16.41
143.43454 16.41
143.48623 16.41
143.53793 16.41
143.58963 16.41
143.64132 16.41
143.69302 16.41
143.74472 16.41
143.79641 16.41
143.84811 16.41
143.89981 16.41
143.9515 16.41
144.0032 16.41
144.0549 16.41
144.10659 16.41
144.15829 16.41
144.20999 16.41
144.26168 16.41
144.31338 16.41
144.36508 16.41
144.41677 16.41
144.46847 16.41
144.52017 16.41
144.57186 16.41
144.62356 16.41
144.67526 16.41
144.72695 16.41
144.77865 16.41
144.83034 16.41
144.88204 16.41
144.93374 16.41
144.98543 16.41
145.03713 16.41
145.08883 16.41
145.14052 16.41
145.19222 16.41
145.24392 16.41
145.29561 16.41
145.34731 16.41
145.39901 16.41
145.4507 16.41
145.5024 16.41
145.5541 16.41
145.60579 16.41
145.65749 16.41
145.70919 16.41
145.76088 16.41
145.81258 16.41
145.86428 16.41
145.91597 16.41
145.96767 16.41
146.01937 16.41
146.07106 16.41
146.12276 16.41
146.17446 16.41
146.22615 16.41
146.27785 16.41
146.32954 16.41
146.38124 16.41
146.43294 16.41
146.48463 16.41
146.53633 16.41
146.58803 16.41
146.63972 16.41
146.69142 16.41
146.74312 16.41
146.79481 16.41
146.84651 16.41
146.89821 16.41
146.9499 16.41
147.0016 16.41
147.0533 16.41
147.10499 16.41
147.15669 16.41
147.20839 16.41
147.26008 16.41
147.31178 16.41
147.36348 16.41
147.41517 16.41
147.46687 16.41
147.51857 16.41
147.57026 16.41
147.62196 16.41
147.67366 16.41
147.72535 16.41
147.77705 16.41
147.82874 16.41
147.88044 16.41
147.93214 16.41
147.98383 16.41
148.03553 16.41
148.08723 16.41
148.13892 16.41
148.19062 16.41
148.24232 16.41
148.29401 16.41
148.34571 16.41
148.39741 16.41
148.4491 16.41
148.5008 16.41
148.5525 16.41
148.60419 16.41
148.65589 16.41
148.70759 16.41
148.75928 16.41
148.81098 16.41
148.86268 16.41
148.91437 16.41
148.96607 16.41
149.01777 16.41
149.06946 16.41
149.12116 16.41
149.17286 16.41
149.22455 16.41
149.27625 16.41
149.32794 16.41
149.37964 16.41
149.43134 16.41
149.48303 16.41
149.53473 16.41
149.58643 16.41
149.63812 16.41
149.68982 16.41
149.74152 16.41
149.79321 16.41
149.84491 16.41
149.89661 16.41
149.9483 16.41
150.0 16.41
