# metallicity0.008    # mass  # Metal_eject_mass
0.08 0.00221
0.1317 0.00221
0.18339 0.00221
0.23509 0.00221
0.28679 0.00221
0.33848 0.00221
0.39018 0.00221
0.44188 0.00221
0.49357 0.00221
0.54527 0.00221
0.59697 0.00221
0.64866 0.00221
0.70036 0.00221
0.75206 0.00221
0.80375 0.00221
0.85545 0.0022532794117647065
0.90714 0.002663758823529411
0.95884 0.0031087297297297295
1.01054 0.0035642784810126582
1.06223 0.004022291139240507
1.11393 0.004306891566265061
1.16563 0.004595776470588235
1.21732 0.005021458823529411
1.26902 0.0072144999999999996
1.32072 0.010418130434782607
1.37241 0.011485641304347824
1.42411 0.012999706521739129
1.47581 0.015416119565217391
1.5275 0.018264285714285716
1.5792 0.021464761904761903
1.6309 0.02443714285714286
1.68259 0.027232542168674698
1.73429 0.02966181927710844
1.78599 0.032418951219512195
1.83768 0.03537866666666666
1.88938 0.03840528000000001
1.94108 0.03998592
1.99277 0.041226479999999996
2.04447 0.043178799999999996
2.09617 0.04524679999999999
2.14786 0.0473144
2.19956 0.04938239999999999
2.25126 0.050766933333333326
2.30295 0.05214533333333333
2.35465 0.053523999999999995
2.40634 0.054902400000000004
2.45804 0.056281066666666664
2.50974 0.05761428
2.56143 0.058751460000000005
2.61313 0.05988886
2.66483 0.06102626
2.71652 0.06216344
2.76822 0.06330084
2.81992 0.06443824000000001
2.87161 0.06557542
2.92331 0.06671282
2.97501 0.06785022
3.0267 0.06787134
3.0784 0.06684768
3.1301 0.06582402
3.18179 0.06480055800000001
3.23349 0.063776898
3.28519 0.062753238
3.33688 0.06172977600000001
3.38858 0.060706116
3.44028 0.059682456
3.49197 0.058658994000000006
3.54367 0.05771394
3.59537 0.05678334
3.64706 0.05585292
3.69876 0.054922320000000004
3.75046 0.05399172000000001
3.80215 0.0530613
3.85385 0.0521307
3.90554 0.05120028000000001
3.95724 0.05026968
4.00894 0.049544700000000004
4.06063 0.04980315
4.11233 0.05006165
4.16403 0.05032015
4.21572 0.0505786
4.26742 0.0508371
4.31912 0.0510956
4.37081 0.05135405
4.42251 0.05161255
4.47421 0.05187105
4.5259 0.0519482
4.5776 0.051844799999999996
4.6293 0.0517414
4.68099 0.05163802
4.73269 0.051534619999999996
4.78439 0.05143122
4.83608 0.05132784
4.88778 0.051224439999999996
4.93948 0.05112104
4.99117 0.05101766
5.04287 0.05048556
5.09457 0.04986516
5.14626 0.04924488
5.19796 0.04862448
5.24966 0.04800407999999999
5.30135 0.0473838
5.35305 0.046763400000000004
5.40474 0.046143119999999996
5.45644 0.04552272
5.50814 0.044902319999999996
5.55983 0.04428204
5.61153 0.043661639999999995
5.66323 0.043041239999999995
5.71492 0.042420959999999994
5.76662 0.04180056
5.81832 0.04118016
5.87001 0.040559880000000006
5.92171 0.03993948
5.97341 0.03931907999999999
6.0251 0.039251
6.0768 0.039768000000000005
6.1285 0.040285
6.18019 0.040801899999999995
6.23189 0.0413189
6.28359 0.0418359
6.33528 0.0423528
6.38698 0.042869800000000007
6.43868 0.043386799999999996
6.49037 0.043903700000000004
6.54207 0.0444207
6.59377 0.044937700000000004
6.64546 0.0454546
6.69716 0.0459716
6.74886 0.0464886
6.80055 0.047005500000000006
6.85225 0.047522499999999995
6.90394 0.04803940000000001
6.95564 0.0485564
7.00734 0.05148092000000004
7.05903 0.06895213999999997
7.11073 0.08642674000000007
7.16243 0.10390133999999987
7.21412 0.1213725600000001
7.26582 0.13884715999999991
7.31752 0.15632176
7.36921 0.17379297999999993
7.42091 0.19126758000000005
7.47261 0.2087421800000001
7.5243 0.22621340000000006
7.576 0.24368799999999985
7.6277 0.26116259999999997
7.67939 0.27863381999999987
7.73109 0.29610842
7.78279 0.31358302000000005
7.83448 0.33105424
7.88618 0.3485288400000001
7.93788 0.3660034399999999
7.98957 0.3834746599999998
8.04127 0.40094926000000025
8.09297 0.4184238599999997
8.14466 0.43589507999999993
8.19636 0.45336968000000005
8.24806 0.47084428000000017
8.29975 0.4883154999999998
8.35145 0.5057900999999999
8.40314 0.5232613200000001
8.45484 0.5407359200000003
8.50654 0.5582105199999997
8.55823 0.5756817399999999
8.60993 0.5931563400000001
8.66163 0.6106309400000002
8.71332 0.6281021599999999
8.76502 0.64557676
8.81672 0.66305136
8.86841 0.6805225800000002
8.92011 0.6979971799999998
8.97181 0.7154717799999999
9.0235 0.7299036666666667
9.0752 0.7406917333333334
9.1269 0.7514797999999998
9.17859 0.7622657799999999
9.23029 0.7730538466666667
9.28199 0.7838419133333334
9.33368 0.7946278933333332
9.38538 0.8054159599999999
9.43708 0.8162040266666666
9.48877 0.8269900066666668
9.54047 0.8377780733333331
9.59217 0.8485661399999999
9.64386 0.85935212
9.69556 0.8701401866666667
9.74726 0.8809282533333335
9.79895 0.8917142333333332
9.85065 0.9025023
9.90234 0.9132882800000001
9.95404 0.9240763466666668
10.00574 0.9348644133333333
10.05743 0.9456503933333333
10.10913 0.9564384600000001
10.16083 0.9672265266666668
10.21252 0.9780125066666665
10.26422 0.9888005733333333
10.31592 0.99958864
10.36761 1.0103746200000001
10.41931 1.0211626866666665
10.47101 1.0319507533333332
10.5227 1.0427367333333333
10.5744 1.0535248000000002
10.6261 1.0643128666666666
10.67779 1.0750988466666667
10.72949 1.0858869133333333
10.78119 1.09667498
10.83288 1.1074609599999998
10.88458 1.1182490266666667
10.93628 1.1290370933333334
10.98797 1.1398230733333334
11.03967 1.1506111399999999
11.09137 1.1613992066666665
11.14306 1.1721851866666666
11.19476 1.1829732533333335
11.24646 1.1937613200000001
11.29815 1.2045473
11.34985 1.2153353666666666
11.40154 1.226121346666667
11.45324 1.2369094133333332
11.50494 1.2476974799999998
11.55663 1.2584834599999999
11.60833 1.2692715266666668
11.66003 1.2800595933333336
11.71172 1.2908455733333333
11.76342 1.30163364
11.81512 1.3124217066666666
11.86681 1.3232076866666664
11.91851 1.3339957533333333
11.97021 1.34478382
12.0219 1.3573729
12.0736 1.3724176000000001
12.1253 1.3874622999999997
12.17699 1.40250409
12.22869 1.4175487900000001
12.28039 1.4325934900000001
12.33208 1.4476352799999999
12.38378 1.4626799799999999
12.43548 1.4777246800000001
12.48717 1.4927664700000003
12.53887 1.5078111699999999
12.59057 1.52285587
12.64226 1.53789766
12.69396 1.5529423600000003
12.74566 1.5679870600000003
12.79735 1.58302885
12.84905 1.59807355
12.90074 1.6131153400000002
12.95244 1.6281600399999998
13.00414 1.6432047399999998
13.05583 1.6582465300000002
13.10753 1.6732912300000002
13.15923 1.6883359300000003
13.21092 1.70337772
13.26262 1.71842242
13.31432 1.7334671200000003
13.36601 1.74850891
13.41771 1.76355361
13.46941 1.77859831
13.5211 1.7936401000000002
13.5728 1.8086848000000004
13.6245 1.8237295
13.67619 1.8387712900000002
13.72789 1.8538159900000002
13.77959 1.8688606900000004
13.83128 1.8839024800000002
13.88298 1.89894718
13.93468 1.9139918800000002
13.98637 1.9290336700000004
14.03807 1.94407837
14.08977 1.95912307
14.14146 1.9741648600000001
14.19316 1.9892095600000004
14.24486 2.0042542599999997
14.29655 2.0192960500000003
14.34825 2.03434075
14.39994 2.0493825400000003
14.45164 2.06442724
14.50334 2.0794719400000004
14.55503 2.09451373
14.60673 2.1095584300000003
14.65843 2.12460313
14.71012 2.1396449200000003
14.76182 2.15468962
14.81352 2.1697343200000003
14.86521 2.18477611
14.91691 2.1998208100000003
14.96861 2.21486551
15.0203 2.2316165600000004
15.072 2.2510144
15.1237 2.27041224
15.17539 2.289806328
15.22709 2.3092041680000004
15.27879 2.3286020080000003
15.33048 2.347996096
15.38218 2.367393936
15.43388 2.3867917760000004
15.48557 2.406185864
15.53727 2.425583704
15.58897 2.444981544
15.64066 2.4643756320000003
15.69236 2.483773472
15.74406 2.5031713119999996
15.79575 2.5225654
15.84745 2.5419632400000003
15.89914 2.5613573279999997
15.95084 2.580755168
16.00254 2.600153008
16.05423 2.6195470960000002
16.10593 2.6389449360000006
16.15763 2.6583427760000005
16.20932 2.6777368640000008
16.26102 2.6971347039999993
16.31272 2.7165325439999997
16.36441 2.735926632
16.41611 2.755324472
16.46781 2.774722312
16.5195 2.7941164
16.5712 2.8135142400000004
16.6229 2.8329120800000007
16.67459 2.8523061679999993
16.72629 2.8717040079999996
16.77799 2.8911018479999995
16.82968 2.910495936
16.88138 2.929893776
16.93308 2.949291616
16.98477 2.9686857040000003
17.03647 2.988083544
17.08817 3.0074813840000005
17.13986 3.0268754719999995
17.19156 3.0462733119999994
17.24326 3.0656711519999997
17.29495 3.08506524
17.34665 3.10446308
17.39834 3.1238571680000002
17.45004 3.1432550080000006
17.50174 3.1626528480000005
17.55343 3.1820469359999994
17.60513 3.2014447759999998
17.65683 3.2208426159999997
17.70852 3.240236704
17.76022 3.259634544
17.81192 3.2790323839999997
17.86361 3.298426472
17.91531 3.3178243120000004
17.96701 3.337222151999999
18.0187 3.3566162399999993
18.0704 3.3760140799999996
18.1221 3.39541192
18.17379 3.4148060080000002
18.22549 3.434203848
18.27719 3.453601688
18.32888 3.4729957760000003
18.38058 3.4923936159999993
18.43228 3.511791455999999
18.48397 3.5311855439999995
18.53567 3.5505833839999994
18.58737 3.5699812239999997
18.63906 3.589375312
18.69076 3.6087731520000004
18.74246 3.6281709920000003
18.79415 3.647565079999999
18.84585 3.666962919999999
18.89754 3.6863570079999994
18.94924 3.7057548479999998
19.00094 3.7251526879999997
19.05263 3.744546776
19.10433 3.763944616
19.15603 3.783342456
19.20772 3.802736543999999
19.25942 3.822134383999999
19.31112 3.841532223999999
19.36281 3.8609263119999992
19.41451 3.8803241519999996
19.46621 3.899721992
19.5179 3.9191160800000002
19.5696 3.93851392
19.6213 3.95791176
19.67299 3.977305847999999
19.72469 3.9967036879999993
19.77639 4.016101527999999
19.82808 4.0354956159999995
19.87978 4.054893455999999
19.93148 4.074291296
19.98317 4.0936853840000005
20.03487 4.100097635999999
20.08657 4.100242396
20.13826 4.1003871279999995
20.18996 4.100531888
20.24166 4.100676647999999
20.29335 4.100821379999999
20.34505 4.10096614
20.39674 4.101110872
20.44844 4.101255632
20.50014 4.1014003919999995
20.55183 4.101545123999999
20.60353 4.101689884
20.65523 4.101834643999999
20.70692 4.101979376
20.75862 4.102124136
20.81032 4.102268896
20.86201 4.102413628
20.91371 4.102558387999999
20.96541 4.102703148
21.0171 4.10284788
21.0688 4.10299264
21.1205 4.1031374
21.17219 4.1032821319999995
21.22389 4.103426892
21.27559 4.103571651999999
21.32728 4.103716383999999
21.37898 4.103861144
21.43068 4.104005904
21.48237 4.104150636
21.53407 4.1042953959999995
21.58577 4.104440156
21.63746 4.104584888
21.68916 4.104729647999999
21.74086 4.104874408
21.79255 4.10501914
21.84425 4.1051639
21.89594 4.105308632
21.94764 4.105453391999999
21.99934 4.105598152
22.05103 4.105742884
22.10273 4.105887644
22.15443 4.106032404
22.20612 4.1061771359999995
22.25782 4.106321896
22.30952 4.106466655999999
22.36121 4.106611388
22.41291 4.106756148
22.46461 4.106900908
22.5163 4.10704564
22.568 4.1071903999999995
22.6197 4.10733516
22.67139 4.107479892
22.72309 4.107624652
22.77479 4.107769412
22.82648 4.1079141439999995
22.87818 4.108058904
22.92988 4.1082036639999995
22.98157 4.108348395999999
23.03327 4.108493156
23.08497 4.108637916
23.13666 4.108782648
23.18836 4.108927408
23.24006 4.109072168
23.29175 4.1092169
23.34345 4.109361659999999
23.39514 4.109506392
23.44684 4.109651152
23.49854 4.109795912
23.55023 4.109940644
23.60193 4.110085403999999
23.65363 4.110230164
23.70532 4.110374896
23.75702 4.110519656
23.80872 4.110664416
23.86041 4.1108091479999995
23.91211 4.110953908
23.96381 4.1110986679999995
24.0155 4.1112434
24.0672 4.11138816
24.1189 4.11153292
24.17059 4.111677652
24.22229 4.1118224119999995
24.27399 4.111967172
24.32568 4.112111904
24.37738 4.112256664
24.42908 4.112401424
24.48077 4.112546156
24.53247 4.112690916
24.58417 4.1128356759999996
24.63586 4.112980407999999
24.68756 4.113125168
24.73926 4.113269928
24.79095 4.11341466
24.84265 4.11355942
24.89434 4.1137041519999995
24.94604 4.113848912
24.99774 4.113993671999999
25.04943 4.114138404
25.10113 4.114283164
25.15283 4.114427924
25.20452 4.114572656
25.25622 4.1147174159999995
25.30792 4.114862176
25.35961 4.115006908
25.41131 4.115151668
25.46301 4.115296428
25.5147 4.11544116
25.5664 4.11558592
25.6181 4.1157306799999995
25.66979 4.115875412
25.72149 4.116020172
25.77319 4.116164932
25.82488 4.116309664
25.87658 4.116454424
25.92828 4.116599184
25.97997 4.116743916
26.03167 4.116888676
26.08337 4.117033436
26.13506 4.117178168
26.18676 4.117322928
26.23846 4.117467688
26.29015 4.11761242
26.34185 4.11775718
26.39354 4.117901912
26.44524 4.118046672
26.49694 4.118191432
26.54863 4.118336164
26.60033 4.118480924
26.65203 4.118625684
26.70372 4.118770416
26.75542 4.118915176
26.80712 4.119059936
26.85881 4.119204668
26.91051 4.119349428
26.96221 4.119494188
27.0139 4.11963892
27.0656 4.11978368
27.1173 4.11992844
27.16899 4.120073172
27.22069 4.120217932
27.27239 4.120362692
27.32408 4.120507424
27.37578 4.120652184
27.42748 4.120796944
27.47917 4.120941676
27.53087 4.121086436
27.58257 4.121231196
27.63426 4.121375928
27.68596 4.121520688
27.73766 4.121665448
27.78935 4.12181018
27.84105 4.12195494
27.89274 4.122099672
27.94444 4.1222444320000005
27.99614 4.122389192
28.04783 4.122533924
28.09953 4.122678684
28.15123 4.122823444
28.20292 4.122968176
28.25462 4.123112936
28.30632 4.1232576960000005
28.35801 4.123402428
28.40971 4.123547188
28.46141 4.123691948
28.5131 4.12383668
28.5648 4.12398144
28.6165 4.1241262
28.66819 4.124270932
28.71989 4.124415692
28.77159 4.124560452
28.82328 4.124705184
28.87498 4.124849944
28.92668 4.124994704
28.97837 4.125139436
29.03007 4.125284196
29.08177 4.125428956
29.13346 4.125573688
29.18516 4.125718448
29.23686 4.125863208
29.28855 4.12600794
29.34025 4.1261527000000005
29.39194 4.126297432
29.44364 4.126442192
29.49534 4.126586952
29.54703 4.126731684
29.59873 4.1268764440000005
29.65043 4.127021204
29.70212 4.127165936
29.75382 4.127310696
29.80552 4.127455456
29.85721 4.127600188
29.90891 4.127744948
29.96061 4.1278897080000005
30.0123 4.12703076
30.064 4.1229568
30.1157 4.11888284
30.16739 4.114809668
30.21909 4.110735708
30.27079 4.106661748
30.32248 4.1025885760000005
30.37418 4.098514616
30.42588 4.094440656
30.47757 4.090367484
30.52927 4.086293524
30.58097 4.082219564
30.63266 4.078146392
30.68436 4.074072432
30.73606 4.069998472
30.78775 4.0659253
30.83945 4.0618513400000005
30.89114 4.0577781680000005
30.94284 4.053704208
30.99454 4.049630248
31.04623 4.045557076
31.09793 4.041483116
31.14963 4.037409156
31.20132 4.033335984
31.25302 4.029262024
31.30472 4.025188064
31.35641 4.021114892
31.40811 4.0170409320000005
31.45981 4.012966972
31.5115 4.0088938
31.5632 4.004819840000001
31.6149 4.00074588
31.66659 3.996672708
31.71829 3.9925987480000003
31.76999 3.988524788
31.82168 3.984451616
31.87338 3.980377656
31.92508 3.976303696
31.97677 3.9722305240000004
32.02847 3.968156564
32.08017 3.9640826039999997
32.13186 3.9600094319999997
32.18356 3.955935472
32.23526 3.9518615120000002
32.28695 3.9477883400000002
32.33865 3.94371438
32.39034 3.939641208
32.44204 3.9355672480000004
32.49374 3.931493288
32.54543 3.927420116
32.59713 3.923346156
32.64883 3.9192721960000005
32.70052 3.915199024
32.75222 3.911125064
32.80392 3.907051104
32.85561 3.902977932
32.90731 3.898903972
32.95901 3.894830012
33.0107 3.89075684
33.0624 3.8866828800000004
33.1141 3.88260892
33.16579 3.878535748
33.21749 3.874461788
33.26919 3.870387828
33.32088 3.8663146559999997
33.37258 3.862240696
33.42428 3.858166736
33.47597 3.8540935640000002
33.52767 3.850019604
33.57937 3.8459456440000004
33.63106 3.8418724720000004
33.68276 3.837798512
33.73446 3.833724552
33.78615 3.82965138
33.83785 3.8255774199999997
33.88954 3.821504248
33.94124 3.817430288
33.99294 3.8133563280000002
34.04463 3.8092831560000002
34.09633 3.805209196
34.14803 3.8011352360000004
34.19972 3.797062064
34.25142 3.792988104
34.30312 3.788914144
34.35481 3.784840972
34.40651 3.780767012
34.45821 3.7766930519999997
34.5099 3.7726198799999997
34.5616 3.76854592
34.6133 3.76447196
34.66499 3.760398788
34.71669 3.756324828
34.76839 3.7522508680000004
34.82008 3.7481776960000004
34.87178 3.744103736
34.92348 3.740029776
34.97517 3.735956604
35.02687 3.7318826439999997
35.07857 3.727808684
35.13026 3.723735512
35.18196 3.7196615520000003
35.23366 3.715587592
35.28535 3.71151442
35.33705 3.70744046
35.38874 3.703367288
35.44044 3.699293328
35.49214 3.695219368
35.54383 3.691146196
35.59553 3.687072236
35.64723 3.682998276
35.69892 3.6789251039999997
35.75062 3.6748511440000002
35.80232 3.670777184
35.85401 3.666704012
35.90571 3.662630052
35.95741 3.6585560919999995
36.0091 3.6544829200000004
36.0608 3.65040896
36.1125 3.646335
36.16419 3.642261828
36.21589 3.6381878679999997
36.26759 3.6341139080000002
36.31928 3.630040736
36.37098 3.625966776
36.42268 3.621892816
36.47437 3.617819644
36.52607 3.6137456840000004
36.57777 3.609671724
36.62946 3.605598552
36.68116 3.601524592
36.73286 3.5974506319999997
36.78455 3.5933774599999997
36.83625 3.5893034999999998
36.88794 3.5852303279999997
36.93964 3.5811563680000003
36.99134 3.577082408
37.04303 3.573009236
37.09473 3.568935276
37.14643 3.564861316
37.19812 3.560788144
37.24982 3.556714184
37.30152 3.552640224
37.35321 3.548567052
37.40491 3.5444930919999997
37.45661 3.5404191320000002
37.5083 3.5363459600000002
37.56 3.532272
37.6117 3.52819804
37.66339 3.524124868
37.71509 3.520050908
37.76679 3.515976948
37.81848 3.5119037759999996
37.87018 3.507829816
37.92188 3.5037558559999997
37.97357 3.4996826839999997
38.02527 3.4956087240000002
38.07697 3.491534764
38.12866 3.487461592
38.18036 3.483387632
38.23206 3.479313672
38.28375 3.4752405
38.33545 3.4711665399999996
38.38714 3.4670933679999996
38.43884 3.463019408
38.49054 3.4589454479999997
38.54223 3.4548722759999997
38.59393 3.4507983159999998
38.64563 3.4467243560000003
38.69732 3.4426511840000003
38.74902 3.438577224
38.80072 3.434503264
38.85241 3.430430092
38.90411 3.4263561319999996
38.95581 3.422282172
39.0075 3.418209
39.0592 3.41413504
39.1109 3.4100610799999997
39.16259 3.4059879079999997
39.21429 3.401913948
39.26599 3.397839988
39.31768 3.3937668159999994
39.36938 3.389692856
39.42108 3.3856188959999995
39.47277 3.381545724
39.52447 3.377471764
39.57617 3.373397804
39.62786 3.369324632
39.67956 3.3652506719999997
39.73126 3.361176712
39.78295 3.3571035399999998
39.83465 3.3530295799999994
39.88634 3.3489564080000003
39.93804 3.344882448
39.98974 3.340808488
40.04143 3.360124622499999
40.09313 3.385237897500001
40.14483 3.4103511724999995
40.19652 3.43545959
40.24822 3.4605728650000014
40.29992 3.48568614
40.35161 3.5107945575
40.40331 3.5359078324999986
40.45501 3.5610211075000007
40.5067 3.586129525000001
40.5584 3.6112427999999994
40.6101 3.636356075000001
40.66179 3.6614644925000017
40.71349 3.6865777674999998
40.76519 3.7116910424999983
40.81688 3.7367994599999985
40.86858 3.7619127350000006
40.92028 3.787026009999999
40.97197 3.8121344274999993
41.02367 3.8372477025000014
41.07537 3.8623609775
41.12706 3.887469395
41.17876 3.912582669999998
41.23046 3.937695945
41.28215 3.9628043625000005
41.33385 3.987917637499999
41.38554 4.013026054999999
41.43724 4.038139330000002
41.48894 4.063252605
41.54063 4.0883610225
41.59233 4.113474297499998
41.64403 4.1385875725000005
41.69572 4.163695990000001
41.74742 4.188809264999999
41.79912 4.21392254
41.85081 4.239030957500002
41.90251 4.2641442325
41.95421 4.289257507500001
42.0059 4.314365924999999
42.0576 4.3394792
42.1093 4.3645924749999985
42.16099 4.389700892499999
42.21269 4.414814167500001
42.26439 4.439927442499999
42.31608 4.4650358599999995
42.36778 4.490149135000001
42.41948 4.51526241
42.47117 4.5403708275
42.52287 4.565484102499998
42.57457 4.590597377500001
42.62626 4.615705795000001
42.67796 4.640819069999999
42.72966 4.665932345000002
42.78135 4.691040762500002
42.83305 4.7161540375
42.88474 4.741262455
42.93644 4.766375729999998
42.98814 4.791489005000001
43.03983 4.816597422500001
43.09153 4.841710697499999
43.14323 4.866823972500001
43.19492 4.891932390000002
43.24662 4.917045665
43.29832 4.942158939999999
43.35001 4.967267357499999
43.40171 4.992380632500001
43.45341 5.017493907499999
43.5051 5.042602324999999
43.5568 5.067715600000001
43.6085 5.0928288749999995
43.66019 5.1179372925
43.71189 5.143050567499999
43.76359 5.1681638425
43.81528 5.1932722600000005
43.86698 5.2183855349999995
43.91868 5.243498810000001
43.97037 5.268607227500001
44.02207 5.293720502499999
44.07377 5.318833777500002
44.12546 5.343942194999999
44.17716 5.36905547
44.22886 5.394168744999998
44.28055 5.4192771624999985
44.33225 5.444390437500001
44.38394 5.469498855000001
44.43564 5.49461213
44.48734 5.519725405000001
44.53903 5.5448338224999985
44.59073 5.5699470975
44.64243 5.595060372499999
44.69412 5.620168789999999
44.74582 5.645282065000001
44.79752 5.670395339999999
44.84921 5.695503757499999
44.90091 5.720617032500002
44.95261 5.745730307500001
45.0043 5.770838725000001
45.056 5.795951999999999
45.1077 5.8210652750000005
45.15939 5.846173692500001
45.21109 5.8712869675
45.26279 5.896400242500001
45.31448 5.9215086600000015
45.36618 5.946621935
45.41788 5.9717352099999985
45.46957 5.996843627499999
45.52127 6.0219569025
45.57297 6.047070177499998
45.62466 6.072178594999999
45.67636 6.097291870000001
45.72806 6.122405145
45.77975 6.1475135625
45.83145 6.172626837499998
45.88314 6.197735254999999
45.93484 6.22284853
45.98654 6.247961804999999
46.03823 6.2730702224999995
46.08993 6.298183497500001
46.14163 6.323296772499999
46.19332 6.348405189999999
46.24502 6.373518464999998
46.29672 6.398631740000001
46.34841 6.423740157500001
46.40011 6.448853432499999
46.45181 6.473966707500001
46.5035 6.499075125000001
46.5552 6.5241884
46.6069 6.5493016750000015
46.65859 6.574410092499998
46.71029 6.5995233675
46.76199 6.624636642499999
46.81368 6.649745059999999
46.86538 6.6748583350000015
46.91708 6.699971609999999
46.96877 6.7250800275
47.02047 6.750193302500001
47.07217 6.7753065775
47.12386 6.800414995000001
47.17556 6.825528269999999
47.22726 6.850641545
47.27895 6.8757499625000005
47.33065 6.900863237499999
47.38234 6.925971655
47.43404 6.951084930000001
47.48574 6.976198204999999
47.53743 7.0013066225
47.58913 7.0264198974999985
47.64083 7.051533172500001
47.69252 7.076641590000001
47.74422 7.101754864999999
47.79592 7.126868140000001
47.84761 7.151976557500001
47.89931 7.1770898325
47.95101 7.202203107499998
48.0027 7.227311524999999
48.0544 7.2524248
48.1061 7.277538074999999
48.15779 7.302646492499999
48.20949 7.327759767500002
48.26119 7.3528730425
48.31288 7.37798146
48.36458 7.403094734999998
48.41628 7.4282080100000005
48.46797 7.453316427500001
48.51967 7.478429702499999
48.57137 7.5035429775
48.62306 7.528651395000002
48.67476 7.55376467
48.72646 7.578877945000001
48.77815 7.603986362499998
48.82985 7.6290996375
48.88154 7.654208055000001
48.93324 7.679321329999999
48.98494 7.704434605000001
49.03663 7.7295430225000015
49.08833 7.7546562974999995
49.14003 7.779769572500001
49.19172 7.804877989999999
49.24342 7.829991265
49.29512 7.855104539999998
49.34681 7.880212957499999
49.39851 7.905326232500001
49.45021 7.930439507499999
49.5019 7.955547924999999
49.5536 7.980661200000001
49.6053 8.005774474999999
49.65699 8.0308828925
49.70869 8.055996167499998
49.76039 8.0811094425
49.81208 8.106217860000001
49.86378 8.131331135
49.91548 8.156444410000002
49.96717 8.181552827500003
50.01887 8.2066661025
50.07057 8.231779377499997
50.12226 8.256887794999999
50.17396 8.28200107
50.22566 8.307114344999999
50.27735 8.332222762499999
50.32905 8.357336037500001
50.38074 8.382444455000002
50.43244 8.40755773
50.48414 8.432671005
50.53583 8.4577794225
50.58753 8.4828926975
50.63923 8.508005972499998
50.69092 8.533114389999998
50.74262 8.558227665
50.79432 8.58334094
50.84601 8.6084493575
50.89771 8.633562632499999
50.94941 8.658675907500001
51.0011 8.683784325000001
51.0528 8.7088976
51.1045 8.734010875000001
51.15619 8.759119292500001
51.20789 8.784232567499998
51.25959 8.8093458425
51.31128 8.834454259999998
51.36298 8.859567535
51.41468 8.884680809999999
51.46637 8.9097892275
51.51807 8.934902502500002
51.56977 8.960015777499999
51.62146 8.985124195
51.67316 9.010237470000002
51.72486 9.035350744999999
51.77655 9.060459162499999
51.82825 9.085572437499998
51.87994 9.110680854999998
51.93164 9.13579413
51.98334 9.160907405
52.03503 9.1860158225
52.08673 9.211129097500002
52.13843 9.2362423725
52.19012 9.26135079
52.24182 9.286464064999999
52.29352 9.31157734
52.34521 9.3366857575
52.39691 9.361799032499999
52.44861 9.386912307500001
52.5003 9.412020725000001
52.552 9.437134
52.6037 9.462247275000003
52.65539 9.4873556925
52.70709 9.5124689675
52.75879 9.5375822425
52.81048 9.56269066
52.86218 9.587803935
52.91388 9.612917209999999
52.96557 9.6380256275
53.01727 9.663138902500002
53.06897 9.6882521775
53.12066 9.713360595000001
53.17236 9.73847387
53.22406 9.763587145
53.27575 9.788695562500001
53.32745 9.8138088375
53.37914 9.838917255
53.43084 9.86403053
53.48254 9.889143805
53.53423 9.9142522225
53.58593 9.939365497499999
53.63763 9.964478772500001
53.68932 9.989587190000002
53.74102 10.014700465
53.79272 10.039813740000001
53.84441 10.064922157500002
53.89611 10.0900354325
53.94781 10.115148707499998
53.9995 10.140257124999998
54.0512 10.1653704
54.1029 10.190483675
54.15459 10.2155920925
54.20629 10.240705367500002
54.25799 10.265818642500001
54.30968 10.290927060000001
54.36138 10.316040334999999
54.41308 10.34115361
54.46477 10.3662620275
54.51647 10.391375302499998
54.56817 10.416488577500001
54.61986 10.441596995000001
54.67156 10.46671027
54.72326 10.491823545000003
54.77495 10.5169319625
54.82665 10.542045237500002
54.87834 10.567153655000002
54.93004 10.59226693
54.98174 10.617380205
55.03343 10.6424886225
55.08513 10.667601897499999
55.13683 10.692715172500002
55.18852 10.717823589999998
55.24022 10.742936865
55.29192 10.76805014
55.34361 10.7931585575
55.39531 10.8182718325
55.44701 10.8433851075
55.4987 10.868493525
55.5504 10.8936068
55.6021 10.918720075
55.65379 10.9438284925
55.70549 10.968941767499999
55.75719 10.994055042500001
55.80888 11.019163460000001
55.86058 11.044276735
55.91228 11.069390010000001
55.96397 11.094498427500001
56.01567 11.1196117025
56.06737 11.144724977499997
56.11906 11.169833394999998
56.17076 11.19494667
56.22246 11.220059945
56.27415 11.2451683625
56.32585 11.270281637500002
56.37754 11.295390055000002
56.42924 11.320503330000001
56.48094 11.345616604999998
56.53263 11.370725022499999
56.58433 11.395838297500001
56.63603 11.4209515725
56.68772 11.44605999
56.73942 11.471173265000001
56.79112 11.49628654
56.84281 11.5213949575
56.89451 11.546508232499999
56.94621 11.5716215075
56.9979 11.596729925
57.0496 11.621843199999999
57.1013 11.646956475000001
57.15299 11.672064892500002
57.20469 11.6971781675
57.25639 11.722291442500001
57.30808 11.747399859999998
57.35978 11.772513135
57.41148 11.79762641
57.46317 11.8227348275
57.51487 11.8478481025
57.56657 11.8729613775
57.61826 11.898069795
57.66996 11.923183070000002
57.72166 11.948296345
57.77335 11.973404762500001
57.82505 11.998518037499998
57.87674 12.023626454999999
57.92844 12.048739730000001
57.98014 12.073853005
58.03183 12.0989614225
58.08353 12.124074697500001
58.13523 12.1491879725
58.18692 12.17429639
58.23862 12.199409665
58.29032 12.22452294
58.34201 12.2496313575
58.39371 12.2747446325
58.44541 12.299857907500002
58.4971 12.324966325000002
58.5488 12.3500796
58.6005 12.375192874999998
58.65219 12.400301292499998
58.70389 12.4254145675
58.75559 12.4505278425
58.80728 12.47563626
58.85898 12.500749535
58.91068 12.52586281
58.96237 12.5509712275
59.01407 12.576084502499999
59.06577 12.601197777500001
59.11746 12.626306195000002
59.16916 12.651419469999999
59.22086 12.676532745000001
59.27255 12.701641162500001
59.32425 12.7267544375
59.37594 12.751862855
59.42764 12.776976129999998
59.47934 12.802089405
59.53103 12.8271978225
59.58273 12.8523110975
59.63443 12.8774243725
59.68612 12.902532790000002
59.73782 12.927646065
59.78952 12.952759340000002
59.84121 12.977867757499999
59.89291 13.002981032500001
59.94461 13.028094307499998
59.9963 13.053202724999998
60.048 13.0691032
60.0997 13.084293521666666
60.15139 13.099480905166667
60.20309 13.114671226833334
60.25479 13.1298615485
60.30648 13.145048932
60.35818 13.160239253666665
60.40988 13.175429575333334
60.46157 13.190616958833333
60.51327 13.2058072805
60.56497 13.220997602166667
60.61666 13.236184985666668
60.66836 13.251375307333333
60.72006 13.266565628999999
60.77175 13.2817530125
60.82345 13.296943334166667
60.87514 13.312130717666667
60.92684 13.327321039333333
60.97854 13.342511361
61.03023 13.3576987445
61.08193 13.372889066166666
61.13363 13.388079387833333
61.18532 13.403266771333332
61.23702 13.418457093
61.28872 13.433647414666666
61.34041 13.448834798166667
61.39211 13.464025119833334
61.44381 13.4792154415
61.4955 13.494402825
61.5472 13.509593146666665
61.5989 13.524783468333332
61.65059 13.539970851833333
61.70229 13.555161173499998
61.75399 13.570351495166667
61.80568 13.585538878666668
61.85738 13.600729200333333
61.90908 13.615919522
61.96077 13.6311069055
62.01247 13.646297227166666
62.06417 13.661487548833332
62.11586 13.676674932333333
62.16756 13.691865254
62.21926 13.707055575666667
62.27095 13.722242959166666
62.32265 13.737433280833335
62.37434 13.752620664333332
62.42604 13.767810986
62.47774 13.783001307666666
62.52943 13.798188691166665
62.58113 13.813379012833334
62.63283 13.8285693345
62.68452 13.843756718
62.73622 13.858947039666667
62.78792 13.874137361333332
62.83961 13.889324744833333
62.89131 13.904515066499998
62.94301 13.919705388166667
62.9947 13.934892771666666
63.0464 13.950083093333333
63.0981 13.965273415
63.14979 13.980460798500001
63.20149 13.995651120166666
63.25319 14.010841441833332
63.30488 14.026028825333333
63.35658 14.041219147
63.40828 14.056409468666665
63.45997 14.071596852166666
63.51167 14.086787173833333
63.56337 14.1019774955
63.61506 14.117164879
63.66676 14.132355200666666
63.71846 14.147545522333333
63.77015 14.162732905833334
63.82185 14.1779232275
63.87354 14.193110611
63.92524 14.208300932666667
63.97694 14.223491254333332
64.02863 14.238678637833335
64.08033 14.2538689595
64.13203 14.269059281166667
64.18372 14.284246664666664
64.23542 14.299436986333335
64.28712 14.314627308
64.33881 14.329814691499998
64.39051 14.345005013166668
64.44221 14.360195334833334
64.4939 14.375382718333332
64.5456 14.390573039999998
64.5973 14.405763361666668
64.64899 14.420950745166666
64.70069 14.436141066833331
64.75239 14.451331388500002
64.80408 14.466518771999999
64.85578 14.481709093666666
64.90748 14.496899415333335
64.95917 14.512086798833334
65.01087 14.527277120499999
65.06257 14.542467442166664
65.11426 14.557654825666667
65.16596 14.572845147333332
65.21766 14.588035468999998
65.26935 14.6032228525
65.32105 14.618413174166665
65.37274 14.633600557666664
65.42444 14.648790879333335
65.47614 14.663981201
65.52783 14.679168584499998
65.57953 14.694358906166668
65.63123 14.709549227833334
65.68292 14.724736611333332
65.73462 14.739926933000001
65.78632 14.755117254666667
65.83801 14.770304638166666
65.88971 14.785494959833331
65.94141 14.800685281500002
65.9931 14.815872664999999
66.0448 14.831062986666666
66.0965 14.846253308333335
66.14819 14.861440691833334
66.19989 14.876631013499999
66.25159 14.891821335166664
66.30328 14.907008718666667
66.35498 14.922199040333332
66.40668 14.937389361999998
66.45837 14.9525767455
66.51007 14.967767067166665
66.56177 14.982957388833333
66.61346 14.998144772333333
66.66516 15.013335094
66.71686 15.028525415666666
66.76855 15.043712799166668
66.82025 15.058903120833333
66.87194 15.07409050433333
66.92364 15.089280826000001
66.97534 15.104471147666667
67.02703 15.119658531166666
67.07873 15.134848852833331
67.13043 15.150039174500002
67.18212 15.165226557999999
67.23382 15.180416879666666
67.28552 15.195607201333335
67.33721 15.210794584833334
67.38891 15.225984906499999
67.44061 15.241175228166668
67.4923 15.256362611666667
67.544 15.271552933333332
67.5957 15.286743254999998
67.64739 15.3019306385
67.69909 15.317120960166665
67.75079 15.33231128183333
67.80248 15.347498665333333
67.85418 15.362688986999999
67.90588 15.377879308666666
67.95757 15.393066692166668
68.00927 15.408257013833333
68.06097 15.423447335499999
68.11266 15.438634719000001
68.16436 15.453825040666667
68.21606 15.469015362333334
68.26775 15.484202745833334
68.31945 15.499393067500002
68.37114 15.514580450999999
68.42284 15.529770772666664
68.47454 15.544961094333335
68.52623 15.560148477833334
68.57793 15.575338799499999
68.62963 15.590529121166668
68.68132 15.605716504666667
68.73302 15.620906826333332
68.78472 15.636097147999998
68.83641 15.6512845315
68.88811 15.666474853166665
68.93981 15.68166517483333
68.9915 15.696852558333333
69.0432 15.712042879999998
69.0949 15.727233201666666
69.14659 15.742420585166666
69.19829 15.757610906833333
69.24999 15.772801228499999
69.30168 15.787988612000001
69.35338 15.803178933666667
69.40508 15.818369255333332
69.45677 15.833556638833334
69.50847 15.848746960500002
69.56017 15.863937282166667
69.61186 15.879124665666664
69.66356 15.894314987333335
69.71526 15.909505309
69.76695 15.924692692499999
69.81865 15.939883014166668
69.87034 15.955070397666667
69.92204 15.970260719333332
69.97374 15.985451041000001
70.02543 16.0006384245
70.07713 16.015828746166665
70.12883 16.03101906783333
70.18052 16.046206451333333
70.23222 16.061396773
70.28392 16.076587094666664
70.33561 16.091774478166666
70.38731 16.10696479983333
70.43901 16.1221551215
70.4907 16.137342505
70.5424 16.152532826666665
70.5941 16.167723148333334
70.64579 16.182910531833336
70.69749 16.1981008535
70.74919 16.213291175166667
70.80088 16.22847855866667
70.85258 16.243668880333335
70.90428 16.258859202
70.95597 16.2740465855
71.00767 16.289236907166668
71.05937 16.304427228833333
71.11106 16.319614612333332
71.16276 16.334804934
71.21446 16.349995255666666
71.26615 16.365182639166665
71.31785 16.380372960833334
71.36954 16.395560344333333
71.42124 16.410750666
71.47294 16.425940987666664
71.52463 16.441128371166666
71.57633 16.45631869283333
71.62803 16.471509014499997
71.67972 16.486696398
71.73142 16.501886719666665
71.78312 16.517077041333334
71.83481 16.532264424833336
71.88651 16.5474547465
71.93821 16.562645068166667
71.9899 16.57783245166667
72.0416 16.593022773333335
72.0933 16.608213095
72.14499 16.623400478500002
72.19669 16.638590800166668
72.24839 16.653781121833333
72.30008 16.668968505333332
72.35178 16.684158827
72.40348 16.699349148666666
72.45517 16.714536532166665
72.50687 16.729726853833334
72.55857 16.7449171755
72.61026 16.760104559
72.66196 16.775294880666664
72.71366 16.790485202333336
72.76535 16.80567258583333
72.81705 16.820862907499997
72.86874 16.836050291
72.92044 16.851240612666665
72.97214 16.86643093433333
73.02383 16.881618317833336
73.07553 16.8968086395
73.12723 16.911998961166667
73.17892 16.92718634466667
73.23062 16.942376666333335
73.28232 16.957566988
73.33401 16.972754371500002
73.38571 16.987944693166668
73.43741 17.003135014833333
73.4891 17.018322398333332
73.5408 17.03351272
73.5925 17.048703041666666
73.64419 17.063890425166665
73.69589 17.079080746833334
73.74759 17.0942710685
73.79928 17.109458452
73.85098 17.124648773666667
73.90268 17.139839095333336
73.95437 17.15502647883333
74.00607 17.170216800499997
74.05777 17.185407122166666
74.10946 17.200594505666665
74.16116 17.21578482733333
74.21286 17.230975149000002
74.26455 17.2461625325
74.31625 17.261352854166667
74.36794 17.276540237666666
74.41964 17.291730559333335
74.47134 17.306920881
74.52303 17.322108264500002
74.57473 17.337298586166668
74.62643 17.352488907833333
74.67812 17.367676291333336
74.72982 17.382866613
74.78152 17.398056934666666
74.83321 17.413244318166665
74.88491 17.428434639833334
74.93661 17.4436249615
74.9883 17.458812345
75.04 17.474002666666667
75.0917 17.489192988333336
75.14339 17.50438037183333
75.19509 17.519570693499997
75.24679 17.534761015166666
75.29848 17.549948398666665
75.35018 17.56513872033333
75.40188 17.580329042000002
75.45357 17.5955164255
75.50527 17.610706747166667
75.55697 17.625897068833336
75.60866 17.641084452333335
75.66036 17.656274774
75.71206 17.671465095666665
75.76375 17.686652479166668
75.81545 17.701842800833333
75.86714 17.717030184333336
75.91884 17.732220506
75.97054 17.747410827666666
76.02223 17.762598211166665
76.07393 17.777788532833334
76.12563 17.7929788545
76.17732 17.808166238
76.22902 17.823356559666667
76.28072 17.838546881333333
76.33241 17.85373426483333
76.38411 17.8689245865
76.43581 17.884114908166666
76.4875 17.899302291666665
76.5392 17.91449261333333
76.5909 17.929682935000002
76.64259 17.9448703185
76.69429 17.960060640166667
76.74599 17.975250961833336
76.79768 17.99043834533333
76.84938 18.005628667
76.90108 18.020818988666665
76.95277 18.036006372166668
77.00447 18.051196693833333
77.05617 18.0663870155
77.10786 18.081574399
77.15956 18.096764720666666
77.21126 18.11195504233333
77.26295 18.127142425833334
77.31465 18.1423327475
77.36634 18.157520131
77.41804 18.172710452666667
77.46974 18.187900774333333
77.52143 18.20308815783333
77.57313 18.2182784795
77.62483 18.233468801166666
77.67652 18.248656184666665
77.72822 18.26384650633333
77.77992 18.279036828000002
77.83161 18.2942242115
77.88331 18.309414533166667
77.93501 18.324604854833336
77.9867 18.33979223833333
78.0384 18.35498256
78.0901 18.37017288166667
78.14179 18.385360265166668
78.19349 18.400550586833333
78.24519 18.4157409085
78.29688 18.430928292
78.34858 18.446118613666666
78.40028 18.46130893533333
78.45197 18.476496318833334
78.50367 18.4916866405
78.55537 18.506876962166665
78.60706 18.522064345666667
78.65876 18.537254667333332
78.71046 18.552444988999998
78.76215 18.5676323725
78.81385 18.582822694166666
78.86554 18.598010077666665
78.91724 18.613200399333337
78.96894 18.628390721000002
79.02063 18.643578104499998
79.07233 18.658768426166667
79.12403 18.673958747833336
79.17572 18.68914613133333
79.22742 18.704336452999996
79.27912 18.71952677466667
79.33081 18.734714158166668
79.38251 18.749904479833333
79.43421 18.7650948015
79.4859 18.780282185
79.5376 18.795472506666666
79.5893 18.81066282833333
79.64099 18.825850211833334
79.69269 18.8410405335
79.74439 18.856230855166665
79.79608 18.871418238666667
79.84778 18.886608560333332
79.89948 18.901798881999998
79.95117 18.9169862655
80.00287 18.932176587166666
80.05457 18.94736690883333
80.10626 18.962554292333337
80.15796 18.977744614000002
80.20966 18.992934935666668
80.26135 19.008122319166667
80.31305 19.023312640833336
80.36474 19.03850002433333
80.41644 19.053690345999996
80.46814 19.06888066766667
80.51983 19.084068051166668
80.57153 19.099258372833333
80.62323 19.114448694500002
80.67492 19.129636078
80.72662 19.144826399666666
80.77832 19.16001672133333
80.83001 19.175204104833334
80.88171 19.1903944265
80.93341 19.205584748166665
80.9851 19.220772131666667
81.0368 19.235962453333332
81.0885 19.251152774999998
81.14019 19.2663401585
81.19189 19.281530480166666
81.24359 19.29672080183333
81.29528 19.311908185333333
81.34698 19.327098507000002
81.39868 19.342288828666668
81.45037 19.357476212166667
81.50207 19.372666533833332
81.55377 19.3878568555
81.60546 19.403044238999996
81.65716 19.41823456066667
81.70886 19.433424882333334
81.76055 19.448612265833333
81.81225 19.463802587500002
81.86394 19.478989971
81.91564 19.494180292666666
81.96734 19.50937061433333
82.01903 19.524557997833334
82.07073 19.5397483195
82.12243 19.554938641166665
82.17412 19.570126024666667
82.22582 19.585316346333332
82.27752 19.600506667999998
82.32921 19.6156940515
82.38091 19.630884373166666
82.43261 19.64607469483333
82.4843 19.661262078333333
82.536 19.676452400000002
82.5877 19.691642721666668
82.63939 19.706830105166667
82.69109 19.722020426833332
82.74279 19.7372107485
82.79448 19.752398131999996
82.84618 19.76758845366667
82.89788 19.782778775333334
82.94957 19.797966158833333
83.00127 19.813156480500002
83.05297 19.828346802166667
83.10466 19.843534185666666
83.15636 19.858724507333335
83.20806 19.873914829
83.25975 19.8891022125
83.31145 19.904292534166665
83.36314 19.919479917666667
83.41484 19.934670239333332
83.46654 19.949860560999998
83.51823 19.9650479445
83.56993 19.980238266166666
83.62163 19.99542858783333
83.67332 20.010615971333333
83.72502 20.025806293
83.77672 20.040996614666668
83.82841 20.056183998166667
83.88011 20.071374319833332
83.93181 20.086564641499997
83.9835 20.101752025000003
84.0352 20.11694234666667
84.0869 20.132132668333334
84.13859 20.147320051833333
84.19029 20.1625103735
84.24199 20.177700695166667
84.29368 20.192888078666666
84.34538 20.208078400333335
84.39708 20.223268722
84.44877 20.2384561055
84.50047 20.253646427166668
84.55217 20.268836748833333
84.60386 20.284024132333332
84.65556 20.299214453999998
84.70726 20.314404775666667
84.75895 20.329592159166666
84.81065 20.34478248083333
84.86234 20.359969864333333
84.91404 20.375160186
84.96574 20.390350507666668
85.01743 20.405537891166666
85.06913 20.420728212833332
85.12083 20.435918534499997
85.17252 20.451105918000003
85.22422 20.46629623966667
85.27592 20.481486561333334
85.32761 20.496673944833336
85.37931 20.5118642665
85.43101 20.527054588166667
85.4827 20.542241971666666
85.5344 20.557432293333335
85.5861 20.572622615
85.63779 20.5878099985
85.68949 20.603000320166668
85.74119 20.618190641833333
85.79288 20.633378025333332
85.84458 20.648568346999998
85.89628 20.663758668666667
85.94797 20.678946052166665
85.99967 20.69413637383333
86.05137 20.709326695500003
86.10306 20.724514079
86.15476 20.739704400666664
86.20646 20.754894722333336
86.25815 20.770082105833332
86.30985 20.785272427499997
86.36154 20.800459811000003
86.41324 20.81565013266667
86.46494 20.830840454333334
86.51663 20.846027837833336
86.56833 20.8612181595
86.62003 20.876408481166667
86.67172 20.891595864666662
86.72342 20.906786186333335
86.77512 20.921976508
86.82681 20.9371638915
86.87851 20.952354213166668
86.93021 20.967544534833333
86.9819 20.982731918333332
87.0336 20.99792224
87.0853 21.013112561666667
87.13699 21.028299945166665
87.18869 21.04349026683333
87.24039 21.058680588500003
87.29208 21.073867972
87.34378 21.089058293666668
87.39548 21.104248615333333
87.44717 21.119435998833332
87.49887 21.134626320499997
87.55057 21.149816642166662
87.60226 21.16500402566667
87.65396 21.180194347333334
87.70566 21.195384669
87.75735 21.210572052499998
87.80905 21.225762374166667
87.86074 21.24094975766667
87.91244 21.256140079333335
87.96414 21.271330401
88.01583 21.2865177845
88.06753 21.301708106166668
88.11923 21.316898427833333
88.17092 21.332085811333332
88.22262 21.347276133
88.27432 21.362466454666666
88.32601 21.377653838166665
88.37771 21.39284415983333
88.42941 21.408034481500003
88.4811 21.423221865
88.5328 21.438412186666667
88.5845 21.453602508333333
88.63619 21.46878989183333
88.68789 21.483980213499997
88.73959 21.49917053516667
88.79128 21.51435791866667
88.84298 21.529548240333334
88.89468 21.544738562
88.94637 21.559925945499998
88.99807 21.575116267166663
89.04977 21.590306588833332
89.10146 21.605493972333335
89.15316 21.620684294
89.20486 21.635874615666665
89.25655 21.651061999166668
89.30825 21.666252320833333
89.35994 21.681439704333332
89.41164 21.696630026
89.46334 21.711820347666666
89.51503 21.727007731166665
89.56673 21.742198052833334
89.61843 21.757388374500003
89.67012 21.772575758
89.72182 21.787766079666664
89.77352 21.802956401333333
89.82521 21.81814378483333
89.87691 21.833334106499997
89.92861 21.84852442816667
89.9803 21.86371181166667
90.032 21.878902133333334
90.0837 21.894092455
90.13539 21.909279838499998
90.18709 21.924470160166663
90.23879 21.939660481833332
90.29048 21.954847865333335
90.34218 21.970038187
90.39388 21.985228508666665
90.44557 22.000415892166668
90.49727 22.015606213833333
90.54897 22.0307965355
90.60066 22.045983919
90.65236 22.061174240666666
90.70406 22.07636456233333
90.75575 22.091551945833334
90.80745 22.106742267500003
90.85914 22.121929651
90.91084 22.137119972666664
90.96254 22.152310294333333
91.01423 22.16749767783333
91.06593 22.182687999499997
91.11763 22.19787832116667
91.16932 22.21306570466667
91.22102 22.228256026333334
91.27272 22.243446348000003
91.32441 22.258633731499998
91.37611 22.273824053166663
91.42781 22.28901437483333
91.4795 22.304201758333335
91.5312 22.31939208
91.5829 22.334582401666665
91.63459 22.349769785166668
91.68629 22.364960106833333
91.73799 22.3801504285
91.78968 22.395337812
91.84138 22.410528133666666
91.89308 22.42571845533333
91.94477 22.440905838833334
91.99647 22.456096160500003
92.04817 22.47128648216667
92.09986 22.486473865666667
92.15156 22.501664187333333
92.20326 22.516854508999998
92.25495 22.532041892499997
92.30665 22.54723221416667
92.35834 22.56241959766667
92.41004 22.577609919333334
92.46174 22.592800241
92.51343 22.607987624499998
92.56513 22.623177946166663
92.61683 22.63836826783333
92.66852 22.653555651333335
92.72022 22.668745973
92.77192 22.683936294666665
92.82361 22.699123678166668
92.87531 22.714313999833333
92.92701 22.7295043215
92.9787 22.744691705
93.0304 22.759882026666666
93.0821 22.77507234833333
93.13379 22.790259731833334
93.18549 22.8054500535
93.23719 22.82064037516667
93.28888 22.835827758666667
93.34058 22.851018080333333
93.39228 22.866208401999998
93.44397 22.881395785499997
93.49567 22.89658610716667
93.54737 22.911776428833335
93.59906 22.926963812333334
93.65076 22.942154134
93.70246 22.957344455666668
93.75415 22.972531839166663
93.80585 22.987722160833336
93.85754 23.002909544333335
93.90924 23.018099866
93.96094 23.033290187666665
94.01263 23.048477571166664
94.06433 23.063667892833333
94.11603 23.0788582145
94.16772 23.094045598
94.21942 23.109235919666666
94.27112 23.12442624133333
94.32281 23.139613624833334
94.37451 23.1548039465
94.42621 23.16999426816667
94.4779 23.185181651666667
94.5296 23.200371973333333
94.5813 23.215562294999998
94.63299 23.230749678500004
94.68469 23.24594000016667
94.73639 23.261130321833335
94.78808 23.276317705333334
94.83978 23.291508027
94.89148 23.306698348666664
94.94317 23.321885732166663
94.99487 23.337076053833336
95.04657 23.3522663755
95.09826 23.367453759
95.14996 23.382644080666665
95.20166 23.397834402333334
95.25335 23.413021785833333
95.30505 23.4282121075
95.35674 23.443399491
95.40844 23.458589812666666
95.46014 23.47378013433333
95.51183 23.488967517833334
95.56353 23.5041578395
95.61523 23.519348161166665
95.66692 23.534535544666667
95.71862 23.549725866333333
95.77032 23.564916187999998
95.82201 23.580103571500004
95.87371 23.59529389316667
95.92541 23.610484214833335
95.9771 23.625671598333334
96.0288 23.64086192
96.0805 23.656052241666664
96.13219 23.671239625166663
96.18389 23.686429946833336
96.23559 23.7016202685
96.28728 23.716807652
96.33898 23.73199797366667
96.39068 23.747188295333334
96.44237 23.762375678833333
96.49407 23.7775660005
96.54577 23.792756322166667
96.59746 23.807943705666666
96.64916 23.82313402733333
96.70086 23.838324349000004
96.75255 23.8535117325
96.80425 23.868702054166665
96.85594 23.883889437666667
96.90764 23.899079759333333
96.95934 23.914270080999998
97.01103 23.929457464500004
97.06273 23.94464778616667
97.11443 23.959838107833335
97.16612 23.975025491333334
97.21782 23.990215813
97.26952 24.005406134666664
97.32121 24.020593518166663
97.37291 24.035783839833336
97.42461 24.0509741615
97.4763 24.066161545
97.528 24.08135186666667
97.5797 24.096542188333334
97.63139 24.11172957183333
97.68309 24.126919893500002
97.73479 24.142110215166667
97.78648 24.157297598666666
97.83818 24.17248792033333
97.88988 24.187678242
97.94157 24.2028656255
97.99327 24.218055947166665
98.04497 24.233246268833334
98.09666 24.248433652333333
98.14836 24.263623973999998
98.20006 24.278814295666663
98.25175 24.29400167916667
98.30345 24.309192000833335
98.35514 24.324379384333334
98.40684 24.339569706
98.45854 24.354760027666664
98.51023 24.36994741116667
98.56193 24.385137732833336
98.61363 24.4003280545
98.66532 24.415515438
98.71702 24.43070575966667
98.76872 24.445896081333334
98.82041 24.46108346483333
98.87211 24.476273786500002
98.92381 24.491464108166667
98.9755 24.506651491666666
99.0272 24.52184181333333
99.0789 24.537032135
99.13059 24.5522195185
99.18229 24.567409840166665
99.23399 24.582600161833334
99.28568 24.597787545333333
99.33738 24.612977866999998
99.38908 24.62816818866667
99.44077 24.64335557216667
99.49247 24.658545893833335
99.54417 24.6737362155
99.59586 24.688923599
99.64756 24.704113920666664
99.69926 24.71930424233333
99.75095 24.734491625833336
99.80265 24.7496819475
99.85434 24.764869331
99.90604 24.780059652666665
99.95774 24.795249974333334
100.00943 24.81043735783333
100.06113 24.825627679500002
100.11283 24.840818001166667
100.16452 24.856005384666666
100.21622 24.871195706333335
100.26792 24.886386028
100.31961 24.9015734115
100.37131 24.916763733166665
100.42301 24.931954054833334
100.4747 24.947141438333333
100.5264 24.962331759999998
100.5781 24.97752208166667
100.62979 24.992709465166666
100.68149 25.007899786833335
100.73319 25.0230901085
100.78488 25.038277492
100.83658 25.053467813666664
100.88828 25.06865813533333
100.93997 25.083845518833336
100.99167 25.0990358405
101.04337 25.114226162166666
101.09506 25.129413545666665
101.14676 25.144603867333334
101.19846 25.159794189
101.25015 25.174981572500002
101.30185 25.190171894166667
101.35354 25.205359277666666
101.40524 25.220549599333335
101.45694 25.235739921
101.50863 25.2509273045
101.56033 25.266117626166665
101.61203 25.281307947833334
101.66372 25.296495331333333
101.71542 25.311685652999998
101.76712 25.32687597466667
101.81881 25.342063358166666
101.87051 25.357253679833335
101.92221 25.3724440015
101.9739 25.387631385
102.0256 25.402821706666664
102.0773 25.41801202833333
102.12899 25.433199411833336
102.18069 25.4483897335
102.23239 25.463580055166666
102.28408 25.478767438666665
102.33578 25.49395776033333
102.38748 25.509148082
102.43917 25.524335465500002
102.49087 25.539525787166667
102.54257 25.554716108833333
102.59426 25.569903492333335
102.64596 25.585093814
102.69766 25.600284135666666
102.74935 25.615471519166668
102.80105 25.630661840833334
102.85274 25.645849224333332
102.90444 25.661039545999998
102.95614 25.67622986766667
103.00783 25.691417251166666
103.05953 25.70660757283333
103.11123 25.7217978945
103.16292 25.736985278
103.21462 25.752175599666664
103.26632 25.76736592133333
103.31801 25.782553304833336
103.36971 25.7977436265
103.42141 25.812933948166666
103.4731 25.828121331666665
103.5248 25.84331165333333
103.5765 25.858501975
103.62819 25.873689358500002
103.67989 25.888879680166667
103.73159 25.904070001833333
103.78328 25.919257385333335
103.83498 25.934447707
103.88668 25.949638028666666
103.93837 25.964825412166668
103.99007 25.980015733833334
104.04177 25.9952060555
104.09346 26.010393438999998
104.14516 26.02558376066667
104.19686 26.040774082333336
104.24855 26.05596146583333
104.30025 26.0711517875
104.35194 26.086339171
104.40364 26.101529492666664
104.45534 26.116719814333337
104.50703 26.131907197833335
104.55873 26.1470975195
104.61043 26.162287841166666
104.66212 26.177475224666665
104.71382 26.19266554633333
104.76552 26.207855867999996
104.81721 26.223043251500002
104.86891 26.238233573166667
104.92061 26.253423894833332
104.9723 26.268611278333335
105.024 26.2838016
105.0757 26.298991921666666
105.12739 26.314179305166668
105.17909 26.329369626833333
105.23079 26.3445599485
105.28248 26.359747332
105.33418 26.37493765366667
105.38588 26.390127975333336
105.43757 26.40531535883333
105.48927 26.4205056805
105.54097 26.435696002166665
105.59266 26.450883385666664
105.64436 26.466073707333337
105.69606 26.481264029000002
105.74775 26.4964514125
105.79945 26.511641734166666
105.85114 26.526829117666665
105.90284 26.54201943933333
105.95454 26.557209760999996
106.00623 26.572397144500002
106.05793 26.587587466166667
106.10963 26.602777787833332
106.16132 26.617965171333335
106.21302 26.633155493
106.26472 26.648345814666666
106.31641 26.663533198166668
106.36811 26.678723519833333
106.41981 26.6939138415
106.4715 26.709101225
106.5232 26.724291546666667
106.5749 26.739481868333336
106.62659 26.75466925183333
106.67829 26.7698595735
106.72999 26.785049895166665
106.78168 26.800237278666664
106.83338 26.815427600333336
106.88508 26.830617922000002
106.93677 26.8458053055
106.98847 26.860995627166666
107.04017 26.876185948833335
107.09186 26.89137333233333
107.14356 26.906563653999996
107.19526 26.921753975666668
107.24695 26.936941359166667
107.29865 26.952131680833332
107.35034 26.967319064333335
107.40204 26.982509386
107.45374 26.997699707666666
107.50543 27.012887091166668
107.55713 27.028077412833333
107.60883 27.0432677345
107.66052 27.058455118
107.71222 27.073645439666667
107.76392 27.088835761333335
107.81561 27.104023144833334
107.86731 27.1192134665
107.91901 27.134403788166665
107.9707 27.149591171666664
108.0224 27.164781493333336
108.0741 27.179971815000002
108.12579 27.1951591985
108.17749 27.210349520166666
108.22919 27.22553984183333
108.28088 27.24072722533333
108.33258 27.255917546999996
108.38428 27.271107868666668
108.43597 27.286295252166667
108.48767 27.301485573833332
108.53937 27.3166758955
108.59106 27.331863279
108.64276 27.347053600666666
108.69446 27.362243922333334
108.74615 27.377431305833333
108.79785 27.3926216275
108.84954 27.407809011
108.90124 27.422999332666667
108.95294 27.438189654333332
109.00463 27.453377037833334
109.05633 27.4685673595
109.10803 27.483757681166665
109.15972 27.498945064666664
109.21142 27.514135386333336
109.26312 27.529325708000002
109.31481 27.5445130915
109.36651 27.559703413166666
109.41821 27.57489373483333
109.4699 27.59008111833333
109.5216 27.605271440000003
109.5733 27.620461761666668
109.62499 27.635649145166667
109.67669 27.650839466833332
109.72839 27.6660297885
109.78008 27.681217172
109.83178 27.696407493666666
109.88348 27.711597815333334
109.93517 27.726785198833333
109.98687 27.7419755205
110.03857 27.75716584216667
110.09026 27.772353225666667
110.14196 27.787543547333332
110.19366 27.802733869
110.24535 27.8179212525
110.29705 27.833111574166665
110.34874 27.84829895766667
110.40044 27.863489279333336
110.45214 27.878679601
110.50383 27.893866984499997
110.55553 27.909057306166666
110.60723 27.92424762783333
110.65892 27.93943501133333
110.71062 27.954625333000003
110.76232 27.969815654666668
110.81401 27.985003038166667
110.86571 28.000193359833336
110.91741 28.0153836815
110.9691 28.030571064999997
111.0208 28.045761386666666
111.0725 28.060951708333334
111.12419 28.076139091833333
111.17589 28.0913294135
111.22759 28.106519735166668
111.27928 28.121707118666667
111.33098 28.136897440333332
111.38268 28.152087761999997
111.43437 28.1672751455
111.48607 28.182465467166665
111.53777 28.19765578883333
111.58946 28.212843172333336
111.64116 28.228033494
111.69286 28.243223815666667
111.74455 28.258411199166666
111.79625 28.27360152083333
111.84794 28.28878890433333
111.89964 28.303979226000003
111.95134 28.319169547666668
112.00303 28.334356931166667
112.05473 28.349547252833336
112.10643 28.3647375745
112.15812 28.379924957999997
112.20982 28.395115279666665
112.26152 28.410305601333334
112.31321 28.425492984833333
112.36491 28.4406833065
112.41661 28.455873628166668
112.4683 28.471061011666666
112.52 28.486251333333332
112.5717 28.501441655
112.62339 28.5166290385
112.67509 28.531819360166665
112.72679 28.54700968183333
112.77848 28.562197065333336
112.83018 28.577387387
112.88188 28.592577708666667
112.93357 28.607765092166666
112.98527 28.62295541383333
113.03697 28.638145735499997
113.08866 28.653333119000003
113.14036 28.668523440666668
113.19206 28.683713762333333
113.24375 28.698901145833332
113.29545 28.7140914675
113.34714 28.729278850999997
113.39884 28.74446917266667
113.45054 28.759659494333334
113.50223 28.774846877833333
113.55393 28.7900371995
113.60563 28.805227521166668
113.65732 28.820414904666666
113.70902 28.835605226333332
113.76072 28.850795548
113.81241 28.8659829315
113.86411 28.881173253166665
113.91581 28.89636357483333
113.9675 28.911550958333333
114.0192 28.92674128
114.0709 28.941931601666667
114.12259 28.957118985166666
114.17429 28.97230930683333
114.22599 28.987499628499997
114.27768 29.002687012000003
114.32938 29.017877333666668
114.38108 29.033067655333333
114.43277 29.048255038833332
114.48447 29.0634453605
114.53617 29.078635682166666
114.58786 29.09382306566667
114.63956 29.109013387333334
114.69126 29.124203709
114.74295 29.1393910925
114.79465 29.154581414166667
114.84634 29.169768797666666
114.89804 29.18495911933333
114.94974 29.200149441
115.00143 29.2153368245
115.05313 29.230527146166665
115.10483 29.245717467833334
115.15652 29.260904851333333
115.20822 29.276095172999998
115.25992 29.291285494666663
115.31161 29.306472878166666
115.36331 29.32166319983333
115.41501 29.3368535215
115.4667 29.352040905
115.5184 29.367231226666668
115.5701 29.382421548333333
115.62179 29.397608931833336
115.67349 29.4127992535
115.72519 29.427989575166666
115.77688 29.44317695866667
115.82858 29.458367280333334
115.88028 29.473557602
115.93197 29.488744985500002
115.98367 29.503935307166667
116.03537 29.519125628833333
116.08706 29.53431301233333
116.13876 29.549503334
116.19046 29.564693655666666
116.24215 29.579881039166665
116.29385 29.595071360833334
116.34554 29.610258744333333
116.39724 29.625449065999998
116.44894 29.640639387666663
116.50063 29.655826771166666
116.55233 29.67101709283333
116.60403 29.686207414499997
116.65572 29.701394798
116.70742 29.716585119666668
116.75912 29.731775441333333
116.81081 29.746962824833336
116.86251 29.7621531465
116.91421 29.777343468166666
116.9659 29.79253085166667
117.0176 29.807721173333334
117.0693 29.822911495
117.12099 29.838098878500002
117.17269 29.853289200166667
117.22439 29.868479521833333
117.27608 29.88366690533333
117.32778 29.898857227
117.37948 29.914047548666666
117.43117 29.929234932166665
117.48287 29.944425253833334
117.53457 29.9596155755
117.58626 29.974802958999998
117.63796 29.989993280666667
117.68966 30.005183602333336
117.74135 30.02037098583333
117.79305 30.035561307499997
117.84474 30.050748691
117.89644 30.065939012666664
117.94814 30.081129334333333
117.99983 30.096316717833336
118.05153 30.1115070395
118.10323 30.126697361166666
118.15492 30.14188474466667
118.20662 30.157075066333334
118.25832 30.172265388
118.31001 30.187452771500002
118.36171 30.202643093166667
118.41341 30.217833414833333
118.4651 30.233020798333335
118.5168 30.24821112
118.5685 30.263401441666666
118.62019 30.278588825166665
118.67189 30.293779146833334
118.72359 30.3089694685
118.77528 30.324156851999998
118.82698 30.339347173666667
118.87868 30.354537495333336
118.93037 30.36972487883333
118.98207 30.384915200499997
119.03377 30.40010552216667
119.08546 30.415292905666664
119.13716 30.430483227333333
119.18886 30.445673549000002
119.24055 30.4608609325
119.29225 30.476051254166666
119.34394 30.49123863766667
119.39564 30.506428959333334
119.44734 30.521619281
119.49903 30.536806664500002
119.55073 30.551996986166667
119.60243 30.567187307833333
119.65412 30.582374691333335
119.70582 30.597565013
119.75752 30.612755334666666
119.80921 30.627942718166665
119.86091 30.643133039833334
119.91261 30.6583233615
119.9643 30.673510744999998
120.016 30.684
120.0677 30.684
120.11939 30.684
120.17109 30.684
120.22279 30.684
120.27448 30.684
120.32618 30.684
120.37788 30.684
120.42957 30.684
120.48127 30.684
120.53297 30.684
120.58466 30.684
120.63636 30.684
120.68806 30.684
120.73975 30.684
120.79145 30.684
120.84314 30.684
120.89484 30.684
120.94654 30.684
120.99823 30.684
121.04993 30.684
121.10163 30.684
121.15332 30.684
121.20502 30.684
121.25672 30.684
121.30841 30.684
121.36011 30.684
121.41181 30.684
121.4635 30.684
121.5152 30.684
121.5669 30.684
121.61859 30.684
121.67029 30.684
121.72199 30.684
121.77368 30.684
121.82538 30.684
121.87708 30.684
121.92877 30.684
121.98047 30.684
122.03217 30.684
122.08386 30.684
122.13556 30.684
122.18726 30.684
122.23895 30.684
122.29065 30.684
122.34234 30.684
122.39404 30.684
122.44574 30.684
122.49743 30.684
122.54913 30.684
122.60083 30.684
122.65252 30.684
122.70422 30.684
122.75592 30.684
122.80761 30.684
122.85931 30.684
122.91101 30.684
122.9627 30.684
123.0144 30.684
123.0661 30.684
123.11779 30.684
123.16949 30.684
123.22119 30.684
123.27288 30.684
123.32458 30.684
123.37628 30.684
123.42797 30.684
123.47967 30.684
123.53137 30.684
123.58306 30.684
123.63476 30.684
123.68646 30.684
123.73815 30.684
123.78985 30.684
123.84154 30.684
123.89324 30.684
123.94494 30.684
123.99663 30.684
124.04833 30.684
124.10003 30.684
124.15172 30.684
124.20342 30.684
124.25512 30.684
124.30681 30.684
124.35851 30.684
124.41021 30.684
124.4619 30.684
124.5136 30.684
124.5653 30.684
124.61699 30.684
124.66869 30.684
124.72039 30.684
124.77208 30.684
124.82378 30.684
124.87548 30.684
124.92717 30.684
124.97887 30.684
125.03057 30.684
125.08226 30.684
125.13396 30.684
125.18566 30.684
125.23735 30.684
125.28905 30.684
125.34074 30.684
125.39244 30.684
125.44414 30.684
125.49583 30.684
125.54753 30.684
125.59923 30.684
125.65092 30.684
125.70262 30.684
125.75432 30.684
125.80601 30.684
125.85771 30.684
125.90941 30.684
125.9611 30.684
126.0128 30.684
126.0645 30.684
126.11619 30.684
126.16789 30.684
126.21959 30.684
126.27128 30.684
126.32298 30.684
126.37468 30.684
126.42637 30.684
126.47807 30.684
126.52977 30.684
126.58146 30.684
126.63316 30.684
126.68486 30.684
126.73655 30.684
126.78825 30.684
126.83994 30.684
126.89164 30.684
126.94334 30.684
126.99503 30.684
127.04673 30.684
127.09843 30.684
127.15012 30.684
127.20182 30.684
127.25352 30.684
127.30521 30.684
127.35691 30.684
127.40861 30.684
127.4603 30.684
127.512 30.684
127.5637 30.684
127.61539 30.684
127.66709 30.684
127.71879 30.684
127.77048 30.684
127.82218 30.684
127.87388 30.684
127.92557 30.684
127.97727 30.684
128.02897 30.684
128.08066 30.684
128.13236 30.684
128.18406 30.684
128.23575 30.684
128.28745 30.684
128.33914 30.684
128.39084 30.684
128.44254 30.684
128.49423 30.684
128.54593 30.684
128.59763 30.684
128.64932 30.684
128.70102 30.684
128.75272 30.684
128.80441 30.684
128.85611 30.684
128.90781 30.684
128.9595 30.684
129.0112 30.684
129.0629 30.684
129.11459 30.684
129.16629 30.684
129.21799 30.684
129.26968 30.684
129.32138 30.684
129.37308 30.684
129.42477 30.684
129.47647 30.684
129.52817 30.684
129.57986 30.684
129.63156 30.684
129.68326 30.684
129.73495 30.684
129.78665 30.684
129.83834 30.684
129.89004 30.684
129.94174 30.684
129.99343 30.684
130.04513 30.684
130.09683 30.684
130.14852 30.684
130.20022 30.684
130.25192 30.684
130.30361 30.684
130.35531 30.684
130.40701 30.684
130.4587 30.684
130.5104 30.684
130.5621 30.684
130.61379 30.684
130.66549 30.684
130.71719 30.684
130.76888 30.684
130.82058 30.684
130.87228 30.684
130.92397 30.684
130.97567 30.684
131.02737 30.684
131.07906 30.684
131.13076 30.684
131.18246 30.684
131.23415 30.684
131.28585 30.684
131.33754 30.684
131.38924 30.684
131.44094 30.684
131.49263 30.684
131.54433 30.684
131.59603 30.684
131.64772 30.684
131.69942 30.684
131.75112 30.684
131.80281 30.684
131.85451 30.684
131.90621 30.684
131.9579 30.684
132.0096 30.684
132.0613 30.684
132.11299 30.684
132.16469 30.684
132.21639 30.684
132.26808 30.684
132.31978 30.684
132.37148 30.684
132.42317 30.684
132.47487 30.684
132.52657 30.684
132.57826 30.684
132.62996 30.684
132.68166 30.684
132.73335 30.684
132.78505 30.684
132.83674 30.684
132.88844 30.684
132.94014 30.684
132.99183 30.684
133.04353 30.684
133.09523 30.684
133.14692 30.684
133.19862 30.684
133.25032 30.684
133.30201 30.684
133.35371 30.684
133.40541 30.684
133.4571 30.684
133.5088 30.684
133.5605 30.684
133.61219 30.684
133.66389 30.684
133.71559 30.684
133.76728 30.684
133.81898 30.684
133.87068 30.684
133.92237 30.684
133.97407 30.684
134.02577 30.684
134.07746 30.684
134.12916 30.684
134.18086 30.684
134.23255 30.684
134.28425 30.684
134.33594 30.684
134.38764 30.684
134.43934 30.684
134.49103 30.684
134.54273 30.684
134.59443 30.684
134.64612 30.684
134.69782 30.684
134.74952 30.684
134.80121 30.684
134.85291 30.684
134.90461 30.684
134.9563 30.684
135.008 30.684
135.0597 30.684
135.11139 30.684
135.16309 30.684
135.21479 30.684
135.26648 30.684
135.31818 30.684
135.36988 30.684
135.42157 30.684
135.47327 30.684
135.52497 30.684
135.57666 30.684
135.62836 30.684
135.68006 30.684
135.73175 30.684
135.78345 30.684
135.83514 30.684
135.88684 30.684
135.93854 30.684
135.99023 30.684
136.04193 30.684
136.09363 30.684
136.14532 30.684
136.19702 30.684
136.24872 30.684
136.30041 30.684
136.35211 30.684
136.40381 30.684
136.4555 30.684
136.5072 30.684
136.5589 30.684
136.61059 30.684
136.66229 30.684
136.71399 30.684
136.76568 30.684
136.81738 30.684
136.86908 30.684
136.92077 30.684
136.97247 30.684
137.02417 30.684
137.07586 30.684
137.12756 30.684
137.17926 30.684
137.23095 30.684
137.28265 30.684
137.33434 30.684
137.38604 30.684
137.43774 30.684
137.48943 30.684
137.54113 30.684
137.59283 30.684
137.64452 30.684
137.69622 30.684
137.74792 30.684
137.79961 30.684
137.85131 30.684
137.90301 30.684
137.9547 30.684
138.0064 30.684
138.0581 30.684
138.10979 30.684
138.16149 30.684
138.21319 30.684
138.26488 30.684
138.31658 30.684
138.36828 30.684
138.41997 30.684
138.47167 30.684
138.52337 30.684
138.57506 30.684
138.62676 30.684
138.67846 30.684
138.73015 30.684
138.78185 30.684
138.83354 30.684
138.88524 30.684
138.93694 30.684
138.98863 30.684
139.04033 30.684
139.09203 30.684
139.14372 30.684
139.19542 30.684
139.24712 30.684
139.29881 30.684
139.35051 30.684
139.40221 30.684
139.4539 30.684
139.5056 30.684
139.5573 30.684
139.60899 30.684
139.66069 30.684
139.71239 30.684
139.76408 30.684
139.81578 30.684
139.86748 30.684
139.91917 30.684
139.97087 30.684
140.02257 30.684
140.07426 30.684
140.12596 30.684
140.17766 30.684
140.22935 30.684
140.28105 30.684
140.33274 30.684
140.38444 30.684
140.43614 30.684
140.48783 30.684
140.53953 30.684
140.59123 30.684
140.64292 30.684
140.69462 30.684
140.74632 30.684
140.79801 30.684
140.84971 30.684
140.90141 30.684
140.9531 30.684
141.0048 30.684
141.0565 30.684
141.10819 30.684
141.15989 30.684
141.21159 30.684
141.26328 30.684
141.31498 30.684
141.36668 30.684
141.41837 30.684
141.47007 30.684
141.52177 30.684
141.57346 30.684
141.62516 30.684
141.67686 30.684
141.72855 30.684
141.78025 30.684
141.83194 30.684
141.88364 30.684
141.93534 30.684
141.98703 30.684
142.03873 30.684
142.09043 30.684
142.14212 30.684
142.19382 30.684
142.24552 30.684
142.29721 30.684
142.34891 30.684
142.40061 30.684
142.4523 30.684
142.504 30.684
142.5557 30.684
142.60739 30.684
142.65909 30.684
142.71079 30.684
142.76248 30.684
142.81418 30.684
142.86588 30.684
142.91757 30.684
142.96927 30.684
143.02097 30.684
143.07266 30.684
143.12436 30.684
143.17606 30.684
143.22775 30.684
143.27945 30.684
143.33114 30.684
143.38284 30.684
143.43454 30.684
143.48623 30.684
143.53793 30.684
143.58963 30.684
143.64132 30.684
143.69302 30.684
143.74472 30.684
143.79641 30.684
143.84811 30.684
143.89981 30.684
143.9515 30.684
144.0032 30.684
144.0549 30.684
144.10659 30.684
144.15829 30.684
144.20999 30.684
144.26168 30.684
144.31338 30.684
144.36508 30.684
144.41677 30.684
144.46847 30.684
144.52017 30.684
144.57186 30.684
144.62356 30.684
144.67526 30.684
144.72695 30.684
144.77865 30.684
144.83034 30.684
144.88204 30.684
144.93374 30.684
144.98543 30.684
145.03713 30.684
145.08883 30.684
145.14052 30.684
145.19222 30.684
145.24392 30.684
145.29561 30.684
145.34731 30.684
145.39901 30.684
145.4507 30.684
145.5024 30.684
145.5541 30.684
145.60579 30.684
145.65749 30.684
145.70919 30.684
145.76088 30.684
145.81258 30.684
145.86428 30.684
145.91597 30.684
145.96767 30.684
146.01937 30.684
146.07106 30.684
146.12276 30.684
146.17446 30.684
146.22615 30.684
146.27785 30.684
146.32954 30.684
146.38124 30.684
146.43294 30.684
146.48463 30.684
146.53633 30.684
146.58803 30.684
146.63972 30.684
146.69142 30.684
146.74312 30.684
146.79481 30.684
146.84651 30.684
146.89821 30.684
146.9499 30.684
147.0016 30.684
147.0533 30.684
147.10499 30.684
147.15669 30.684
147.20839 30.684
147.26008 30.684
147.31178 30.684
147.36348 30.684
147.41517 30.684
147.46687 30.684
147.51857 30.684
147.57026 30.684
147.62196 30.684
147.67366 30.684
147.72535 30.684
147.77705 30.684
147.82874 30.684
147.88044 30.684
147.93214 30.684
147.98383 30.684
148.03553 30.684
148.08723 30.684
148.13892 30.684
148.19062 30.684
148.24232 30.684
148.29401 30.684
148.34571 30.684
148.39741 30.684
148.4491 30.684
148.5008 30.684
148.5525 30.684
148.60419 30.684
148.65589 30.684
148.70759 30.684
148.75928 30.684
148.81098 30.684
148.86268 30.684
148.91437 30.684
148.96607 30.684
149.01777 30.684
149.06946 30.684
149.12116 30.684
149.17286 30.684
149.22455 30.684
149.27625 30.684
149.32794 30.684
149.37964 30.684
149.43134 30.684
149.48303 30.684
149.53473 30.684
149.58643 30.684
149.63812 30.684
149.68982 30.684
149.74152 30.684
149.79321 30.684
149.84491 30.684
149.89661 30.684
149.9483 30.684
150.0 30.684
