# metallicity0.0127   # mass  # Metal_eject_mass
0.08 0.00593
0.1317 0.00593
0.18339 0.00593
0.23509 0.00593
0.28679 0.00593
0.33848 0.00593
0.39018 0.00593
0.44188 0.00593
0.49357 0.00593
0.54527 0.00593
0.59697 0.00593
0.64866 0.00593
0.70036 0.00593
0.75206 0.00593
0.80375 0.00593
0.85545 0.006150209677419356
0.90714 0.007308151515151513
0.95884 0.008419830985915493
1.01054 0.009315116883116885
1.06223 0.010389194805194806
1.11393 0.011351876543209878
1.16563 0.01224950588235294
1.21732 0.013222494117647058
1.26902 0.014166627906976745
1.32072 0.015068372093023252
1.37241 0.01592527906976744
1.42411 0.016934857142857144
1.47581 0.019889142857142862
1.5275 0.022675
1.5792 0.025259999999999994
1.6309 0.027691785714285717
1.68259 0.030079071428571434
1.73429 0.032417880952380955
1.78599 0.03473690361445783
1.83768 0.037041156626506026
1.88938 0.039319119047619054
1.94108 0.041856623376623374
1.99277 0.044877467532467526
2.04447 0.047189975
2.09617 0.04938722499999999
2.14786 0.05158405
2.19956 0.05378129999999999
2.25126 0.055970006666666655
2.30295 0.058158216666666665
2.35465 0.060346849999999994
2.40634 0.06253506
2.45804 0.06472369333333333
2.50974 0.066844796
2.56143 0.068674622
2.61313 0.070504802
2.66483 0.07233498199999999
2.71652 0.074164808
2.76822 0.075994988
2.81992 0.077825168
2.87161 0.07965499399999999
2.92331 0.081485174
2.97501 0.08331535400000001
3.0267 0.08425874
3.0784 0.08437248
3.1301 0.08448622
3.18179 0.084599938
3.23349 0.084713678
3.28519 0.084827418
3.33688 0.084941136
3.38858 0.085054876
3.44028 0.085168616
3.49197 0.085282334
3.54367 0.085011778
3.59537 0.084670558
3.64706 0.084329404
3.69876 0.08398818400000001
3.75046 0.083646964
3.80215 0.08330581000000001
3.85385 0.08296459
3.90554 0.08262343600000001
3.95724 0.082282216
4.00894 0.08205364
4.06063 0.08236378
4.11233 0.08267398000000001
4.16403 0.08298418
4.21572 0.08329432
4.26742 0.08360452
4.31912 0.08391472
4.37081 0.08422486
4.42251 0.08453506000000001
4.47421 0.08484526
4.5259 0.0856216
4.5776 0.08686240000000002
4.6293 0.08810319999999999
4.68099 0.08934376000000002
4.73269 0.09058456
4.78439 0.09182536000000001
4.83608 0.09306592
4.88778 0.09430672000000001
4.93948 0.09554752
4.99117 0.09678808000000001
5.04287 0.09712861
5.09457 0.09728371000000001
5.14626 0.09743878
5.19796 0.09759388000000001
5.24966 0.09774898
5.30135 0.09790405
5.35305 0.09805915
5.40474 0.09821422
5.45644 0.09836932000000001
5.50814 0.09852442
5.55983 0.09867949000000001
5.61153 0.09883459
5.66323 0.09898969
5.71492 0.09914476
5.76662 0.09929986
5.81832 0.09945496000000001
5.87001 0.09961003
5.92171 0.09976513000000001
5.97341 0.09992023000000001
6.0251 0.10040160000000001
6.0768 0.10122880000000001
6.1285 0.10205600000000001
6.18019 0.10288304
6.23189 0.10371024000000001
6.28359 0.10453744000000001
6.33528 0.10536448000000001
6.38698 0.10619168000000001
6.43868 0.10701888
6.49037 0.10784592000000001
6.54207 0.10867312
6.59377 0.10950032000000001
6.64546 0.11032736
6.69716 0.11115456000000001
6.74886 0.11198176
6.80055 0.11280880000000001
6.85225 0.113636
6.90394 0.11446304000000002
6.95564 0.11529024
7.00734 0.11751571000000004
7.05903 0.128189695
7.11073 0.13886574500000004
7.16243 0.14954179499999992
7.21412 0.16021578000000009
7.26582 0.17089182999999997
7.31752 0.18156788000000001
7.36921 0.19224186499999996
7.42091 0.20291791500000003
7.47261 0.2135939650000001
7.5243 0.22426795000000005
7.576 0.23494399999999993
7.6277 0.24562004999999998
7.67939 0.256294035
7.73109 0.266970085
7.78279 0.27764613500000007
7.83448 0.28832012000000007
7.88618 0.2989961700000001
7.93788 0.30967222
7.98957 0.32034620499999994
8.04127 0.3310222550000002
8.09297 0.34169830499999987
8.14466 0.35237229000000003
8.19636 0.3630483400000001
8.24806 0.37372439000000013
8.29975 0.3843983749999999
8.35145 0.39507442499999995
8.40314 0.4057484100000001
8.45484 0.41642446000000016
8.50654 0.4271005099999999
8.55823 0.43777449500000004
8.60993 0.4484505450000001
8.66163 0.45912659500000014
8.71332 0.4698005799999999
8.76502 0.48047662999999996
8.81672 0.49115268000000006
8.86841 0.5018266650000002
8.92011 0.5125027149999999
8.97181 0.5231787649999999
9.0235 0.5358385000000001
9.0752 0.5508832000000002
9.1269 0.5659278999999998
9.17859 0.58096969
9.23029 0.59601439
9.28199 0.6110590900000001
9.33368 0.6261008799999999
9.38538 0.6411455799999999
9.43708 0.65619028
9.48877 0.6712320700000002
9.54047 0.6862767699999998
9.59217 0.7013214699999999
9.64386 0.7163632600000001
9.69556 0.7314079600000001
9.74726 0.7464526600000002
9.79895 0.7614944499999999
9.85065 0.77653915
9.90234 0.7915809400000002
9.95404 0.8066256400000003
10.00574 0.8216703399999998
10.05743 0.83671213
10.10913 0.8517568300000001
10.16083 0.8668015300000003
10.21252 0.8818433199999999
10.26422 0.89688802
10.31592 0.91193272
10.36761 0.9269745100000002
10.41931 0.9420192099999998
10.47101 0.9570639099999999
10.5227 0.9721057000000002
10.5744 0.9871504000000002
10.6261 1.0021950999999998
10.67779 1.01723689
10.72949 1.0322815900000002
10.78119 1.04732629
10.83288 1.0623680799999997
10.88458 1.07741278
10.93628 1.09245748
10.98797 1.1074992700000001
11.03967 1.1225439699999997
11.09137 1.13758867
11.14306 1.1526304600000001
11.19476 1.1676751600000002
11.24646 1.1827198600000002
11.29815 1.19776165
11.34985 1.2128063500000001
11.40154 1.2278481400000003
11.45324 1.2428928399999997
11.50494 1.25793754
11.55663 1.27297933
11.60833 1.28802403
11.66003 1.3030687300000001
11.71172 1.3181105199999998
11.76342 1.33315522
11.81512 1.34819992
11.86681 1.3632417099999996
11.91851 1.3782864099999999
11.97021 1.3933311099999999
12.0219 1.4081831
12.0736 1.4227797333333334
12.1253 1.4373763666666663
12.17699 1.4519701766666666
12.22869 1.46656681
12.28039 1.4811634433333334
12.33208 1.4957572533333332
12.38378 1.5103538866666666
12.43548 1.52495052
12.48717 1.5395443300000002
12.53887 1.554140963333333
12.59057 1.5687375966666666
12.64226 1.5833314066666666
12.69396 1.5979280400000002
12.74566 1.6125246733333336
12.79735 1.6271184833333332
12.84905 1.6417151166666666
12.90074 1.6563089266666668
12.95244 1.6709055599999998
13.00414 1.6855021933333332
13.05583 1.7000960033333334
13.10753 1.7146926366666668
13.15923 1.7292892700000002
13.21092 1.7438830799999998
13.26262 1.7584797133333332
13.31432 1.7730763466666668
13.36601 1.7876701566666664
13.41771 1.8022667899999998
13.46941 1.8168634233333334
13.5211 1.8314572333333334
13.5728 1.8460538666666668
13.6245 1.8606504999999998
13.67619 1.87524431
13.72789 1.8898409433333334
13.77959 1.9044375766666668
13.83128 1.9190313866666666
13.88298 1.93362802
13.93468 1.9482246533333334
13.98637 1.9628184633333334
14.03807 1.9774150966666664
14.08977 1.9920117299999998
14.14146 2.0066055400000002
14.19316 2.0212021733333336
14.24486 2.0357988066666666
14.29655 2.0503926166666666
14.34825 2.06498925
14.39994 2.07958306
14.45164 2.0941796933333334
14.50334 2.108776326666667
14.55503 2.123370136666667
14.60673 2.1379667700000002
14.65843 2.152563403333333
14.71012 2.167157213333333
14.76182 2.1817538466666666
14.81352 2.1963504800000004
14.86521 2.21094429
14.91691 2.2255409233333334
14.96861 2.240137556666667
15.0203 2.2566368600000004
15.072 2.2760863999999996
15.1237 2.2955359399999997
15.17539 2.3149817180000003
15.22709 2.3344312580000004
15.27879 2.3538807980000005
15.33048 2.373326576
15.38218 2.3927761160000003
15.43388 2.4122256560000004
15.48557 2.4316714339999996
15.53727 2.4511209739999997
15.58897 2.470570514
15.64066 2.4900162920000004
15.69236 2.5094658320000005
15.74406 2.5289153719999997
15.79575 2.54836115
15.84745 2.56781069
15.89914 2.5872564679999996
15.95084 2.6067060079999997
16.00254 2.626155548
16.05423 2.6456013260000004
16.10593 2.6650508660000005
16.15763 2.6845004060000006
16.20932 2.7039461840000008
16.26102 2.7233957239999995
16.31272 2.7428452639999996
16.36441 2.7622910419999998
16.41611 2.781740582
16.46781 2.801190122
16.5195 2.8206359
16.5712 2.8400854400000006
16.6229 2.8595349800000007
16.67459 2.8789807579999995
16.72629 2.8984302979999996
16.77799 2.9178798379999997
16.82968 2.937325616
16.88138 2.956775156
16.93308 2.976224696
16.98477 2.9956704740000006
17.03647 3.0151200140000007
17.08817 3.034569554000001
17.13986 3.0540153319999996
17.19156 3.0734648719999997
17.24326 3.092914412
17.29495 3.11236019
17.34665 3.13180973
17.39834 3.151255508
17.45004 3.1707050480000003
17.50174 3.1901545880000004
17.55343 3.2096003659999996
17.60513 3.2290499059999997
17.65683 3.248499446
17.70852 3.267945224
17.76022 3.287394764
17.81192 3.306844304
17.86361 3.3262900820000008
17.91531 3.345739622000001
17.96701 3.365189161999999
18.0187 3.3846349399999998
18.0704 3.40408448
18.1221 3.42353402
18.17379 3.442979798
18.22549 3.462429338
18.27719 3.4818788780000003
18.32888 3.5013246560000004
18.38058 3.5207741959999996
18.43228 3.5402237359999997
18.48397 3.559669514
18.53567 3.579119054
18.58737 3.598568594
18.63906 3.618014372
18.69076 3.6374639120000003
18.74246 3.6569134520000004
18.79415 3.676359229999999
18.84585 3.6958087699999993
18.89754 3.715254548
18.94924 3.734704088
19.00094 3.754153628
19.05263 3.773599406
19.10433 3.7930489460000003
19.15603 3.8124984860000004
19.20772 3.8319442639999997
19.25942 3.8513938039999998
19.31112 3.870843344
19.36281 3.890289122
19.41451 3.909738662
19.46621 3.929188202
19.5179 3.9486339800000003
19.5696 3.9680835200000004
19.6213 3.9875330600000005
19.67299 4.006978837999999
19.72469 4.026428377999999
19.77639 4.0458779179999995
19.82808 4.065323696
19.87978 4.084773236
19.93148 4.104222776
19.98317 4.123668554
20.03487 4.1304010049999995
20.08657 4.130995555
20.13826 4.13158999
20.18996 4.13218454
20.24166 4.13277909
20.29335 4.133373525
20.34505 4.133968075
20.39674 4.13456251
20.44844 4.13515706
20.50014 4.13575161
20.55183 4.136346045
20.60353 4.1369405949999996
20.65523 4.137535145
20.70692 4.13812958
20.75862 4.13872413
20.81032 4.13931868
20.86201 4.139913115
20.91371 4.1405076649999994
20.96541 4.141102215
21.0171 4.14169665
21.0688 4.1422912
21.1205 4.14288575
21.17219 4.143480185
21.22389 4.144074735
21.27559 4.144669285
21.32728 4.14526372
21.37898 4.14585827
21.43068 4.1464528199999995
21.48237 4.1470472549999995
21.53407 4.147641805
21.58577 4.148236355
21.63746 4.14883079
21.68916 4.14942534
21.74086 4.15001989
21.79255 4.150614325
21.84425 4.151208875
21.89594 4.15180331
21.94764 4.15239786
21.99934 4.1529924099999995
22.05103 4.1535868449999995
22.10273 4.154181395
22.15443 4.154775945
22.20612 4.15537038
22.25782 4.15596493
22.30952 4.15655948
22.36121 4.157153915
22.41291 4.157748465
22.46461 4.158343015
22.5163 4.15893745
22.568 4.159532
22.6197 4.16012655
22.67139 4.160720985
22.72309 4.161315535
22.77479 4.161910085
22.82648 4.16250452
22.87818 4.16309907
22.92988 4.16369362
22.98157 4.164288055
23.03327 4.164882605
23.08497 4.165477155
23.13666 4.16607159
23.18836 4.16666614
23.24006 4.16726069
23.29175 4.167855125
23.34345 4.168449675
23.39514 4.16904411
23.44684 4.16963866
23.49854 4.17023321
23.55023 4.170827645
23.60193 4.171422195
23.65363 4.172016745
23.70532 4.17261118
23.75702 4.17320573
23.80872 4.17380028
23.86041 4.174394715
23.91211 4.174989265
23.96381 4.1755838149999995
24.0155 4.1761782499999995
24.0672 4.1767728
24.1189 4.17736735
24.17059 4.177961785
24.22229 4.178556335
24.27399 4.179150885
24.32568 4.17974532
24.37738 4.18033987
24.42908 4.18093442
24.48077 4.181528855
24.53247 4.182123405
24.58417 4.182717955
24.63586 4.18331239
24.68756 4.18390694
24.73926 4.18450149
24.79095 4.185095925
24.84265 4.185690475
24.89434 4.18628491
24.94604 4.18687946
24.99774 4.18747401
25.04943 4.188068445
25.10113 4.188662995
25.15283 4.189257545
25.20452 4.18985198
25.25622 4.19044653
25.30792 4.19104108
25.35961 4.191635515
25.41131 4.192230065
25.46301 4.192824615
25.5147 4.19341905
25.5664 4.1940136
25.6181 4.19460815
25.66979 4.195202585
25.72149 4.195797135
25.77319 4.196391685
25.82488 4.19698612
25.87658 4.19758067
25.92828 4.19817522
25.97997 4.198769655
26.03167 4.199364205
26.08337 4.199958755
26.13506 4.20055319
26.18676 4.20114774
26.23846 4.20174229
26.29015 4.202336725
26.34185 4.202931275
26.39354 4.20352571
26.44524 4.20412026
26.49694 4.20471481
26.54863 4.205309245
26.60033 4.205903795
26.65203 4.206498345
26.70372 4.20709278
26.75542 4.20768733
26.80712 4.20828188
26.85881 4.208876315
26.91051 4.209470865
26.96221 4.210065415
27.0139 4.21065985
27.0656 4.2112544
27.1173 4.21184895
27.16899 4.212443385
27.22069 4.213037935
27.27239 4.213632485
27.32408 4.21422692
27.37578 4.21482147
27.42748 4.21541602
27.47917 4.216010455
27.53087 4.216605005
27.58257 4.217199555
27.63426 4.21779399
27.68596 4.21838854
27.73766 4.21898309
27.78935 4.219577525
27.84105 4.220172075
27.89274 4.22076651
27.94444 4.22136106
27.99614 4.22195561
28.04783 4.222550045
28.09953 4.223144595
28.15123 4.223739145
28.20292 4.22433358
28.25462 4.22492813
28.30632 4.22552268
28.35801 4.226117115
28.40971 4.226711665
28.46141 4.2273062150000005
28.5131 4.2279006500000005
28.5648 4.2284952
28.6165 4.22908975
28.66819 4.229684185
28.71989 4.230278735
28.77159 4.230873285
28.82328 4.23146772
28.87498 4.23206227
28.92668 4.23265682
28.97837 4.233251255
29.03007 4.233845805
29.08177 4.234440355
29.13346 4.23503479
29.18516 4.23562934
29.23686 4.23622389
29.28855 4.236818325
29.34025 4.237412875
29.39194 4.23800731
29.44364 4.23860186
29.49534 4.23919641
29.54703 4.239790845
29.59873 4.240385395
29.65043 4.240979945
29.70212 4.24157438
29.75382 4.24216893
29.80552 4.24276348
29.85721 4.243357915
29.90891 4.2439524650000005
29.96061 4.244547015
30.0123 4.24762728
30.064 4.2586704
30.1157 4.26971352
30.16739 4.280754504
30.21909 4.291797624
30.27079 4.302840744
30.32248 4.313881728
30.37418 4.324924848
30.42588 4.335967968
30.47757 4.347008952
30.52927 4.358052072
30.58097 4.3690951920000005
30.63266 4.380136176000001
30.68436 4.391179296000001
30.73606 4.402222416
30.78775 4.4132634
30.83945 4.42430652
30.89114 4.435347504
30.94284 4.446390624
30.99454 4.457433744
31.04623 4.468474728
31.09793 4.479517848
31.14963 4.490560968
31.20132 4.501601952
31.25302 4.512645072
31.30472 4.523688192
31.35641 4.534729176
31.40811 4.545772296
31.45981 4.556815416
31.5115 4.5678564
31.5632 4.57889952
31.6149 4.58994264
31.66659 4.600983624
31.71829 4.6120267440000005
31.76999 4.6230698640000005
31.82168 4.634110848000001
31.87338 4.645153968000001
31.92508 4.656197088000001
31.97677 4.667238072
32.02847 4.678281192
32.08017 4.689324312000001
32.13186 4.700365296000001
32.18356 4.711408416
32.23526 4.7224515359999995
32.28695 4.7334925199999995
32.33865 4.7445356400000005
32.39034 4.755576624000001
32.44204 4.766619744
32.49374 4.777662864000001
32.54543 4.788703848000001
32.59713 4.799746968
32.64883 4.810790087999999
32.70052 4.821831071999999
32.75222 4.832874192
32.80392 4.843917311999999
32.85561 4.8549582959999995
32.90731 4.8660014160000005
32.95901 4.877044536
33.0107 4.888085520000001
33.0624 4.89912864
33.1141 4.91017176
33.16579 4.921212744
33.21749 4.932255864
33.26919 4.943298984
33.32088 4.954339968000001
33.37258 4.965383088
33.42428 4.976426208000001
33.47597 4.9874671919999995
33.52767 4.9985103120000005
33.57937 5.009553432
33.63106 5.020594416
33.68276 5.031637536000001
33.73446 5.042680656
33.78615 5.05372164
33.83785 5.064764760000001
33.88954 5.075805743999999
33.94124 5.086848864
33.99294 5.097891983999999
34.04463 5.1089329679999995
34.09633 5.1199760880000005
34.14803 5.131019208
34.19972 5.142060192
34.25142 5.153103312000001
34.30312 5.164146432
34.35481 5.175187416
34.40651 5.186230536
34.45821 5.197273656
34.5099 5.20831464
34.5616 5.219357759999999
34.6133 5.23040088
34.66499 5.2414418640000005
34.71669 5.2524849840000005
34.76839 5.263528104
34.82008 5.274569088
34.87178 5.285612208
34.92348 5.296655328
34.97517 5.307696312
35.02687 5.318739432000001
35.07857 5.329782552
35.13026 5.340823536
35.18196 5.3518666559999994
35.23366 5.362909776
35.28535 5.3739507600000005
35.33705 5.38499388
35.38874 5.396034864
35.44044 5.407077984000001
35.49214 5.418121104
35.54383 5.429162088
35.59553 5.440205207999999
35.64723 5.451248328
35.69892 5.462289312
35.75062 5.473332431999999
35.80232 5.484375552
35.85401 5.4954165360000005
35.90571 5.5064596560000005
35.95741 5.517502776000001
36.0091 5.52854376
36.0608 5.53958688
36.1125 5.55063
36.16419 5.561670984
36.21589 5.572714104000001
36.26759 5.583757223999999
36.31928 5.594798208
36.37098 5.605841328
36.42268 5.616884448
36.47437 5.6279254320000005
36.52607 5.638968552
36.57777 5.650011672000001
36.62946 5.661052656000001
36.68116 5.672095776
36.73286 5.683138896000001
36.78455 5.694179880000001
36.83625 5.705223
36.88794 5.716263984
36.93964 5.727307103999999
36.99134 5.738350224
37.04303 5.7493912080000005
37.09473 5.760434328
37.14643 5.771477448000001
37.19812 5.782518432000001
37.24982 5.793561552
37.30152 5.804604672
37.35321 5.815645655999999
37.40491 5.826688776
37.45661 5.837731895999999
37.5083 5.84877288
37.56 5.859816
37.6117 5.87085912
37.66339 5.881900104
37.71509 5.892943224
37.76679 5.903986344
37.81848 5.915027328000001
37.87018 5.926070448
37.92188 5.937113568000001
37.97357 5.948154552000001
38.02527 5.959197672
38.07697 5.970240792000001
38.12866 5.981281776000001
38.18036 5.992324896
38.23206 6.003368016
38.28375 6.014409
38.33545 6.025452120000001
38.38714 6.036493104000001
38.43884 6.047536224
38.49054 6.058579344000001
38.54223 6.069620328000001
38.59393 6.080663448
38.64563 6.091706567999999
38.69732 6.102747551999999
38.74902 6.113790672
38.80072 6.1248337919999996
38.85241 6.135874776
38.90411 6.146917896000001
38.95581 6.157961016
39.0075 6.169002000000001
39.0592 6.180045119999999
39.1109 6.191088240000001
39.16259 6.202129224
39.21429 6.213172344
39.26599 6.224215464
39.31768 6.235256448000001
39.36938 6.2462995679999995
39.42108 6.257342688000001
39.47277 6.268383672
39.52447 6.279426792000001
39.57617 6.290469912
39.62786 6.301510896
39.67956 6.312554016000001
39.73126 6.323597136
39.78295 6.33463812
39.83465 6.345681240000001
39.88634 6.356722223999999
39.93804 6.367765344
39.98974 6.378808464
40.04143 6.3870259935
40.09313 6.3945457585000005
40.14483 6.4020655235
40.19652 6.409583834
40.24822 6.417103599000001
40.29992 6.424623364
40.35161 6.4321416745
40.40331 6.4396614395
40.45501 6.4471812045000005
40.5067 6.454699515000001
40.5584 6.46221928
40.6101 6.469739045000001
40.66179 6.477257355500001
40.71349 6.4847771205
40.76519 6.4922968855
40.81688 6.499815196
40.86858 6.507334961000001
40.92028 6.514854726
40.97197 6.5223730365
41.02367 6.529892801500001
41.07537 6.5374125665000005
41.12706 6.5449308770000005
41.17876 6.552450642
41.23046 6.559970407000001
41.28215 6.567488717500001
41.33385 6.5750084824999995
41.38554 6.5825267929999995
41.43724 6.590046558000001
41.48894 6.597566323
41.54063 6.6050846335
41.59233 6.612604398499999
41.64403 6.6201241635
41.69572 6.627642474
41.74742 6.635162239
41.79912 6.642682004
41.85081 6.6502003145
41.90251 6.6577200795
41.95421 6.6652398445
42.0059 6.6727581549999995
42.0576 6.68027792
42.1093 6.687797685
42.16099 6.6953159955
42.21269 6.7028357605
42.26439 6.7103555255
42.31608 6.717873836
42.36778 6.725393601
42.41948 6.732913366
42.47117 6.7404316765
42.52287 6.7479514415
42.57457 6.7554712065
42.62626 6.762989517
42.67796 6.770509282
42.72966 6.778029047
42.78135 6.7855473575000005
42.83305 6.7930671225
42.88474 6.800585433
42.93644 6.808105198
42.98814 6.815624963
43.03983 6.8231432735
43.09153 6.8306630385
43.14323 6.8381828035000005
43.19492 6.845701114000001
43.24662 6.853220879
43.29832 6.860740644
43.35001 6.8682589545
43.40171 6.8757787195
43.45341 6.8832984845
43.5051 6.890816795
43.5568 6.898336560000001
43.6085 6.905856325
43.66019 6.9133746355
43.71189 6.9208944005
43.76359 6.9284141655
43.81528 6.9359324760000005
43.86698 6.943452240999999
43.91868 6.950972006000001
43.97037 6.958490316500001
44.02207 6.9660100815
44.07377 6.9735298465
44.12546 6.981048156999999
44.17716 6.988567922
44.22886 6.996087686999999
44.28055 7.003605997499999
44.33225 7.011125762500001
44.38394 7.018644073000001
44.43564 7.0261638379999996
44.48734 7.033683603
44.53903 7.041201913499999
44.59073 7.0487216785
44.64243 7.056241443499999
44.69412 7.0637597539999994
44.74582 7.071279519
44.79752 7.078799284
44.84921 7.0863175945
44.90091 7.0938373595
44.95261 7.1013571245
45.0043 7.108875435
45.056 7.1163951999999995
45.1077 7.123914965
45.15939 7.1314332755
45.21109 7.1389530405
45.26279 7.1464728055
45.31448 7.153991116
45.36618 7.161510881
45.41788 7.1690306459999995
45.46957 7.1765489565
45.52127 7.1840687215
45.57297 7.1915884865
45.62466 7.199106797
45.67636 7.206626562
45.72806 7.214146327
45.77975 7.2216646375
45.83145 7.2291844025
45.88314 7.236702713
45.93484 7.244222478
45.98654 7.251742243
46.03823 7.2592605535
46.08993 7.2667803185
46.14163 7.2743000835
46.19332 7.281818394
46.24502 7.289338159
46.29672 7.296857924
46.34841 7.3043762345
46.40011 7.3118959995
46.45181 7.3194157645
46.5035 7.3269340750000005
46.5552 7.33445384
46.6069 7.341973605000001
46.65859 7.3494919155
46.71029 7.357011680499999
46.76199 7.364531445499999
46.81368 7.372049755999999
46.86538 7.3795695210000005
46.91708 7.387089286
46.96877 7.3946075965
47.02047 7.4021273615
47.07217 7.4096471264999995
47.12386 7.4171654369999995
47.17556 7.424685201999999
47.22726 7.432204967
47.27895 7.4397232775
47.33065 7.447243042499999
47.38234 7.454761352999999
47.43404 7.462281118
47.48574 7.469800883
47.53743 7.4773191935
47.58913 7.484838958499999
47.64083 7.4923587235
47.69252 7.499877034
47.74422 7.5073967989999995
47.79592 7.514916564
47.84761 7.5224348745
47.89931 7.5299546395
47.95101 7.537474404499999
48.0027 7.544992714999999
48.0544 7.55251248
48.1061 7.5600322449999995
48.15779 7.5675505554999996
48.20949 7.5750703205
48.26119 7.5825900855
48.31288 7.590108396
48.36458 7.597628160999999
48.41628 7.605147926
48.46797 7.6126662365
48.51967 7.6201860015
48.57137 7.6277057665
48.62306 7.635224077
48.67476 7.642743842
48.72646 7.650263607
48.77815 7.6577819174999995
48.82985 7.6653016825
48.88154 7.672819993
48.93324 7.680339758
48.98494 7.687859523
49.03663 7.6953778335
49.08833 7.7028975985
49.14003 7.7104173635
49.19172 7.717935674
49.24342 7.725455438999999
49.29512 7.732975203999999
49.34681 7.740493514499999
49.39851 7.7480132795
49.45021 7.7555330445
49.5019 7.763051355
49.5536 7.77057112
49.6053 7.778090884999999
49.65699 7.785609195499999
49.70869 7.793128960499999
49.76039 7.8006487255
49.81208 7.808167036
49.86378 7.815686800999999
49.91548 7.823206566
49.96717 7.8307248765
50.01887 7.838244641499999
50.07057 7.845764406499999
50.12226 7.853282716999999
50.17396 7.8608024819999995
50.22566 7.868322246999999
50.27735 7.875840557499999
50.32905 7.8833603225
50.38074 7.890878633
50.43244 7.898398397999999
50.48414 7.905918162999999
50.53583 7.913436473499999
50.58753 7.9209562385
50.63923 7.928476003499999
50.69092 7.935994313999999
50.74262 7.943514079
50.79432 7.9510338439999995
50.84601 7.9585521544999995
50.89771 7.966071919499999
50.94941 7.9735916845
51.0011 7.981109995
51.0528 7.988629759999999
51.1045 7.996149525
51.15619 8.0036678355
51.20789 8.0111876005
51.25959 8.0187073655
51.31128 8.026225676
51.36298 8.033745440999999
51.41468 8.041265205999998
51.46637 8.048783516499999
51.51807 8.0563032815
51.56977 8.0638230465
51.62146 8.071341357
51.67316 8.078861122
51.72486 8.086380886999999
51.77655 8.093899197499999
51.82825 8.101418962499999
51.87994 8.108937272999999
51.93164 8.116457038
51.98334 8.123976803
52.03503 8.1314951135
52.08673 8.1390148785
52.13843 8.146534643499999
52.19012 8.154052953999999
52.24182 8.161572718999999
52.29352 8.169092484
52.34521 8.1766107945
52.39691 8.1841305595
52.44861 8.1916503245
52.5003 8.199168635
52.552 8.206688399999999
52.6037 8.214208165
52.65539 8.221726475499999
52.70709 8.2292462405
52.75879 8.2367660055
52.81048 8.244284316
52.86218 8.251804081
52.91388 8.259323846
52.96557 8.2668421565
53.01727 8.2743619215
53.06897 8.2818816865
53.12066 8.289399997
53.17236 8.296919761999998
53.22406 8.304439527
53.27575 8.3119578375
53.32745 8.3194776025
53.37914 8.326995913
53.43084 8.334515678
53.48254 8.342035443
53.53423 8.3495537535
53.58593 8.357073518499998
53.63763 8.3645932835
53.68932 8.372111594
53.74102 8.379631359
53.79272 8.387151123999999
53.84441 8.394669434499999
53.89611 8.4021891995
53.94781 8.409708964499998
53.9995 8.417227274999998
54.0512 8.42474704
54.1029 8.432266805
54.15459 8.4397851155
54.20629 8.447304880499999
54.25799 8.454824645499999
54.30968 8.462342955999999
54.36138 8.469862720999998
54.41308 8.477382486
54.46477 8.4849007965
54.51647 8.4924205615
54.56817 8.499940326499999
54.61986 8.507458637
54.67156 8.514978401999999
54.72326 8.522498167
54.77495 8.530016477499998
54.82665 8.5375362425
54.87834 8.545054553
54.93004 8.552574318
54.98174 8.560094083
55.03343 8.5676123935
55.08513 8.575132158499999
55.13683 8.5826519235
55.18852 8.590170233999999
55.24022 8.597689999
55.29192 8.605209764
55.34361 8.6127280745
55.39531 8.6202478395
55.44701 8.627767604499999
55.4987 8.635285914999999
55.5504 8.64280568
55.6021 8.650325445
55.65379 8.6578437555
55.70549 8.665363520499998
55.75719 8.6728832855
55.80888 8.680401596
55.86058 8.687921360999999
55.91228 8.695441125999999
55.96397 8.702959436499999
56.01567 8.7104792015
56.06737 8.717998966499998
56.11906 8.725517276999998
56.17076 8.733037042
56.22246 8.740556806999999
56.27415 8.748075117499999
56.32585 8.755594882499999
56.37754 8.763113192999999
56.42924 8.770632958
56.48094 8.778152722999998
56.53263 8.785671033499998
56.58433 8.7931907985
56.63603 8.8007105635
56.68772 8.808228874
56.73942 8.815748638999999
56.79112 8.823268404
56.84281 8.8307867145
56.89451 8.838306479499998
56.94621 8.8458262445
56.9979 8.853344555
57.0496 8.86086432
57.1013 8.868384084999999
57.15299 8.875902395499999
57.20469 8.883422160499999
57.25639 8.8909419255
57.30808 8.898460235999998
57.35978 8.905980001
57.41148 8.913499766
57.46317 8.9210180765
57.51487 8.928537841499999
57.56657 8.936057606499999
57.61826 8.943575916999999
57.66996 8.951095682
57.72166 8.958615447
57.77335 8.9661337575
57.82505 8.9736535225
57.87674 8.981171833
57.92844 8.988691597999999
57.98014 8.996211362999999
58.03183 9.003729673499999
58.08353 9.0112494385
58.13523 9.0187692035
58.18692 9.026287514
58.23862 9.033807278999998
58.29032 9.041327043999999
58.34201 9.0488453545
58.39371 9.056365119499999
58.44541 9.063884884499998
58.4971 9.071403195
58.5488 9.07892296
58.6005 9.086442724999998
58.65219 9.093961035499998
58.70389 9.1014808005
58.75559 9.109000565499999
58.80728 9.116518875999999
58.85898 9.124038640999999
58.91068 9.131558406
58.96237 9.1390767165
59.01407 9.146596481499998
59.06577 9.1541162465
59.11746 9.161634557
59.16916 9.169154321999999
59.22086 9.176674086999999
59.27255 9.184192397499999
59.32425 9.1917121625
59.37594 9.199230473
59.42764 9.206750237999998
59.47934 9.214270003
59.53103 9.2217883135
59.58273 9.229308078499999
59.63443 9.236827843499999
59.68612 9.244346153999999
59.73782 9.251865918999998
59.78952 9.259385684
59.84121 9.266903994499998
59.89291 9.2744237595
59.94461 9.281943524499999
59.9963 9.289461835
60.048 9.300981199999999
60.0997 9.3128088675
60.15139 9.32463424725
60.20309 9.33646191475
60.25479 9.348289582249999
60.30648 9.360114961999999
60.35818 9.371942629499998
60.40988 9.383770297
60.46157 9.39559567675
60.51327 9.407423344249999
60.56497 9.41925101175
60.61666 9.4310763915
60.66836 9.442904059
60.72006 9.454731726499999
60.77175 9.466557106249999
60.82345 9.47838477375
60.87514 9.4902101535
60.92684 9.502037820999998
60.97854 9.5138654885
61.03023 9.525690868249999
61.08193 9.53751853575
61.13363 9.549346203249998
61.18532 9.561171582999998
61.23702 9.572999250499999
61.28872 9.584826918
61.34041 9.59665229775
61.39211 9.60847996525
61.44381 9.620307632749999
61.4955 9.632133012499999
61.5472 9.64396068
61.5989 9.6557883475
61.65059 9.66761372725
61.70229 9.679441394749999
61.75399 9.691269062249999
61.80568 9.703094442
61.85738 9.7149221095
61.90908 9.726749777
61.96077 9.738575156749999
62.01247 9.75040282425
62.06417 9.762230491749998
62.11586 9.774055871499998
62.16756 9.785883539
62.21926 9.797711206499999
62.27095 9.80953658625
62.32265 9.82136425375
62.37434 9.833189633499998
62.42604 9.845017300999999
62.47774 9.856844968499999
62.52943 9.86867034825
62.58113 9.88049801575
62.63283 9.892325683249998
62.68452 9.904151062999999
62.73622 9.9159787305
62.78792 9.927806398
62.83961 9.93963177775
62.89131 9.951459445249998
62.94301 9.963287112749999
62.9947 9.9751124925
63.0464 9.98694016
63.0981 9.9987678275
63.14979 10.01059320725
63.20149 10.022420874749999
63.25319 10.034248542249998
63.30488 10.046073921999998
63.35658 10.0579015895
63.40828 10.069729256999999
63.45997 10.081554636749999
63.51167 10.09338230425
63.56337 10.105209971749998
63.61506 10.117035351499998
63.66676 10.128863018999999
63.71846 10.1406906865
63.77015 10.15251606625
63.82185 10.164343733749998
63.87354 10.176169113499999
63.92524 10.187996780999999
63.97694 10.1998244485
64.02863 10.211649828250001
64.08033 10.22347749575
64.13203 10.235305163249999
64.18372 10.247130542999997
64.23542 10.2589582105
64.28712 10.270785878
64.33881 10.282611257749998
64.39051 10.29443892525
64.44221 10.30626659275
64.4939 10.318091972499998
64.5456 10.329919639999998
64.5973 10.3417473075
64.64899 10.353572687249999
64.70069 10.365400354749998
64.75239 10.37722802225
64.80408 10.389053401999998
64.85578 10.400881069499999
64.90748 10.412708737
64.95917 10.42453411675
65.01087 10.436361784249998
65.06257 10.448189451749998
65.11426 10.460014831499999
65.16596 10.471842499
65.21766 10.483670166499998
65.26935 10.49549554625
65.32105 10.507323213749999
65.37274 10.519148593499997
65.42444 10.530976261
65.47614 10.5428039285
65.52783 10.554629308249998
65.57953 10.56645697575
65.63123 10.578284643249999
65.68292 10.590110022999998
65.73462 10.601937690500002
65.78632 10.613765358
65.83801 10.625590737749999
65.88971 10.637418405249997
65.94141 10.64924607275
65.9931 10.661071452499998
66.0448 10.672899119999999
66.0965 10.6847267875
66.14819 10.69655216725
66.19989 10.708379834749998
66.25159 10.720207502249998
66.30328 10.732032881999999
66.35498 10.743860549499999
66.40668 10.755688216999998
66.45837 10.76751359675
66.51007 10.779341264249998
66.56177 10.791168931749999
66.61346 10.802994311500001
66.66516 10.814821979
66.71686 10.826649646499998
66.76855 10.83847502625
66.82025 10.850302693749999
66.87194 10.862128073499997
66.92364 10.873955741
66.97534 10.8857834085
67.02703 10.897608788249999
67.07873 10.909436455749997
67.13043 10.92126412325
67.18212 10.933089502999998
67.23382 10.944917170499998
67.28552 10.956744838
67.33721 10.968570217749999
67.38891 10.980397885249998
67.44061 10.99222555275
67.4923 11.0040509325
67.544 11.015878599999999
67.5957 11.027706267499997
67.64739 11.03953164725
67.69909 11.051359314749998
67.75079 11.063186982249999
67.80248 11.075012361999999
67.85418 11.0868400295
67.90588 11.098667696999998
67.95757 11.11049307675
68.00927 11.122320744249999
68.06097 11.13414841175
68.11266 11.145973791500001
68.16436 11.157801459
68.21606 11.169629126499999
68.26775 11.18145450625
68.31945 11.19328217375
68.37114 11.205107553499998
68.42284 11.216935220999998
68.47454 11.2287628885
68.52623 11.240588268249999
68.57793 11.252415935749998
68.62963 11.264243603250002
68.68132 11.276068982999998
68.73302 11.287896650499999
68.78472 11.299724317999997
68.83641 11.31154969775
68.88811 11.323377365249998
68.93981 11.335205032749998
68.9915 11.3470304125
69.0432 11.35885808
69.0949 11.370685747499998
69.14659 11.38251112725
69.19829 11.394338794749999
69.24999 11.406166462249999
69.30168 11.417991842
69.35338 11.4298195095
69.40508 11.441647176999998
69.45677 11.45347255675
69.50847 11.46530022425
69.56017 11.47712789175
69.61186 11.488953271499998
69.66356 11.500780939
69.71526 11.512608606499999
69.76695 11.524433986249997
69.81865 11.53626165375
69.87034 11.5480870335
69.92204 11.559914700999999
69.97374 11.5717423685
70.02543 11.58356774825
70.07713 11.595395415749998
70.12883 11.607223083249998
70.18052 11.619048462999999
70.23222 11.630876130499999
70.28392 11.642703797999998
70.33561 11.65452917775
70.38731 11.66635684525
70.43901 11.678184512749999
70.4907 11.6900098925
70.5424 11.70183756
70.5941 11.713665227499998
70.64579 11.72549060725
70.69749 11.737318274749999
70.74919 11.74914594225
70.80088 11.760971322
70.85258 11.7727989895
70.90428 11.784626656999999
70.95597 11.796452036749997
71.00767 11.808279704250001
71.05937 11.82010737175
71.11106 11.831932751499998
71.16276 11.843760419
71.21446 11.8555880865
71.26615 11.867413466249998
71.31785 11.87924113375
71.36954 11.8910665135
71.42124 11.902894180999999
71.47294 11.914721848499997
71.52463 11.92654722825
71.57633 11.938374895749998
71.62803 11.950202563249999
71.67972 11.962027942999999
71.73142 11.9738556105
71.78312 11.985683277999998
71.83481 11.99750865775
71.88651 12.00933632525
71.93821 12.02116399275
71.9899 12.032989372500001
72.0416 12.04481704
72.0933 12.056644707499999
72.14499 12.06847008725
72.19669 12.08029775475
72.24839 12.09212542225
72.30008 12.103950801999998
72.35178 12.1157784695
72.40348 12.127606136999999
72.45517 12.139431516749998
72.50687 12.151259184250002
72.55857 12.16308685175
72.61026 12.174912231499999
72.66196 12.186739898999997
72.71366 12.1985675665
72.76535 12.21039294625
72.81705 12.222220613749998
72.86874 12.2340459935
72.92044 12.245873661
72.97214 12.257701328499998
73.02383 12.26952670825
73.07553 12.281354375749999
73.12723 12.293182043249999
73.17892 12.305007423000001
73.23062 12.3168350905
73.28232 12.328662757999998
73.33401 12.34048813775
73.38571 12.35231580525
73.43741 12.36414347275
73.4891 12.375968852499998
73.5408 12.38779652
73.5925 12.399624187499999
73.64419 12.411449567249997
73.69589 12.42327723475
73.74759 12.43510490225
73.79928 12.446930281999999
73.85098 12.4587579495
73.90268 12.470585617000001
73.95437 12.482410996749998
74.00607 12.494238664249998
74.05777 12.50606633175
74.10946 12.517891711499999
74.16116 12.529719378999998
74.21286 12.5415470465
74.26455 12.55337242625
74.31625 12.565200093749999
74.36794 12.5770254735
74.41964 12.588853141
74.47134 12.600680808499998
74.52303 12.61250618825
74.57473 12.624333855749999
74.62643 12.63616152325
74.67812 12.647986903000001
74.72982 12.6598145705
74.78152 12.671642238
74.83321 12.683467617749997
74.88491 12.695295285250001
74.93661 12.70712295275
74.9883 12.718948332499998
75.04 12.730776
75.0917 12.7426036675
75.14339 12.75442904725
75.19509 12.766256714749998
75.24679 12.77808438225
75.29848 12.789909761999999
75.35018 12.801737429499997
75.40188 12.813565097000001
75.45357 12.825390476749998
75.50527 12.837218144249999
75.55697 12.84904581175
75.60866 12.8608711915
75.66036 12.872698858999998
75.71206 12.884526526499998
75.76375 12.89635190625
75.81545 12.90817957375
75.86714 12.920004953500001
75.91884 12.931832621
75.97054 12.943660288499999
76.02223 12.955485668249999
76.07393 12.96731333575
76.12563 12.97914100325
76.17732 12.990966382999998
76.22902 13.0027940505
76.28072 13.014621718
76.33241 13.026447097749998
76.38411 13.038274765250002
76.43581 13.05010243275
76.4875 13.061927812499999
76.5392 13.073755479999997
76.5909 13.0855831475
76.64259 13.09740852725
76.69429 13.109236194749998
76.74599 13.12106386225
76.79768 13.132889242
76.84938 13.144716909499998
76.90108 13.156544576999998
76.95277 13.168369956749999
77.00447 13.180197624249999
77.05617 13.192025291749998
77.10786 13.2038506715
77.15956 13.215678339
77.21126 13.227506006499999
77.26295 13.23933138625
77.31465 13.25115905375
77.36634 13.262984433499998
77.41804 13.274812101
77.46974 13.286639768499999
77.52143 13.29846514825
77.57313 13.31029281575
77.62483 13.32212048325
77.67652 13.333945862999999
77.72822 13.345773530499997
77.77992 13.357601198000001
77.83161 13.369426577749998
77.88331 13.381254245249998
77.93501 13.39308191275
77.9867 13.404907292499999
78.0384 13.41673496
78.0901 13.4285626275
78.14179 13.44038800725
78.19349 13.452215674749999
78.24519 13.464043342249997
78.29688 13.475868722
78.34858 13.487696389499998
78.40028 13.499524056999999
78.45197 13.511349436749999
78.50367 13.52317710425
78.55537 13.53500477175
78.60706 13.5468301515
78.65876 13.558657819
78.71046 13.570485486499999
78.76215 13.582310866250001
78.81385 13.59413853375
78.86554 13.605963913499998
78.91724 13.617791581
78.96894 13.6296192485
79.02063 13.64144462825
79.07233 13.653272295749998
79.12403 13.66509996325
79.17572 13.676925342999999
79.22742 13.688753010499997
79.27912 13.700580678000001
79.33081 13.712406057749998
79.38251 13.724233725249999
79.43421 13.736061392749997
79.4859 13.7478867725
79.5376 13.75971444
79.5893 13.771542107499998
79.64099 13.78336748725
79.69269 13.79519515475
79.74439 13.807022822249998
79.79608 13.818848202
79.84778 13.830675869499998
79.89948 13.842503536999999
79.95117 13.85432891675
80.00287 13.86615658425
80.05457 13.87798425175
80.10626 13.8898096315
80.15796 13.901637299
80.20966 13.9134649665
80.26135 13.925290346249998
80.31305 13.93711801375
80.36474 13.948943393499999
80.41644 13.960771060999999
80.46814 13.9725987285
80.51983 13.98442410825
80.57153 13.996251775749998
80.62323 14.00807944325
80.67492 14.019904823
80.72662 14.031732490499998
80.77832 14.043560157999998
80.83001 14.055385537749999
80.88171 14.067213205249999
80.93341 14.07904087275
80.9851 14.0908662525
81.0368 14.10269392
81.0885 14.114521587499999
81.14019 14.12634696725
81.19189 14.13817463475
81.24359 14.150002302249998
81.29528 14.161827682
81.34698 14.173655349499999
81.39868 14.185483017
81.45037 14.19730839675
81.50207 14.20913606425
81.55377 14.22096373175
81.60546 14.232789111499997
81.65716 14.244616779000001
81.70886 14.2564444465
81.76055 14.268269826249998
81.81225 14.28009749375
81.86394 14.291922873499999
81.91564 14.303750541
81.96734 14.315578208499998
82.01903 14.32740358825
82.07073 14.339231255749999
82.12243 14.351058923249997
82.17412 14.362884303
82.22582 14.374711970499998
82.27752 14.386539637999999
82.32921 14.398365017749999
82.38091 14.41019268525
82.43261 14.42202035275
82.4843 14.4338457325
82.536 14.4456734
82.5877 14.457501067499999
82.63939 14.469326447250001
82.69109 14.48115411475
82.74279 14.492981782249998
82.79448 14.504807161999999
82.84618 14.5166348295
82.89788 14.528462497
82.94957 14.540287876749998
83.00127 14.55211554425
83.05297 14.56394321175
83.10466 14.575768591499997
83.15636 14.587596259000001
83.20806 14.5994239265
83.25975 14.611249306249999
83.31145 14.623076973749999
83.36314 14.6349023535
83.41484 14.646730021
83.46654 14.658557688499998
83.51823 14.67038306825
83.56993 14.68221073575
83.62163 14.694038403249998
83.67332 14.705863783
83.72502 14.717691450499998
83.77672 14.729519117999999
83.82841 14.74134449775
83.88011 14.75317216525
83.93181 14.76499983275
83.9835 14.7768252125
84.0352 14.78865288
84.0869 14.8004805475
84.13859 14.812305927249998
84.19029 14.82413359475
84.24199 14.835961262249999
84.29368 14.847786641999999
84.34538 14.8596143095
84.39708 14.871441977
84.44877 14.883267356749998
84.50047 14.89509502425
84.55217 14.906922691750001
84.60386 14.918748071499998
84.65556 14.930575738999998
84.70726 14.9424034065
84.75895 14.954228786249999
84.81065 14.96605645375
84.86234 14.9778818335
84.91404 14.989709501
84.96574 15.001537168499999
85.01743 15.01336254825
85.06913 15.02519021575
85.12083 15.037017883249998
85.17252 15.048843263
85.22422 15.060670930499999
85.27592 15.072498598
85.32761 15.084323977750001
85.37931 15.09615164525
85.43101 15.10797931275
85.4827 15.119804692499997
85.5344 15.131632360000001
85.5861 15.1434600275
85.63779 15.155285407249998
85.68949 15.16711307475
85.74119 15.17894074225
85.79288 15.190766122
85.84458 15.202593789499998
85.89628 15.214421457
85.94797 15.226246836749999
85.99967 15.238074504249997
86.05137 15.249902171750001
86.10306 15.261727551499998
86.15476 15.273555218999999
86.20646 15.2853828865
86.25815 15.29720826625
86.30985 15.30903593375
86.36154 15.3208613135
86.41324 15.332688981
86.46494 15.344516648499999
86.51663 15.356342028250001
86.56833 15.36816969575
86.62003 15.379997363249998
86.67172 15.391822742999999
86.72342 15.4036504105
86.77512 15.415478078
86.82681 15.427303457749998
86.87851 15.43913112525
86.93021 15.45095879275
86.9819 15.462784172499997
87.0336 15.474611840000001
87.0853 15.4864395075
87.13699 15.498264887249999
87.18869 15.510092554749999
87.24039 15.52192022225
87.29208 15.533745602
87.34378 15.545573269499998
87.39548 15.557400937
87.44717 15.56922631675
87.49887 15.581053984249998
87.55057 15.592881651749998
87.60226 15.604707031499998
87.65396 15.616534698999999
87.70566 15.6283623665
87.75735 15.64018774625
87.80905 15.65201541375
87.86074 15.6638407935
87.91244 15.675668461
87.96414 15.6874961285
88.01583 15.699321508249998
88.06753 15.71114917575
88.11923 15.722976843249999
88.17092 15.734802222999999
88.22262 15.7466298905
88.27432 15.758457558
88.32601 15.770282937749998
88.37771 15.782110605249997
88.42941 15.793938272750001
88.4811 15.805763652499998
88.5328 15.817591319999998
88.5845 15.8294189875
88.63619 15.841244367249999
88.68789 15.85307203475
88.73959 15.86489970225
88.79128 15.876725082
88.84298 15.888552749499999
88.89468 15.900380416999997
88.94637 15.91220579675
88.99807 15.924033464249998
89.04977 15.935861131749999
89.10146 15.947686511499999
89.15316 15.959514179
89.20486 15.9713418465
89.25655 15.98316722625
89.30825 15.99499489375
89.35994 16.006820273499997
89.41164 16.018647941
89.46334 16.030475608499998
89.51503 16.04230098825
89.56673 16.05412865575
89.61843 16.06595632325
89.67012 16.077781703
89.72182 16.0896093705
89.77352 16.101437038
89.82521 16.11326241775
89.87691 16.125090085249997
89.92861 16.13691775275
89.9803 16.148743132499998
90.032 16.1605708
90.0837 16.1723984675
90.13539 16.18422384725
90.18709 16.19605151475
90.23879 16.207879182249997
90.29048 16.219704562
90.34218 16.231532229499997
90.39388 16.243359896999998
90.44557 16.255185276749998
90.49727 16.26701294425
90.54897 16.27884061175
90.60066 16.2906659915
90.65236 16.302493659
90.70406 16.3143213265
90.75575 16.32614670625
90.80745 16.33797437375
90.85914 16.349799753499997
90.91084 16.361627420999998
90.96254 16.373455088500002
91.01423 16.38528046825
91.06593 16.39710813575
91.11763 16.40893580325
91.16932 16.420761183
91.22102 16.432588850499997
91.27272 16.444416518
91.32441 16.456241897749997
91.37611 16.468069565249998
91.42781 16.479897232749998
91.4795 16.4917226125
91.5312 16.50355028
91.5829 16.5153779475
91.63459 16.52720332725
91.68629 16.53903099475
91.73799 16.55085866225
91.78968 16.562684042
91.84138 16.5745117095
91.89308 16.586339376999998
91.94477 16.598164756750002
91.99647 16.60999242425
92.04817 16.62182009175
92.09986 16.633645471500003
92.15156 16.645473139
92.20326 16.6573008065
92.25495 16.669126186249997
92.30665 16.68095385375
92.35834 16.692779233499998
92.41004 16.704606901
92.46174 16.7164345685
92.51343 16.72825994825
92.56513 16.74008761575
92.61683 16.75191528325
92.66852 16.763740663
92.72022 16.7755683305
92.77192 16.787395997999997
92.82361 16.79922137775
92.87531 16.811049045249998
92.92701 16.82287671275
92.9787 16.8347020925
93.0304 16.84652976
93.0821 16.8583574275
93.13379 16.87018280725
93.18549 16.88201047475
93.23719 16.893838142249997
93.28888 16.905663522
93.34058 16.917491189499998
93.39228 16.929318857
93.44397 16.94114423675
93.49567 16.95297190425
93.54737 16.96479957175
93.59906 16.9766249515
93.65076 16.988452619
93.70246 17.0002802865
93.75415 17.012105666249997
93.80585 17.02393333375
93.85754 17.035758713499998
93.90924 17.047586381
93.96094 17.0594140485
94.01263 17.07123942825
94.06433 17.08306709575
94.11603 17.094894763249997
94.16772 17.106720143
94.21942 17.118547810499997
94.27112 17.130375477999998
94.32281 17.14220085775
94.37451 17.15402852525
94.42621 17.16585619275
94.4779 17.1776815725
94.5296 17.18950924
94.5813 17.2013369075
94.63299 17.21316228725
94.68469 17.22498995475
94.73639 17.23681762225
94.78808 17.248643001999998
94.83978 17.260470669500002
94.89148 17.272298337
94.94317 17.28412371675
94.99487 17.295951384250003
95.04657 17.30777905175
95.09826 17.319604431499997
95.14996 17.331432098999997
95.20166 17.3432597665
95.25335 17.355085146249998
95.30505 17.366912813749998
95.35674 17.3787381935
95.40844 17.390565861
95.46014 17.4023935285
95.51183 17.41421890825
95.56353 17.42604657575
95.61523 17.43787424325
95.66692 17.449699623
95.71862 17.4615272905
95.77032 17.473354957999998
95.82201 17.485180337750002
95.87371 17.497008005250002
95.92541 17.50883567275
95.9771 17.520661052499996
96.0288 17.53248872
96.0805 17.5443163875
96.13219 17.556141767249997
96.18389 17.56796943475
96.23559 17.579797102249998
96.28728 17.591622482
96.33898 17.6034501495
96.39068 17.615277817
96.44237 17.62710319675
96.49407 17.63893086425
96.54577 17.65075853175
96.59746 17.6625839115
96.64916 17.674411578999997
96.70086 17.6862392465
96.75255 17.69806462625
96.80425 17.70989229375
96.85594 17.721717673500002
96.90764 17.733545341
96.95934 17.7453730085
97.01103 17.75719838825
97.06273 17.76902605575
97.11443 17.780853723249997
97.16612 17.792679103
97.21782 17.804506770499998
97.26952 17.816334438
97.32121 17.82815981775
97.37291 17.83998748525
97.42461 17.85181515275
97.4763 17.8636405325
97.528 17.8754682
97.5797 17.8872958675
97.63139 17.89912124725
97.68309 17.91094891475
97.73479 17.922776582250002
97.78648 17.934601962
97.83818 17.946429629499995
97.88988 17.958257297000003
97.94157 17.97008267675
97.99327 17.981910344249997
98.04497 17.99373801175
98.09666 18.005563391499997
98.14836 18.017391058999998
98.20006 18.029218726499998
98.25175 18.04104410625
98.30345 18.05287177375
98.35514 18.0646971535
98.40684 18.076524821
98.45854 18.0883524885
98.51023 18.10017786825
98.56193 18.11200553575
98.61363 18.12383320325
98.66532 18.135658582999998
98.71702 18.147486250500002
98.76872 18.159313918000002
98.82041 18.17113929775
98.87211 18.182966965250003
98.92381 18.19479463275
98.9755 18.206620012499997
99.0272 18.218447679999997
99.0789 18.2302753475
99.13059 18.242100727249998
99.18229 18.253928394749998
99.23399 18.26575606225
99.28568 18.277581442
99.33738 18.2894091095
99.38908 18.301236777
99.44077 18.31306215675
99.49247 18.32488982425
99.54417 18.336717491749997
99.59586 18.3485428715
99.64756 18.360370539
99.69926 18.3721982065
99.75095 18.384023586250002
99.80265 18.39585125375
99.85434 18.407676633499996
99.90604 18.419504301
99.95774 18.4313319685
100.00943 18.441
100.06113 18.441
100.11283 18.441
100.16452 18.441
100.21622 18.441
100.26792 18.441
100.31961 18.441
100.37131 18.441
100.42301 18.441
100.4747 18.441
100.5264 18.441
100.5781 18.441
100.62979 18.441
100.68149 18.441
100.73319 18.441
100.78488 18.441
100.83658 18.441
100.88828 18.441
100.93997 18.441
100.99167 18.441
101.04337 18.441
101.09506 18.441
101.14676 18.441
101.19846 18.441
101.25015 18.441
101.30185 18.441
101.35354 18.441
101.40524 18.441
101.45694 18.441
101.50863 18.441
101.56033 18.441
101.61203 18.441
101.66372 18.441
101.71542 18.441
101.76712 18.441
101.81881 18.441
101.87051 18.441
101.92221 18.441
101.9739 18.441
102.0256 18.441
102.0773 18.441
102.12899 18.441
102.18069 18.441
102.23239 18.441
102.28408 18.441
102.33578 18.441
102.38748 18.441
102.43917 18.441
102.49087 18.441
102.54257 18.441
102.59426 18.441
102.64596 18.441
102.69766 18.441
102.74935 18.441
102.80105 18.441
102.85274 18.441
102.90444 18.441
102.95614 18.441
103.00783 18.441
103.05953 18.441
103.11123 18.441
103.16292 18.441
103.21462 18.441
103.26632 18.441
103.31801 18.441
103.36971 18.441
103.42141 18.441
103.4731 18.441
103.5248 18.441
103.5765 18.441
103.62819 18.441
103.67989 18.441
103.73159 18.441
103.78328 18.441
103.83498 18.441
103.88668 18.441
103.93837 18.441
103.99007 18.441
104.04177 18.441
104.09346 18.441
104.14516 18.441
104.19686 18.441
104.24855 18.441
104.30025 18.441
104.35194 18.441
104.40364 18.441
104.45534 18.441
104.50703 18.441
104.55873 18.441
104.61043 18.441
104.66212 18.441
104.71382 18.441
104.76552 18.441
104.81721 18.441
104.86891 18.441
104.92061 18.441
104.9723 18.441
105.024 18.441
105.0757 18.441
105.12739 18.441
105.17909 18.441
105.23079 18.441
105.28248 18.441
105.33418 18.441
105.38588 18.441
105.43757 18.441
105.48927 18.441
105.54097 18.441
105.59266 18.441
105.64436 18.441
105.69606 18.441
105.74775 18.441
105.79945 18.441
105.85114 18.441
105.90284 18.441
105.95454 18.441
106.00623 18.441
106.05793 18.441
106.10963 18.441
106.16132 18.441
106.21302 18.441
106.26472 18.441
106.31641 18.441
106.36811 18.441
106.41981 18.441
106.4715 18.441
106.5232 18.441
106.5749 18.441
106.62659 18.441
106.67829 18.441
106.72999 18.441
106.78168 18.441
106.83338 18.441
106.88508 18.441
106.93677 18.441
106.98847 18.441
107.04017 18.441
107.09186 18.441
107.14356 18.441
107.19526 18.441
107.24695 18.441
107.29865 18.441
107.35034 18.441
107.40204 18.441
107.45374 18.441
107.50543 18.441
107.55713 18.441
107.60883 18.441
107.66052 18.441
107.71222 18.441
107.76392 18.441
107.81561 18.441
107.86731 18.441
107.91901 18.441
107.9707 18.441
108.0224 18.441
108.0741 18.441
108.12579 18.441
108.17749 18.441
108.22919 18.441
108.28088 18.441
108.33258 18.441
108.38428 18.441
108.43597 18.441
108.48767 18.441
108.53937 18.441
108.59106 18.441
108.64276 18.441
108.69446 18.441
108.74615 18.441
108.79785 18.441
108.84954 18.441
108.90124 18.441
108.95294 18.441
109.00463 18.441
109.05633 18.441
109.10803 18.441
109.15972 18.441
109.21142 18.441
109.26312 18.441
109.31481 18.441
109.36651 18.441
109.41821 18.441
109.4699 18.441
109.5216 18.441
109.5733 18.441
109.62499 18.441
109.67669 18.441
109.72839 18.441
109.78008 18.441
109.83178 18.441
109.88348 18.441
109.93517 18.441
109.98687 18.441
110.03857 18.441
110.09026 18.441
110.14196 18.441
110.19366 18.441
110.24535 18.441
110.29705 18.441
110.34874 18.441
110.40044 18.441
110.45214 18.441
110.50383 18.441
110.55553 18.441
110.60723 18.441
110.65892 18.441
110.71062 18.441
110.76232 18.441
110.81401 18.441
110.86571 18.441
110.91741 18.441
110.9691 18.441
111.0208 18.441
111.0725 18.441
111.12419 18.441
111.17589 18.441
111.22759 18.441
111.27928 18.441
111.33098 18.441
111.38268 18.441
111.43437 18.441
111.48607 18.441
111.53777 18.441
111.58946 18.441
111.64116 18.441
111.69286 18.441
111.74455 18.441
111.79625 18.441
111.84794 18.441
111.89964 18.441
111.95134 18.441
112.00303 18.441
112.05473 18.441
112.10643 18.441
112.15812 18.441
112.20982 18.441
112.26152 18.441
112.31321 18.441
112.36491 18.441
112.41661 18.441
112.4683 18.441
112.52 18.441
112.5717 18.441
112.62339 18.441
112.67509 18.441
112.72679 18.441
112.77848 18.441
112.83018 18.441
112.88188 18.441
112.93357 18.441
112.98527 18.441
113.03697 18.441
113.08866 18.441
113.14036 18.441
113.19206 18.441
113.24375 18.441
113.29545 18.441
113.34714 18.441
113.39884 18.441
113.45054 18.441
113.50223 18.441
113.55393 18.441
113.60563 18.441
113.65732 18.441
113.70902 18.441
113.76072 18.441
113.81241 18.441
113.86411 18.441
113.91581 18.441
113.9675 18.441
114.0192 18.441
114.0709 18.441
114.12259 18.441
114.17429 18.441
114.22599 18.441
114.27768 18.441
114.32938 18.441
114.38108 18.441
114.43277 18.441
114.48447 18.441
114.53617 18.441
114.58786 18.441
114.63956 18.441
114.69126 18.441
114.74295 18.441
114.79465 18.441
114.84634 18.441
114.89804 18.441
114.94974 18.441
115.00143 18.441
115.05313 18.441
115.10483 18.441
115.15652 18.441
115.20822 18.441
115.25992 18.441
115.31161 18.441
115.36331 18.441
115.41501 18.441
115.4667 18.441
115.5184 18.441
115.5701 18.441
115.62179 18.441
115.67349 18.441
115.72519 18.441
115.77688 18.441
115.82858 18.441
115.88028 18.441
115.93197 18.441
115.98367 18.441
116.03537 18.441
116.08706 18.441
116.13876 18.441
116.19046 18.441
116.24215 18.441
116.29385 18.441
116.34554 18.441
116.39724 18.441
116.44894 18.441
116.50063 18.441
116.55233 18.441
116.60403 18.441
116.65572 18.441
116.70742 18.441
116.75912 18.441
116.81081 18.441
116.86251 18.441
116.91421 18.441
116.9659 18.441
117.0176 18.441
117.0693 18.441
117.12099 18.441
117.17269 18.441
117.22439 18.441
117.27608 18.441
117.32778 18.441
117.37948 18.441
117.43117 18.441
117.48287 18.441
117.53457 18.441
117.58626 18.441
117.63796 18.441
117.68966 18.441
117.74135 18.441
117.79305 18.441
117.84474 18.441
117.89644 18.441
117.94814 18.441
117.99983 18.441
118.05153 18.441
118.10323 18.441
118.15492 18.441
118.20662 18.441
118.25832 18.441
118.31001 18.441
118.36171 18.441
118.41341 18.441
118.4651 18.441
118.5168 18.441
118.5685 18.441
118.62019 18.441
118.67189 18.441
118.72359 18.441
118.77528 18.441
118.82698 18.441
118.87868 18.441
118.93037 18.441
118.98207 18.441
119.03377 18.441
119.08546 18.441
119.13716 18.441
119.18886 18.441
119.24055 18.441
119.29225 18.441
119.34394 18.441
119.39564 18.441
119.44734 18.441
119.49903 18.441
119.55073 18.441
119.60243 18.441
119.65412 18.441
119.70582 18.441
119.75752 18.441
119.80921 18.441
119.86091 18.441
119.91261 18.441
119.9643 18.441
120.016 18.441
120.0677 18.441
120.11939 18.441
120.17109 18.441
120.22279 18.441
120.27448 18.441
120.32618 18.441
120.37788 18.441
120.42957 18.441
120.48127 18.441
120.53297 18.441
120.58466 18.441
120.63636 18.441
120.68806 18.441
120.73975 18.441
120.79145 18.441
120.84314 18.441
120.89484 18.441
120.94654 18.441
120.99823 18.441
121.04993 18.441
121.10163 18.441
121.15332 18.441
121.20502 18.441
121.25672 18.441
121.30841 18.441
121.36011 18.441
121.41181 18.441
121.4635 18.441
121.5152 18.441
121.5669 18.441
121.61859 18.441
121.67029 18.441
121.72199 18.441
121.77368 18.441
121.82538 18.441
121.87708 18.441
121.92877 18.441
121.98047 18.441
122.03217 18.441
122.08386 18.441
122.13556 18.441
122.18726 18.441
122.23895 18.441
122.29065 18.441
122.34234 18.441
122.39404 18.441
122.44574 18.441
122.49743 18.441
122.54913 18.441
122.60083 18.441
122.65252 18.441
122.70422 18.441
122.75592 18.441
122.80761 18.441
122.85931 18.441
122.91101 18.441
122.9627 18.441
123.0144 18.441
123.0661 18.441
123.11779 18.441
123.16949 18.441
123.22119 18.441
123.27288 18.441
123.32458 18.441
123.37628 18.441
123.42797 18.441
123.47967 18.441
123.53137 18.441
123.58306 18.441
123.63476 18.441
123.68646 18.441
123.73815 18.441
123.78985 18.441
123.84154 18.441
123.89324 18.441
123.94494 18.441
123.99663 18.441
124.04833 18.441
124.10003 18.441
124.15172 18.441
124.20342 18.441
124.25512 18.441
124.30681 18.441
124.35851 18.441
124.41021 18.441
124.4619 18.441
124.5136 18.441
124.5653 18.441
124.61699 18.441
124.66869 18.441
124.72039 18.441
124.77208 18.441
124.82378 18.441
124.87548 18.441
124.92717 18.441
124.97887 18.441
125.03057 18.441
125.08226 18.441
125.13396 18.441
125.18566 18.441
125.23735 18.441
125.28905 18.441
125.34074 18.441
125.39244 18.441
125.44414 18.441
125.49583 18.441
125.54753 18.441
125.59923 18.441
125.65092 18.441
125.70262 18.441
125.75432 18.441
125.80601 18.441
125.85771 18.441
125.90941 18.441
125.9611 18.441
126.0128 18.441
126.0645 18.441
126.11619 18.441
126.16789 18.441
126.21959 18.441
126.27128 18.441
126.32298 18.441
126.37468 18.441
126.42637 18.441
126.47807 18.441
126.52977 18.441
126.58146 18.441
126.63316 18.441
126.68486 18.441
126.73655 18.441
126.78825 18.441
126.83994 18.441
126.89164 18.441
126.94334 18.441
126.99503 18.441
127.04673 18.441
127.09843 18.441
127.15012 18.441
127.20182 18.441
127.25352 18.441
127.30521 18.441
127.35691 18.441
127.40861 18.441
127.4603 18.441
127.512 18.441
127.5637 18.441
127.61539 18.441
127.66709 18.441
127.71879 18.441
127.77048 18.441
127.82218 18.441
127.87388 18.441
127.92557 18.441
127.97727 18.441
128.02897 18.441
128.08066 18.441
128.13236 18.441
128.18406 18.441
128.23575 18.441
128.28745 18.441
128.33914 18.441
128.39084 18.441
128.44254 18.441
128.49423 18.441
128.54593 18.441
128.59763 18.441
128.64932 18.441
128.70102 18.441
128.75272 18.441
128.80441 18.441
128.85611 18.441
128.90781 18.441
128.9595 18.441
129.0112 18.441
129.0629 18.441
129.11459 18.441
129.16629 18.441
129.21799 18.441
129.26968 18.441
129.32138 18.441
129.37308 18.441
129.42477 18.441
129.47647 18.441
129.52817 18.441
129.57986 18.441
129.63156 18.441
129.68326 18.441
129.73495 18.441
129.78665 18.441
129.83834 18.441
129.89004 18.441
129.94174 18.441
129.99343 18.441
130.04513 18.441
130.09683 18.441
130.14852 18.441
130.20022 18.441
130.25192 18.441
130.30361 18.441
130.35531 18.441
130.40701 18.441
130.4587 18.441
130.5104 18.441
130.5621 18.441
130.61379 18.441
130.66549 18.441
130.71719 18.441
130.76888 18.441
130.82058 18.441
130.87228 18.441
130.92397 18.441
130.97567 18.441
131.02737 18.441
131.07906 18.441
131.13076 18.441
131.18246 18.441
131.23415 18.441
131.28585 18.441
131.33754 18.441
131.38924 18.441
131.44094 18.441
131.49263 18.441
131.54433 18.441
131.59603 18.441
131.64772 18.441
131.69942 18.441
131.75112 18.441
131.80281 18.441
131.85451 18.441
131.90621 18.441
131.9579 18.441
132.0096 18.441
132.0613 18.441
132.11299 18.441
132.16469 18.441
132.21639 18.441
132.26808 18.441
132.31978 18.441
132.37148 18.441
132.42317 18.441
132.47487 18.441
132.52657 18.441
132.57826 18.441
132.62996 18.441
132.68166 18.441
132.73335 18.441
132.78505 18.441
132.83674 18.441
132.88844 18.441
132.94014 18.441
132.99183 18.441
133.04353 18.441
133.09523 18.441
133.14692 18.441
133.19862 18.441
133.25032 18.441
133.30201 18.441
133.35371 18.441
133.40541 18.441
133.4571 18.441
133.5088 18.441
133.5605 18.441
133.61219 18.441
133.66389 18.441
133.71559 18.441
133.76728 18.441
133.81898 18.441
133.87068 18.441
133.92237 18.441
133.97407 18.441
134.02577 18.441
134.07746 18.441
134.12916 18.441
134.18086 18.441
134.23255 18.441
134.28425 18.441
134.33594 18.441
134.38764 18.441
134.43934 18.441
134.49103 18.441
134.54273 18.441
134.59443 18.441
134.64612 18.441
134.69782 18.441
134.74952 18.441
134.80121 18.441
134.85291 18.441
134.90461 18.441
134.9563 18.441
135.008 18.441
135.0597 18.441
135.11139 18.441
135.16309 18.441
135.21479 18.441
135.26648 18.441
135.31818 18.441
135.36988 18.441
135.42157 18.441
135.47327 18.441
135.52497 18.441
135.57666 18.441
135.62836 18.441
135.68006 18.441
135.73175 18.441
135.78345 18.441
135.83514 18.441
135.88684 18.441
135.93854 18.441
135.99023 18.441
136.04193 18.441
136.09363 18.441
136.14532 18.441
136.19702 18.441
136.24872 18.441
136.30041 18.441
136.35211 18.441
136.40381 18.441
136.4555 18.441
136.5072 18.441
136.5589 18.441
136.61059 18.441
136.66229 18.441
136.71399 18.441
136.76568 18.441
136.81738 18.441
136.86908 18.441
136.92077 18.441
136.97247 18.441
137.02417 18.441
137.07586 18.441
137.12756 18.441
137.17926 18.441
137.23095 18.441
137.28265 18.441
137.33434 18.441
137.38604 18.441
137.43774 18.441
137.48943 18.441
137.54113 18.441
137.59283 18.441
137.64452 18.441
137.69622 18.441
137.74792 18.441
137.79961 18.441
137.85131 18.441
137.90301 18.441
137.9547 18.441
138.0064 18.441
138.0581 18.441
138.10979 18.441
138.16149 18.441
138.21319 18.441
138.26488 18.441
138.31658 18.441
138.36828 18.441
138.41997 18.441
138.47167 18.441
138.52337 18.441
138.57506 18.441
138.62676 18.441
138.67846 18.441
138.73015 18.441
138.78185 18.441
138.83354 18.441
138.88524 18.441
138.93694 18.441
138.98863 18.441
139.04033 18.441
139.09203 18.441
139.14372 18.441
139.19542 18.441
139.24712 18.441
139.29881 18.441
139.35051 18.441
139.40221 18.441
139.4539 18.441
139.5056 18.441
139.5573 18.441
139.60899 18.441
139.66069 18.441
139.71239 18.441
139.76408 18.441
139.81578 18.441
139.86748 18.441
139.91917 18.441
139.97087 18.441
140.02257 18.441
140.07426 18.441
140.12596 18.441
140.17766 18.441
140.22935 18.441
140.28105 18.441
140.33274 18.441
140.38444 18.441
140.43614 18.441
140.48783 18.441
140.53953 18.441
140.59123 18.441
140.64292 18.441
140.69462 18.441
140.74632 18.441
140.79801 18.441
140.84971 18.441
140.90141 18.441
140.9531 18.441
141.0048 18.441
141.0565 18.441
141.10819 18.441
141.15989 18.441
141.21159 18.441
141.26328 18.441
141.31498 18.441
141.36668 18.441
141.41837 18.441
141.47007 18.441
141.52177 18.441
141.57346 18.441
141.62516 18.441
141.67686 18.441
141.72855 18.441
141.78025 18.441
141.83194 18.441
141.88364 18.441
141.93534 18.441
141.98703 18.441
142.03873 18.441
142.09043 18.441
142.14212 18.441
142.19382 18.441
142.24552 18.441
142.29721 18.441
142.34891 18.441
142.40061 18.441
142.4523 18.441
142.504 18.441
142.5557 18.441
142.60739 18.441
142.65909 18.441
142.71079 18.441
142.76248 18.441
142.81418 18.441
142.86588 18.441
142.91757 18.441
142.96927 18.441
143.02097 18.441
143.07266 18.441
143.12436 18.441
143.17606 18.441
143.22775 18.441
143.27945 18.441
143.33114 18.441
143.38284 18.441
143.43454 18.441
143.48623 18.441
143.53793 18.441
143.58963 18.441
143.64132 18.441
143.69302 18.441
143.74472 18.441
143.79641 18.441
143.84811 18.441
143.89981 18.441
143.9515 18.441
144.0032 18.441
144.0549 18.441
144.10659 18.441
144.15829 18.441
144.20999 18.441
144.26168 18.441
144.31338 18.441
144.36508 18.441
144.41677 18.441
144.46847 18.441
144.52017 18.441
144.57186 18.441
144.62356 18.441
144.67526 18.441
144.72695 18.441
144.77865 18.441
144.83034 18.441
144.88204 18.441
144.93374 18.441
144.98543 18.441
145.03713 18.441
145.08883 18.441
145.14052 18.441
145.19222 18.441
145.24392 18.441
145.29561 18.441
145.34731 18.441
145.39901 18.441
145.4507 18.441
145.5024 18.441
145.5541 18.441
145.60579 18.441
145.65749 18.441
145.70919 18.441
145.76088 18.441
145.81258 18.441
145.86428 18.441
145.91597 18.441
145.96767 18.441
146.01937 18.441
146.07106 18.441
146.12276 18.441
146.17446 18.441
146.22615 18.441
146.27785 18.441
146.32954 18.441
146.38124 18.441
146.43294 18.441
146.48463 18.441
146.53633 18.441
146.58803 18.441
146.63972 18.441
146.69142 18.441
146.74312 18.441
146.79481 18.441
146.84651 18.441
146.89821 18.441
146.9499 18.441
147.0016 18.441
147.0533 18.441
147.10499 18.441
147.15669 18.441
147.20839 18.441
147.26008 18.441
147.31178 18.441
147.36348 18.441
147.41517 18.441
147.46687 18.441
147.51857 18.441
147.57026 18.441
147.62196 18.441
147.67366 18.441
147.72535 18.441
147.77705 18.441
147.82874 18.441
147.88044 18.441
147.93214 18.441
147.98383 18.441
148.03553 18.441
148.08723 18.441
148.13892 18.441
148.19062 18.441
148.24232 18.441
148.29401 18.441
148.34571 18.441
148.39741 18.441
148.4491 18.441
148.5008 18.441
148.5525 18.441
148.60419 18.441
148.65589 18.441
148.70759 18.441
148.75928 18.441
148.81098 18.441
148.86268 18.441
148.91437 18.441
148.96607 18.441
149.01777 18.441
149.06946 18.441
149.12116 18.441
149.17286 18.441
149.22455 18.441
149.27625 18.441
149.32794 18.441
149.37964 18.441
149.43134 18.441
149.48303 18.441
149.53473 18.441
149.58643 18.441
149.63812 18.441
149.68982 18.441
149.74152 18.441
149.79321 18.441
149.84491 18.441
149.89661 18.441
149.9483 18.441
150.0 18.441
