  5100.  0.13163E-05
  5105.  0.13219E-05
  5110.  0.13118E-05
  5115.  0.13043E-05
  5120.  0.13068E-05
  5125.  0.12933E-05
  5130.  0.12716E-05
  5135.  0.12698E-05
  5140.  0.12870E-05
  5145.  0.13116E-05
  5150.  0.13581E-05
  5155.  0.14275E-05
  5160.  0.15366E-05
  5165.  0.16758E-05
  5170.  0.18554E-05
  5175.  0.20631E-05
  5180.  0.22874E-05
  5185.  0.25178E-05
  5190.  0.28354E-05
  5195.  0.30908E-05
  5200.  0.33122E-05
  5205.  0.34761E-05
  5210.  0.36059E-05
  5215.  0.37266E-05
  5220.  0.38292E-05
  5225.  0.38973E-05
  5230.  0.39462E-05
  5235.  0.40159E-05
  5240.  0.40842E-05
  5245.  0.41145E-05
  5250.  0.41271E-05
  5255.  0.41190E-05
  5260.  0.41049E-05
  5265.  0.40892E-05
  5270.  0.40679E-05
  5275.  0.40454E-05
  5280.  0.40595E-05
  5285.  0.41155E-05
  5290.  0.41876E-05
  5295.  0.42768E-05
  5300.  0.43772E-05
  5305.  0.44824E-05
  5310.  0.45820E-05
  5315.  0.46852E-05
  5320.  0.47871E-05
  5325.  0.48809E-05
  5330.  0.49610E-05
  5335.  0.50289E-05
  5340.  0.50926E-05
  5345.  0.51565E-05
  5350.  0.51923E-05
  5355.  0.51997E-05
  5360.  0.51717E-05
  5365.  0.51408E-05
  5370.  0.51085E-05
  5375.  0.50690E-05
  5380.  0.50249E-05
  5385.  0.49774E-05
  5390.  0.49231E-05
  5395.  0.48643E-05
  5400.  0.54924E-05
  5405.  0.57215E-05
  5410.  0.57979E-05
  5415.  0.57376E-05
  5420.  0.56806E-05
  5425.  0.56782E-05
  5430.  0.56829E-05
  5435.  0.56914E-05
  5440.  0.56772E-05
  5445.  0.56321E-05
  5450.  0.55927E-05
  5455.  0.55711E-05
  5460.  0.55521E-05
  5465.  0.55072E-05
  5470.  0.54461E-05
  5475.  0.53770E-05
  5480.  0.52949E-05
  5485.  0.52035E-05
  5490.  0.51095E-05
  5495.  0.50297E-05
  5500.  0.49747E-05
  5505.  0.49269E-05
  5510.  0.48901E-05
  5515.  0.48713E-05
  5520.  0.48789E-05
  5525.  0.49166E-05
  5530.  0.49557E-05
  5535.  0.49649E-05
  5540.  0.49608E-05
  5545.  0.49670E-05
  5550.  0.49828E-05
  5555.  0.49950E-05
  5560.  0.50214E-05
  5565.  0.50781E-05
  5570.  0.51337E-05
  5575.  0.51649E-05
  5580.  0.51903E-05
  5585.  0.52205E-05
  5590.  0.52695E-05
  5595.  0.53353E-05
  5600.  0.54285E-05
  5605.  0.55287E-05
  5610.  0.56402E-05
  5615.  0.57013E-05
  5620.  0.56937E-05
  5625.  0.56881E-05
  5630.  0.57518E-05
  5635.  0.59757E-05
  5640.  0.63690E-05
  5645.  0.69485E-05
  5650.  0.77190E-05
  5655.  0.86386E-05
  5660.  0.96155E-05
  5665.  0.10531E-04
  5670.  0.11331E-04
  5675.  0.11950E-04
  5680.  0.12410E-04
  5685.  0.12747E-04
  5690.  0.12992E-04
  5695.  0.13153E-04
  5700.  0.13267E-04
  5705.  0.13316E-04
  5710.  0.13306E-04
  5715.  0.13275E-04
  5720.  0.13185E-04
  5725.  0.12997E-04
  5730.  0.12695E-04
  5735.  0.12270E-04
  5740.  0.11747E-04
  5745.  0.11180E-04
  5750.  0.10670E-04
  5755.  0.10269E-04
  5760.  0.10060E-04
  5765.  0.99976E-05
  5770.  0.10061E-04
  5775.  0.10207E-04
  5780.  0.10424E-04
  5785.  0.10679E-04
  5790.  0.10961E-04
  5795.  0.11253E-04
  5800.  0.11543E-04
  5805.  0.11818E-04
  5810.  0.12094E-04
  5815.  0.12366E-04
  5820.  0.12599E-04
  5825.  0.12777E-04
  5830.  0.12909E-04
  5835.  0.12937E-04
  5840.  0.12870E-04
  5845.  0.12694E-04
  5850.  0.12414E-04
  5855.  0.12020E-04
  5860.  0.11545E-04
  5865.  0.10962E-04
  5870.  0.10357E-04
  5875.  0.97624E-05
  5880.  0.91499E-05
  5885.  0.86042E-05
  5890.  0.81728E-05
  5895.  0.79140E-05
  5900.  0.78209E-05
  5905.  0.78933E-05
  5910.  0.81121E-05
  5915.  0.84859E-05
  5920.  0.89435E-05
  5925.  0.94200E-05
  5930.  0.98263E-05
  5935.  0.10177E-04
  5940.  0.10452E-04
  5945.  0.10706E-04
  5950.  0.10924E-04
  5955.  0.11100E-04
  5960.  0.11242E-04
  5965.  0.11358E-04
  5970.  0.11437E-04
  5975.  0.11494E-04
  5980.  0.11496E-04
  5985.  0.11421E-04
  5990.  0.11253E-04
  5995.  0.11040E-04
  6000.  0.10820E-04
  6005.  0.10673E-04
  6010.  0.10573E-04
  6015.  0.10539E-04
  6020.  0.10613E-04
  6025.  0.10819E-04
  6030.  0.11073E-04
  6035.  0.11356E-04
  6040.  0.11623E-04
  6045.  0.11836E-04
  6050.  0.12023E-04
  6055.  0.12228E-04
  6060.  0.12447E-04
  6065.  0.12709E-04
  6070.  0.13061E-04
  6075.  0.13515E-04
  6080.  0.13965E-04
  6085.  0.14312E-04
  6090.  0.14448E-04
  6095.  0.14403E-04
  6100.  0.14209E-04
  6105.  0.13913E-04
  6110.  0.13587E-04
  6115.  0.13337E-04
  6120.  0.13242E-04
  6125.  0.13258E-04
  6130.  0.13395E-04
  6135.  0.13586E-04
  6140.  0.13797E-04
  6145.  0.13990E-04
  6150.  0.14056E-04
  6155.  0.13953E-04
  6160.  0.13772E-04
  6165.  0.13587E-04
  6170.  0.13424E-04
  6175.  0.13316E-04
  6180.  0.13248E-04
  6185.  0.13187E-04
  6190.  0.13132E-04
  6195.  0.13123E-04
  6200.  0.13187E-04
  6205.  0.13332E-04
  6210.  0.13580E-04
  6215.  0.13759E-04
  6220.  0.13758E-04
  6225.  0.13684E-04
  6230.  0.13632E-04
  6235.  0.13729E-04
  6240.  0.14021E-04
  6245.  0.14393E-04
  6250.  0.14706E-04
  6255.  0.14956E-04
  6260.  0.15155E-04
  6265.  0.15282E-04
  6270.  0.15377E-04
  6275.  0.15489E-04
  6280.  0.15679E-04
  6285.  0.15921E-04
  6290.  0.16161E-04
  6295.  0.16354E-04
  6300.  0.16465E-04
  6305.  0.16532E-04
  6310.  0.16585E-04
  6315.  0.16555E-04
  6320.  0.16418E-04
  6325.  0.16240E-04
  6330.  0.16006E-04
  6335.  0.15685E-04
  6340.  0.15329E-04
  6345.  0.15011E-04
  6350.  0.14719E-04
  6355.  0.14483E-04
  6360.  0.14313E-04
  6365.  0.14255E-04
  6370.  0.14313E-04
  6375.  0.14509E-04
  6380.  0.14840E-04
  6385.  0.15202E-04
  6390.  0.15532E-04
  6395.  0.15840E-04
  6400.  0.16118E-04
  6405.  0.16372E-04
  6410.  0.16591E-04
  6415.  0.16751E-04
  6420.  0.16855E-04
  6425.  0.16915E-04
  6430.  0.16925E-04
  6435.  0.16985E-04
  6440.  0.17093E-04
  6445.  0.17219E-04
  6450.  0.17321E-04
  6455.  0.17342E-04
  6460.  0.17277E-04
  6465.  0.17143E-04
  6470.  0.16951E-04
  6475.  0.16703E-04
  6480.  0.16403E-04
  6485.  0.16076E-04
  6490.  0.15745E-04
  6495.  0.15504E-04
  6500.  0.15368E-04
  6505.  0.15349E-04
  6510.  0.15492E-04
  6515.  0.15807E-04
  6520.  0.16266E-04
  6525.  0.16809E-04
  6530.  0.17365E-04
  6535.  0.17861E-04
  6540.  0.18251E-04
  6545.  0.18547E-04
  6550.  0.18768E-04
  6555.  0.18961E-04
  6560.  0.19132E-04
  6565.  0.19297E-04
  6570.  0.19456E-04
  6575.  0.19577E-04
  6580.  0.19689E-04
  6585.  0.19864E-04
  6590.  0.20105E-04
  6595.  0.20423E-04
  6600.  0.20804E-04
  6605.  0.21140E-04
  6610.  0.21403E-04
  6615.  0.21559E-04
  6620.  0.21593E-04
  6625.  0.21418E-04
  6630.  0.21077E-04
  6635.  0.20606E-04
  6640.  0.20131E-04
  6645.  0.19757E-04
  6650.  0.19480E-04
  6655.  0.19344E-04
  6660.  0.19319E-04
  6665.  0.19423E-04
  6670.  0.19644E-04
  6675.  0.19973E-04
  6680.  0.20516E-04
  6685.  0.21206E-04
  6690.  0.21984E-04
  6695.  0.22765E-04
  6700.  0.23393E-04
  6705.  0.23902E-04
  6710.  0.24299E-04
  6715.  0.24643E-04
  6720.  0.24932E-04
  6725.  0.25164E-04
  6730.  0.25339E-04
  6735.  0.25462E-04
  6740.  0.25552E-04
  6745.  0.25673E-04
  6750.  0.25846E-04
  6755.  0.26076E-04
  6760.  0.26335E-04
  6765.  0.26597E-04
  6770.  0.26863E-04
  6775.  0.27074E-04
  6780.  0.27187E-04
  6785.  0.27168E-04
  6790.  0.27020E-04
  6795.  0.26750E-04
  6800.  0.26499E-04
  6805.  0.26303E-04
  6810.  0.26121E-04
  6815.  0.25983E-04
  6820.  0.25903E-04
  6825.  0.25911E-04
  6830.  0.26090E-04
  6835.  0.26406E-04
  6840.  0.26785E-04
  6845.  0.27177E-04
  6850.  0.27638E-04
  6855.  0.28196E-04
  6860.  0.28887E-04
  6865.  0.29732E-04
  6870.  0.30677E-04
  6875.  0.31632E-04
  6880.  0.32220E-04
  6885.  0.32318E-04
  6890.  0.31906E-04
  6895.  0.31133E-04
  6900.  0.30033E-04
  6905.  0.28556E-04
  6910.  0.26689E-04
  6915.  0.24773E-04
  6920.  0.23026E-04
  6925.  0.21641E-04
  6930.  0.20469E-04
  6935.  0.19480E-04
  6940.  0.18599E-04
  6945.  0.17832E-04
  6950.  0.17179E-04
  6955.  0.16798E-04
  6960.  0.16704E-04
  6965.  0.16971E-04
  6970.  0.17371E-04
  6975.  0.17789E-04
  6980.  0.18184E-04
  6985.  0.18545E-04
  6990.  0.18860E-04
  6995.  0.19163E-04
  7000.  0.19566E-04
  7005.  0.20072E-04
  7010.  0.20701E-04
  7015.  0.21416E-04
  7020.  0.22218E-04
  7025.  0.23073E-04
  7030.  0.23914E-04
  7035.  0.24681E-04
  7040.  0.25233E-04
  7045.  0.25593E-04
  7050.  0.25706E-04
  7055.  0.25585E-04
  7060.  0.25103E-04
  7065.  0.24329E-04
  7070.  0.23228E-04
  7075.  0.21914E-04
  7080.  0.20493E-04
  7085.  0.19234E-04
  7090.  0.18196E-04
  7095.  0.17490E-04
  7100.  0.16998E-04
  7105.  0.16685E-04
  7110.  0.16454E-04
  7115.  0.16295E-04
  7120.  0.16249E-04
  7125.  0.16480E-04
  7130.  0.16937E-04
  7135.  0.17580E-04
  7140.  0.18225E-04
  7145.  0.18815E-04
  7150.  0.19314E-04
  7155.  0.19764E-04
  7160.  0.20263E-04
  7165.  0.20801E-04
  7170.  0.21364E-04
  7175.  0.21940E-04
  7180.  0.22602E-04
  7185.  0.23250E-04
  7190.  0.23815E-04
  7195.  0.24307E-04
  7200.  0.24731E-04
  7205.  0.25208E-04
  7210.  0.25802E-04
  7215.  0.26224E-04
  7220.  0.26333E-04
  7225.  0.26126E-04
  7230.  0.25606E-04
  7235.  0.24985E-04
  7240.  0.24276E-04
  7245.  0.23531E-04
  7250.  0.22786E-04
  7255.  0.22195E-04
  7260.  0.21721E-04
  7265.  0.21369E-04
  7270.  0.21115E-04
  7275.  0.20969E-04
  7280.  0.20895E-04
  7285.  0.20993E-04
  7290.  0.21253E-04
  7295.  0.21670E-04
  7300.  0.22171E-04
  7305.  0.22706E-04
  7310.  0.23175E-04
  7315.  0.23526E-04
  7320.  0.23800E-04
  7325.  0.24023E-04
  7330.  0.24276E-04
  7335.  0.24598E-04
  7340.  0.25033E-04
  7345.  0.25577E-04
  7350.  0.26163E-04
  7355.  0.26736E-04
  7360.  0.27333E-04
  7365.  0.27962E-04
  7370.  0.28611E-04
  7375.  0.29190E-04
  7380.  0.29654E-04
  7385.  0.30073E-04
  7390.  0.30539E-04
  7395.  0.30966E-04
  7400.  0.31348E-04
  7405.  0.31592E-04
  7410.  0.31565E-04
  7415.  0.31155E-04
  7420.  0.30525E-04
  7425.  0.29927E-04
  7430.  0.29411E-04
  7435.  0.28954E-04
  7440.  0.28537E-04
  7445.  0.28243E-04
  7450.  0.28146E-04
  7455.  0.28141E-04
  7460.  0.28151E-04
  7465.  0.28210E-04
  7470.  0.28427E-04
  7475.  0.28816E-04
  7480.  0.29368E-04
  7485.  0.30147E-04
  7490.  0.31085E-04
  7495.  0.32068E-04
  7500.  0.32942E-04
  7505.  0.33681E-04
  7510.  0.34228E-04
  7515.  0.34641E-04
  7520.  0.35040E-04
  7525.  0.35498E-04
  7530.  0.36020E-04
  7535.  0.36517E-04
  7540.  0.37029E-04
  7545.  0.37513E-04
  7550.  0.37979E-04
  7555.  0.38236E-04
  7560.  0.38426E-04
  7565.  0.38315E-04
  7570.  0.37957E-04
  7575.  0.37579E-04
  7580.  0.37162E-04
  7585.  0.36968E-04
  7590.  0.36917E-04
  7595.  0.37068E-04
  7600.  0.37719E-04
  7605.  0.38178E-04
  7610.  0.38708E-04
  7615.  0.38908E-04
  7620.  0.39094E-04
  7625.  0.39293E-04
  7630.  0.39497E-04
  7635.  0.39696E-04
  7640.  0.39910E-04
  7645.  0.40057E-04
  7650.  0.39989E-04
  7655.  0.39843E-04
  7660.  0.39905E-04
  7665.  0.40171E-04
  7670.  0.40584E-04
  7675.  0.41143E-04
  7680.  0.41771E-04
  7685.  0.42180E-04
  7690.  0.42321E-04
  7695.  0.42287E-04
  7700.  0.42271E-04
  7705.  0.42361E-04
  7710.  0.42437E-04
  7715.  0.42484E-04
  7720.  0.42546E-04
  7725.  0.42685E-04
  7730.  0.42926E-04
  7735.  0.43284E-04
  7740.  0.43798E-04
  7745.  0.44351E-04
  7750.  0.44903E-04
  7755.  0.45472E-04
  7760.  0.45901E-04
  7765.  0.46157E-04
  7770.  0.46404E-04
  7775.  0.46722E-04
  7780.  0.47093E-04
  7785.  0.47450E-04
  7790.  0.47677E-04
  7795.  0.47828E-04
  7800.  0.47830E-04
  7805.  0.47603E-04
  7810.  0.47101E-04
  7815.  0.46468E-04
  7820.  0.45696E-04
  7825.  0.44682E-04
  7830.  0.43349E-04
  7835.  0.41706E-04
  7840.  0.39792E-04
  7845.  0.37720E-04
  7850.  0.35668E-04
  7855.  0.33720E-04
  7860.  0.31937E-04
  7865.  0.30406E-04
  7870.  0.28996E-04
  7875.  0.27574E-04
  7880.  0.26152E-04
  7885.  0.24887E-04
  7890.  0.23761E-04
  7895.  0.22757E-04
  7900.  0.21958E-04
  7905.  0.21390E-04
  7910.  0.20995E-04
  7915.  0.20626E-04
  7920.  0.20325E-04
  7925.  0.20101E-04
  7930.  0.20030E-04
  7935.  0.20081E-04
  7940.  0.20366E-04
  7945.  0.20939E-04
  7950.  0.21794E-04
  7955.  0.22944E-04
  7960.  0.24250E-04
  7965.  0.25604E-04
  7970.  0.26883E-04
  7975.  0.28071E-04
  7980.  0.29063E-04
  7985.  0.29779E-04
  7990.  0.30275E-04
  7995.  0.30561E-04
  8000.  0.30796E-04
  8005.  0.31011E-04
  8010.  0.31278E-04
  8015.  0.31541E-04
  8020.  0.31734E-04
  8025.  0.31624E-04
  8030.  0.31189E-04
  8035.  0.30424E-04
  8040.  0.29289E-04
  8045.  0.28007E-04
  8050.  0.26747E-04
  8055.  0.25564E-04
  8060.  0.24463E-04
  8065.  0.23420E-04
  8070.  0.22415E-04
  8075.  0.21467E-04
  8080.  0.20721E-04
  8085.  0.20207E-04
  8090.  0.19809E-04
  8095.  0.19528E-04
  8100.  0.19453E-04
  8105.  0.19631E-04
  8110.  0.19997E-04
  8115.  0.20435E-04
  8120.  0.20863E-04
  8125.  0.21251E-04
  8130.  0.21588E-04
  8135.  0.22009E-04
  8140.  0.22536E-04
  8145.  0.23053E-04
  8150.  0.23581E-04
  8155.  0.24279E-04
  8160.  0.25095E-04
  8165.  0.25984E-04
  8170.  0.26958E-04
  8175.  0.27946E-04
  8180.  0.29014E-04
  8185.  0.30031E-04
  8190.  0.30748E-04
  8195.  0.31162E-04
  8200.  0.31358E-04
  8205.  0.31416E-04
  8210.  0.31501E-04
  8215.  0.31818E-04
  8220.  0.32211E-04
  8225.  0.32481E-04
  8230.  0.32628E-04
  8235.  0.32619E-04
  8240.  0.32373E-04
  8245.  0.31932E-04
  8250.  0.31385E-04
  8255.  0.30876E-04
  8260.  0.30550E-04
  8265.  0.30288E-04
  8270.  0.29922E-04
  8275.  0.29544E-04
  8280.  0.29188E-04
  8285.  0.28776E-04
  8290.  0.28288E-04
  8295.  0.27815E-04
  8300.  0.27503E-04
  8305.  0.27474E-04
  8310.  0.27723E-04
  8315.  0.28196E-04
  8320.  0.28758E-04
  8325.  0.29287E-04
  8330.  0.29802E-04
  8335.  0.30343E-04
  8340.  0.30751E-04
  8345.  0.31089E-04
  8350.  0.31461E-04
  8355.  0.31876E-04
  8360.  0.32433E-04
  8365.  0.33115E-04
  8370.  0.33837E-04
  8375.  0.34609E-04
  8380.  0.35322E-04
  8385.  0.35872E-04
  8390.  0.36317E-04
  8395.  0.36763E-04
  8400.  0.37203E-04
  8405.  0.37640E-04
  8410.  0.38010E-04
  8415.  0.38339E-04
  8420.  0.38712E-04
  8425.  0.39072E-04
  8430.  0.39385E-04
  8435.  0.39529E-04
  8440.  0.39600E-04
  8445.  0.39620E-04
  8450.  0.39689E-04
  8455.  0.39737E-04
  8460.  0.39593E-04
  8465.  0.39333E-04
  8470.  0.39046E-04
  8475.  0.38618E-04
  8480.  0.37985E-04
  8485.  0.37223E-04
  8490.  0.36453E-04
  8495.  0.35826E-04
  8500.  0.35440E-04
  8505.  0.35191E-04
  8510.  0.34897E-04
  8515.  0.34568E-04
  8520.  0.34243E-04
  8525.  0.34061E-04
  8530.  0.34188E-04
  8535.  0.34707E-04
  8540.  0.35562E-04
  8545.  0.36629E-04
  8550.  0.37838E-04
  8555.  0.39011E-04
  8560.  0.39992E-04
  8565.  0.40727E-04
  8570.  0.41252E-04
  8575.  0.41749E-04
  8580.  0.42256E-04
  8585.  0.42798E-04
  8590.  0.43334E-04
  8595.  0.43774E-04
  8600.  0.44085E-04
  8605.  0.44217E-04
  8610.  0.44306E-04
  8615.  0.44513E-04
  8620.  0.44875E-04
  8625.  0.45201E-04
  8630.  0.45468E-04
  8635.  0.45693E-04
  8640.  0.45749E-04
  8645.  0.45593E-04
  8650.  0.45285E-04
  8655.  0.45129E-04
  8660.  0.45183E-04
  8665.  0.45477E-04
  8670.  0.46036E-04
  8675.  0.46720E-04
  8680.  0.47421E-04
  8685.  0.48023E-04
  8690.  0.48529E-04
  8695.  0.48938E-04
  8700.  0.49124E-04
  8705.  0.49165E-04
  8710.  0.49137E-04
  8715.  0.49106E-04
  8720.  0.49062E-04
  8725.  0.48889E-04
  8730.  0.48434E-04
  8735.  0.47898E-04
  8740.  0.47427E-04
  8745.  0.46820E-04
  8750.  0.46067E-04
  8755.  0.45478E-04
  8760.  0.45291E-04
  8765.  0.45337E-04
  8770.  0.45577E-04
  8775.  0.46126E-04
  8780.  0.46888E-04
  8785.  0.47511E-04
  8790.  0.48087E-04
  8795.  0.48462E-04
  8800.  0.48499E-04
  8805.  0.48564E-04
  8810.  0.48638E-04
  8815.  0.48622E-04
  8820.  0.48737E-04
  8825.  0.49171E-04
  8830.  0.49739E-04
  8835.  0.50198E-04
  8840.  0.50556E-04
  8845.  0.50776E-04
  8850.  0.50791E-04
  8855.  0.50623E-04
  8860.  0.50488E-04
  8865.  0.50554E-04
  8870.  0.50835E-04
  8875.  0.51247E-04
  8880.  0.51679E-04
  8885.  0.52138E-04
  8890.  0.52756E-04
  8895.  0.53518E-04
  8900.  0.54138E-04
  8905.  0.54542E-04
  8910.  0.54769E-04
  8915.  0.54879E-04
  8920.  0.55036E-04
  8925.  0.55338E-04
  8930.  0.55650E-04
  8935.  0.55878E-04
  8940.  0.56061E-04
  8945.  0.56297E-04
  8950.  0.56695E-04
  8955.  0.57007E-04
  8960.  0.57186E-04
  8965.  0.57183E-04
  8970.  0.57052E-04
  8975.  0.56954E-04
  8980.  0.56796E-04
  8985.  0.56328E-04
  8990.  0.55937E-04
  8995.  0.55946E-04
  9000.  0.56131E-04
  9005.  0.56189E-04
  9010.  0.56309E-04
  9015.  0.56655E-04
  9020.  0.57007E-04
  9025.  0.57341E-04
  9030.  0.57588E-04
  9035.  0.57589E-04
  9040.  0.57250E-04
  9045.  0.56868E-04
  9050.  0.56597E-04
  9055.  0.56315E-04
  9060.  0.55951E-04
  9065.  0.55687E-04
  9070.  0.55551E-04
  9075.  0.55517E-04
  9080.  0.55256E-04
  9085.  0.54766E-04
  9090.  0.54031E-04
  9095.  0.52676E-04
  9100.  0.50874E-04
  9105.  0.48837E-04
  9110.  0.46708E-04
  9115.  0.44694E-04
  9120.  0.42873E-04
  9125.  0.41241E-04
  9130.  0.39607E-04
  9135.  0.37786E-04
  9140.  0.35962E-04
  9145.  0.34134E-04
  9150.  0.32380E-04
  9155.  0.30842E-04
  9160.  0.29499E-04
  9165.  0.28334E-04
  9170.  0.27300E-04
  9175.  0.26276E-04
  9180.  0.25399E-04
  9185.  0.24588E-04
  9190.  0.24046E-04
  9195.  0.23804E-04
  9200.  0.23714E-04
  9205.  0.23715E-04
  9210.  0.24034E-04
  9215.  0.24709E-04
  9220.  0.25504E-04
  9225.  0.26269E-04
  9230.  0.26980E-04
  9235.  0.27693E-04
  9240.  0.28264E-04
  9245.  0.28675E-04
  9250.  0.29010E-04
  9255.  0.29325E-04
  9260.  0.29598E-04
  9265.  0.29779E-04
  9270.  0.29904E-04
  9275.  0.29733E-04
  9280.  0.29507E-04
  9285.  0.29538E-04
  9290.  0.29821E-04
  9295.  0.30247E-04
  9300.  0.30664E-04
  9305.  0.31077E-04
  9310.  0.31436E-04
  9315.  0.31625E-04
  9320.  0.31805E-04
  9325.  0.31663E-04
  9330.  0.31671E-04
  9335.  0.31951E-04
  9340.  0.31624E-04
  9345.  0.30816E-04
  9350.  0.30311E-04
  9355.  0.29840E-04
  9360.  0.29752E-04
  9365.  0.29823E-04
  9370.  0.29705E-04
  9375.  0.29505E-04
  9380.  0.29199E-04
  9385.  0.28834E-04
  9390.  0.28209E-04
  9395.  0.27200E-04
  9400.  0.26446E-04
  9405.  0.25775E-04
  9410.  0.25250E-04
  9415.  0.24798E-04
  9420.  0.24455E-04
  9425.  0.24412E-04
  9430.  0.24695E-04
  9435.  0.25147E-04
  9440.  0.25631E-04
  9445.  0.25973E-04
  9450.  0.26224E-04
  9455.  0.26631E-04
  9460.  0.27324E-04
  9465.  0.28298E-04
  9470.  0.29512E-04
  9475.  0.30479E-04
  9480.  0.31389E-04
  9485.  0.32771E-04
  9490.  0.34237E-04
  9495.  0.35195E-04
  9500.  0.35763E-04
  9505.  0.36372E-04
  9510.  0.36759E-04
  9515.  0.36808E-04
  9520.  0.37113E-04
  9525.  0.37953E-04
  9530.  0.38586E-04
  9535.  0.38642E-04
  9540.  0.38682E-04
  9545.  0.38797E-04
  9550.  0.39003E-04
  9555.  0.39147E-04
  9560.  0.39180E-04
  9565.  0.39114E-04
  9570.  0.38971E-04
  9575.  0.38679E-04
  9580.  0.38157E-04
  9585.  0.37618E-04
  9590.  0.37393E-04
  9595.  0.37568E-04
  9600.  0.37913E-04
  9605.  0.38086E-04
  9610.  0.38122E-04
  9615.  0.38063E-04
  9620.  0.37835E-04
  9625.  0.37734E-04
  9630.  0.37759E-04
  9635.  0.37615E-04
  9640.  0.36992E-04
  9645.  0.36248E-04
  9650.  0.35267E-04
  9655.  0.34356E-04
  9660.  0.33917E-04
  9665.  0.33746E-04
  9670.  0.33593E-04
  9675.  0.33357E-04
  9680.  0.33238E-04
  9685.  0.33102E-04
  9690.  0.32856E-04
  9695.  0.32664E-04
  9700.  0.30940E-04
  9705.  0.30975E-04
  9710.  0.31906E-04
  9715.  0.33726E-04
  9720.  0.34134E-04
  9725.  0.33508E-04
  9730.  0.33618E-04
  9735.  0.35561E-04
  9740.  0.34617E-04
  9745.  0.34436E-04
  9750.  0.35386E-04
  9755.  0.35922E-04
  9760.  0.35372E-04
  9765.  0.35345E-04
  9770.  0.37074E-04
  9775.  0.38107E-04
  9780.  0.36724E-04
  9785.  0.35680E-04
  9790.  0.37116E-04
  9795.  0.39165E-04
  9800.  0.39793E-04
  9805.  0.39909E-04
  9810.  0.40466E-04
  9815.  0.42756E-04
  9820.  0.44438E-04
  9825.  0.43309E-04
  9830.  0.42794E-04
  9835.  0.43018E-04
  9840.  0.43768E-04
  9845.  0.44239E-04
  9850.  0.44668E-04
  9855.  0.45738E-04
  9860.  0.45098E-04
  9865.  0.45762E-04
  9870.  0.47147E-04
  9875.  0.46701E-04
  9880.  0.46608E-04
  9885.  0.46164E-04
  9890.  0.47044E-04
  9895.  0.47918E-04
  9900.  0.45094E-04
  9905.  0.44199E-04
  9910.  0.44857E-04
  9915.  0.45372E-04
  9920.  0.46845E-04
  9925.  0.45943E-04
  9930.  0.45395E-04
  9935.  0.46991E-04
  9940.  0.47313E-04
  9945.  0.45297E-04
  9950.  0.46099E-04
  9955.  0.48090E-04
  9960.  0.48131E-04
  9965.  0.47906E-04
  9970.  0.46224E-04
  9975.  0.44346E-04
  9980.  0.49125E-04
  9985.  0.53176E-04
  9990.  0.50839E-04
  9995.  0.47020E-04
 10000.  0.47256E-04
 10005.  0.50406E-04
 10010.  0.52204E-04
 10015.  0.52904E-04
 10020.  0.53344E-04
 10025.  0.52560E-04
 10030.  0.49540E-04
 10035.  0.48797E-04
 10040.  0.50717E-04
 10045.  0.53064E-04
 10050.  0.54244E-04
 10055.  0.52932E-04
 10060.  0.51295E-04
 10065.  0.51120E-04
 10070.  0.50812E-04
 10075.  0.48760E-04
 10080.  0.47101E-04
 10085.  0.47359E-04
 10090.  0.49029E-04
 10095.  0.52246E-04
 10100.  0.53300E-04
 10105.  0.52331E-04
 10110.  0.51316E-04
 10115.  0.51135E-04
 10120.  0.53299E-04
 10125.  0.52927E-04
 10130.  0.50568E-04
 10135.  0.46293E-04
 10140.  0.43189E-04
 10145.  0.46212E-04
 10150.  0.49994E-04
 10155.  0.51726E-04
 10160.  0.52100E-04
 10165.  0.48206E-04
 10170.  0.45793E-04
 10175.  0.47495E-04
 10180.  0.49409E-04
 10185.  0.48043E-04
 10190.  0.47401E-04
 10195.  0.49536E-04
 10200.  0.51232E-04
 10205.  0.48755E-04
 10210.  0.50083E-04
 10215.  0.55718E-04
 10220.  0.55883E-04
 10225.  0.51512E-04
 10230.  0.51509E-04
 10235.  0.55497E-04
 10240.  0.58470E-04
 10245.  0.56986E-04
 10250.  0.55371E-04
 10255.  0.55923E-04
 10260.  0.53904E-04
 10265.  0.54635E-04
 10270.  0.57518E-04
 10275.  0.56753E-04
 10280.  0.55731E-04
 10285.  0.56039E-04
 10290.  0.57714E-04
 10295.  0.58583E-04
 10300.  0.57275E-04
 10305.  0.56258E-04
 10310.  0.55645E-04
 10315.  0.55865E-04
 10320.  0.53070E-04
 10325.  0.49101E-04
 10330.  0.48190E-04
 10335.  0.51298E-04
 10340.  0.55225E-04
 10345.  0.55719E-04
 10350.  0.53023E-04
 10355.  0.49566E-04
 10360.  0.48478E-04
 10365.  0.50850E-04
 10370.  0.55123E-04
 10375.  0.58607E-04
 10380.  0.60170E-04
 10385.  0.58921E-04
 10390.  0.55342E-04
 10395.  0.52862E-04
 10400.  0.55081E-04
 10405.  0.58162E-04
 10410.  0.59815E-04
 10415.  0.57651E-04
 10420.  0.52545E-04
 10425.  0.51481E-04
 10430.  0.54047E-04
 10435.  0.54569E-04
 10440.  0.54720E-04
 10445.  0.56946E-04
 10450.  0.58249E-04
 10455.  0.56344E-04
 10460.  0.53265E-04
 10465.  0.55242E-04
 10470.  0.59007E-04
 10475.  0.58530E-04
 10480.  0.56673E-04
 10485.  0.57313E-04
 10490.  0.57033E-04
 10495.  0.54131E-04
 10500.  0.52731E-04
 10505.  0.53502E-04
 10510.  0.57688E-04
 10515.  0.63382E-04
 10520.  0.64757E-04
 10525.  0.59611E-04
 10530.  0.55649E-04
 10535.  0.57173E-04
 10540.  0.60734E-04
 10545.  0.61165E-04
 10550.  0.58977E-04
 10555.  0.58363E-04
 10560.  0.60408E-04
 10565.  0.61552E-04
 10570.  0.59981E-04
 10575.  0.56378E-04
 10580.  0.52932E-04
 10585.  0.53189E-04
 10590.  0.57575E-04
 10595.  0.60578E-04
 10600.  0.59283E-04
 10605.  0.56423E-04
 10610.  0.54734E-04
 10615.  0.53836E-04
 10620.  0.54231E-04
 10625.  0.56147E-04
 10630.  0.60332E-04
 10635.  0.63764E-04
 10640.  0.63322E-04
 10645.  0.60454E-04
 10650.  0.58768E-04
 10655.  0.57910E-04
 10660.  0.55670E-04
 10665.  0.56290E-04
 10670.  0.59517E-04
 10675.  0.60269E-04
 10680.  0.61028E-04
 10685.  0.62491E-04
 10690.  0.62875E-04
 10695.  0.62435E-04
 10700.  0.62419E-04
 10705.  0.63236E-04
 10710.  0.63608E-04
 10715.  0.62350E-04
 10720.  0.60322E-04
 10725.  0.60165E-04
 10730.  0.63386E-04
 10735.  0.66030E-04
 10740.  0.64882E-04
 10745.  0.62615E-04
 10750.  0.62276E-04
 10755.  0.63396E-04
 10760.  0.64597E-04
 10765.  0.65594E-04
 10770.  0.65180E-04
 10775.  0.65161E-04
 10780.  0.66757E-04
 10785.  0.65298E-04
 10790.  0.61309E-04
 10795.  0.61989E-04
 10800.  0.65933E-04
 10805.  0.66587E-04
 10810.  0.65814E-04
 10815.  0.65127E-04
 10820.  0.62818E-04
 10825.  0.61175E-04
 10830.  0.61758E-04
 10835.  0.64591E-04
 10840.  0.66692E-04
 10845.  0.66028E-04
 10850.  0.63570E-04
 10855.  0.62036E-04
 10860.  0.62288E-04
 10865.  0.60507E-04
 10870.  0.50453E-04
 10875.  0.36595E-04
 10880.  0.33185E-04
 10885.  0.38068E-04
 10890.  0.42560E-04
 10895.  0.45747E-04
 10900.  0.47886E-04
 10905.  0.50253E-04
 10910.  0.53190E-04
 10915.  0.51766E-04
 10920.  0.42462E-04
 10925.  0.30349E-04
 10930.  0.26041E-04
 10935.  0.28690E-04
 10940.  0.31967E-04
 10945.  0.35539E-04
 10950.  0.38277E-04
 10955.  0.37254E-04
 10960.  0.31854E-04
 10965.  0.24533E-04
 10970.  0.22171E-04
 10975.  0.25672E-04
 10980.  0.30057E-04
 10985.  0.31744E-04
 10990.  0.28368E-04
 10995.  0.22343E-04
 11000.  0.21208E-04
 11005.  0.24925E-04
 11010.  0.27223E-04
 11015.  0.26384E-04
 11020.  0.24960E-04
 11025.  0.25535E-04
 11030.  0.26612E-04
 11035.  0.26884E-04
 11040.  0.27734E-04
 11045.  0.29383E-04
 11050.  0.31174E-04
 11055.  0.31970E-04
 11060.  0.31388E-04
 11065.  0.29492E-04
 11070.  0.28829E-04
 11075.  0.32114E-04
 11080.  0.35898E-04
 11085.  0.38414E-04
 11090.  0.38533E-04
 11095.  0.37710E-04
 11100.  0.37881E-04
 11105.  0.38170E-04
 11110.  0.39139E-04
 11115.  0.39670E-04
 11120.  0.39453E-04
 11125.  0.39207E-04
 11130.  0.38747E-04
 11135.  0.40689E-04
 11140.  0.43322E-04
 11145.  0.42371E-04
 11150.  0.44308E-04
 11155.  0.46551E-04
 11160.  0.43687E-04
 11165.  0.40828E-04
 11170.  0.37467E-04
 11175.  0.35890E-04
 11180.  0.37050E-04
 11185.  0.37190E-04
 11190.  0.38664E-04
 11195.  0.41352E-04
 11200.  0.38696E-04
 11205.  0.35825E-04
 11210.  0.35643E-04
 11215.  0.37577E-04
 11220.  0.40919E-04
 11225.  0.40562E-04
 11230.  0.39091E-04
 11235.  0.37553E-04
 11240.  0.34274E-04
 11245.  0.32713E-04
 11250.  0.33523E-04
 11255.  0.31848E-04
 11260.  0.32681E-04
 11265.  0.39527E-04
 11270.  0.41881E-04
 11275.  0.34091E-04
 11280.  0.30549E-04
 11285.  0.35938E-04
 11290.  0.39865E-04
 11295.  0.40580E-04
 11300.  0.44186E-04
 11305.  0.46097E-04
 11310.  0.41894E-04
 11315.  0.38937E-04
 11320.  0.42188E-04
 11325.  0.44528E-04
 11330.  0.40677E-04
 11335.  0.36538E-04
 11340.  0.37123E-04
 11345.  0.33309E-04
 11350.  0.29746E-04
 11355.  0.31584E-04
 11360.  0.36511E-04
 11365.  0.39228E-04
 11370.  0.37730E-04
 11375.  0.38201E-04
 11380.  0.42591E-04
 11385.  0.44401E-04
 11390.  0.41818E-04
 11395.  0.39703E-04
 11400.  0.42742E-04
 11405.  0.44791E-04
 11410.  0.41120E-04
 11415.  0.38705E-04
 11420.  0.41120E-04
 11425.  0.43153E-04
 11430.  0.42618E-04
 11435.  0.40481E-04
 11440.  0.42125E-04
 11445.  0.49248E-04
 11450.  0.51336E-04
 11455.  0.45504E-04
 11460.  0.41744E-04
 11465.  0.45113E-04
 11470.  0.48702E-04
 11475.  0.49715E-04
 11480.  0.48329E-04
 11485.  0.46442E-04
 11490.  0.47755E-04
 11495.  0.48868E-04
 11500.  0.47049E-04
 11505.  0.45243E-04
 11510.  0.44280E-04
 11515.  0.43777E-04
 11520.  0.42347E-04
 11525.  0.40845E-04
 11530.  0.42415E-04
 11535.  0.45325E-04
 11540.  0.47202E-04
 11545.  0.50419E-04
 11550.  0.52874E-04
 11555.  0.52273E-04
 11560.  0.51546E-04
 11565.  0.51102E-04
 11570.  0.49117E-04
 11575.  0.47888E-04
 11580.  0.50515E-04
 11585.  0.52647E-04
 11590.  0.51284E-04
 11595.  0.50885E-04
 11600.  0.51172E-04
 11605.  0.47974E-04
 11610.  0.44364E-04
 11615.  0.45378E-04
 11620.  0.48136E-04
 11625.  0.47644E-04
 11630.  0.46347E-04
 11635.  0.47872E-04
 11640.  0.49085E-04
 11645.  0.47857E-04
 11650.  0.47466E-04
 11655.  0.48606E-04
 11660.  0.48610E-04
 11665.  0.46360E-04
 11670.  0.44944E-04
 11675.  0.47679E-04
 11680.  0.49792E-04
 11685.  0.47918E-04
 11690.  0.46713E-04
 11695.  0.48702E-04
 11700.  0.51655E-04
 11705.  0.52300E-04
 11710.  0.50793E-04
 11715.  0.50805E-04
 11720.  0.50885E-04
 11725.  0.47777E-04
 11730.  0.43717E-04
 11735.  0.40643E-04
 11740.  0.40298E-04
 11745.  0.43046E-04
 11750.  0.44590E-04
 11755.  0.44329E-04
 11760.  0.44807E-04
 11765.  0.44882E-04
 11770.  0.43125E-04
 11775.  0.41281E-04
 11780.  0.41955E-04
 11785.  0.44048E-04
 11790.  0.44557E-04
 11795.  0.43180E-04
 11800.  0.42543E-04
 11805.  0.43628E-04
 11810.  0.45300E-04
 11815.  0.46054E-04
 11820.  0.45462E-04
 11825.  0.45293E-04
 11830.  0.47624E-04
 11835.  0.49318E-04
 11840.  0.47342E-04
 11845.  0.47547E-04
 11850.  0.50708E-04
 11855.  0.49538E-04
 11860.  0.46652E-04
 11865.  0.48716E-04
 11870.  0.50865E-04
 11875.  0.48828E-04
 11880.  0.47240E-04
 11885.  0.47895E-04
 11890.  0.49877E-04
 11895.  0.52443E-04
 11900.  0.52323E-04
 11905.  0.50096E-04
 11910.  0.50357E-04
 11915.  0.51530E-04
 11920.  0.48229E-04
 11925.  0.44205E-04
 11930.  0.45466E-04
 11935.  0.47509E-04
 11940.  0.46771E-04
 11945.  0.46723E-04
 11950.  0.46410E-04
 11955.  0.44390E-04
 11960.  0.43049E-04
 11965.  0.42273E-04
 11970.  0.41526E-04
 11975.  0.42324E-04
 11980.  0.44076E-04
 11985.  0.45161E-04
 11990.  0.46144E-04
 11995.  0.47233E-04
 12000.  0.46942E-04
 12005.  0.45695E-04
 12010.  0.46254E-04
 12015.  0.47566E-04
 12020.  0.46439E-04
 12025.  0.44671E-04
 12030.  0.45391E-04
 12035.  0.45368E-04
 12040.  0.43135E-04
 12045.  0.41941E-04
 12050.  0.42252E-04
 12055.  0.42898E-04
 12060.  0.43191E-04
 12065.  0.41557E-04
 12070.  0.38778E-04
 12075.  0.38124E-04
 12080.  0.40708E-04
 12085.  0.44162E-04
 12090.  0.44306E-04
 12095.  0.42276E-04
 12100.  0.43160E-04
 12105.  0.44439E-04
 12110.  0.42260E-04
 12115.  0.40756E-04
 12120.  0.42875E-04
 12125.  0.44035E-04
 12130.  0.43002E-04
 12135.  0.43427E-04
 12140.  0.45104E-04
 12145.  0.45233E-04
 12150.  0.44576E-04
 12155.  0.45325E-04
 12160.  0.46578E-04
 12165.  0.45569E-04
 12170.  0.43861E-04
 12175.  0.46356E-04
 12180.  0.50332E-04
 12185.  0.48393E-04
 12190.  0.43174E-04
 12195.  0.43296E-04
 12200.  0.48587E-04
 12205.  0.51098E-04
 12210.  0.48644E-04
 12215.  0.46053E-04
 12220.  0.46091E-04
 12225.  0.49587E-04
 12230.  0.53211E-04
 12235.  0.52331E-04
 12240.  0.48416E-04
 12245.  0.47529E-04
 12250.  0.49768E-04
 12255.  0.50862E-04
 12260.  0.50818E-04
 12265.  0.50798E-04
 12270.  0.49531E-04
 12275.  0.48063E-04
 12280.  0.47970E-04
 12285.  0.48105E-04
 12290.  0.47225E-04
 12295.  0.46786E-04
 12300.  0.48326E-04
 12305.  0.50102E-04
 12310.  0.49604E-04
 12315.  0.48469E-04
 12320.  0.50649E-04
 12325.  0.51769E-04
 12330.  0.48392E-04
 12335.  0.43688E-04
 12340.  0.43016E-04
 12345.  0.46446E-04
 12350.  0.47847E-04
 12355.  0.45683E-04
 12360.  0.45237E-04
 12365.  0.47369E-04
 12370.  0.48336E-04
 12375.  0.46479E-04
 12380.  0.44588E-04
 12385.  0.44616E-04
 12390.  0.44910E-04
 12395.  0.44616E-04
 12400.  0.45407E-04
 12405.  0.47720E-04
 12410.  0.48605E-04
 12415.  0.47901E-04
 12420.  0.47635E-04
 12425.  0.47417E-04
 12430.  0.46268E-04
 12435.  0.45480E-04
 12440.  0.46207E-04
 12445.  0.46999E-04
 12450.  0.47196E-04
 12455.  0.49184E-04
 12460.  0.52550E-04
 12465.  0.53487E-04
 12470.  0.51418E-04
 12475.  0.50857E-04
 12480.  0.51926E-04
 12485.  0.53138E-04
 12490.  0.52634E-04
 12495.  0.50339E-04
 12500.  0.51085E-04
 12505.  0.54601E-04
 12510.  0.55240E-04
 12515.  0.53299E-04
 12520.  0.50234E-04
 12525.  0.49236E-04
 12530.  0.52148E-04
 12535.  0.54995E-04
 12540.  0.54236E-04
 12545.  0.53488E-04
 12550.  0.55022E-04
 12555.  0.56373E-04
 12560.  0.56233E-04
 12565.  0.54866E-04
 12570.  0.52747E-04
 12575.  0.52382E-04
 12580.  0.54832E-04
 12585.  0.57526E-04
 12590.  0.57541E-04
 12595.  0.56250E-04
 12600.  0.57933E-04
 12605.  0.61409E-04
 12610.  0.61249E-04
 12615.  0.57922E-04
 12620.  0.55526E-04
 12625.  0.55021E-04
 12630.  0.54896E-04
 12635.  0.55677E-04
 12640.  0.58155E-04
 12645.  0.58933E-04
 12650.  0.58357E-04
 12655.  0.59813E-04
 12660.  0.60683E-04
 12665.  0.58392E-04
 12670.  0.55618E-04
 12675.  0.54776E-04
 12680.  0.53885E-04
 12685.  0.51982E-04
 12690.  0.52099E-04
 12695.  0.53679E-04
 12700.  0.55494E-04
 12705.  0.55699E-04
 12710.  0.54923E-04
 12715.  0.55799E-04
 12720.  0.57521E-04
 12725.  0.56287E-04
 12730.  0.52674E-04
 12735.  0.50661E-04
 12740.  0.51103E-04
 12745.  0.52162E-04
 12750.  0.54030E-04
 12755.  0.57407E-04
 12760.  0.59136E-04
 12765.  0.57783E-04
 12770.  0.54930E-04
 12775.  0.52416E-04
 12780.  0.52017E-04
 12785.  0.54083E-04
 12790.  0.56174E-04
 12795.  0.56814E-04
 12800.  0.57230E-04
 12805.  0.57556E-04
 12810.  0.57464E-04
 12815.  0.55910E-04
 12820.  0.52479E-04
 12825.  0.51207E-04
 12830.  0.53257E-04
 12835.  0.55448E-04
 12840.  0.55769E-04
 12845.  0.55682E-04
 12850.  0.56365E-04
 12855.  0.57917E-04
 12860.  0.58594E-04
 12865.  0.57275E-04
 12870.  0.56154E-04
 12875.  0.56643E-04
 12880.  0.56835E-04
 12885.  0.56576E-04
 12890.  0.56796E-04
 12895.  0.56866E-04
 12900.  0.56352E-04
 12905.  0.56811E-04
 12910.  0.58614E-04
 12915.  0.60445E-04
 12920.  0.62198E-04
 12925.  0.61094E-04
 12930.  0.57040E-04
 12935.  0.55694E-04
 12940.  0.58255E-04
 12945.  0.60605E-04
 12950.  0.61916E-04
 12955.  0.63273E-04
 12960.  0.62473E-04
 12965.  0.59646E-04
 12970.  0.60122E-04
 12975.  0.62986E-04
 12980.  0.64397E-04
 12985.  0.64533E-04
 12990.  0.65340E-04
 12995.  0.66678E-04
 13000.  0.65959E-04
 13005.  0.62734E-04
 13010.  0.60956E-04
 13015.  0.61744E-04
 13020.  0.62180E-04
 13025.  0.63439E-04
 13030.  0.64001E-04
 13035.  0.61875E-04
 13040.  0.59372E-04
 13045.  0.59125E-04
 13050.  0.61744E-04
 13055.  0.65818E-04
 13060.  0.67375E-04
 13065.  0.66019E-04
 13070.  0.64956E-04
 13075.  0.62957E-04
 13080.  0.60288E-04
 13085.  0.60013E-04
 13090.  0.62178E-04
 13095.  0.62976E-04
 13100.  0.61478E-04
 13105.  0.61046E-04
 13110.  0.62991E-04
 13115.  0.64606E-04
 13120.  0.65140E-04
 13125.  0.64206E-04
 13130.  0.62561E-04
 13135.  0.61354E-04
 13140.  0.61663E-04
 13145.  0.62546E-04
 13150.  0.62724E-04
 13155.  0.63295E-04
 13160.  0.63702E-04
 13165.  0.63047E-04
 13170.  0.62519E-04
 13175.  0.62204E-04
 13180.  0.62807E-04
 13185.  0.64688E-04
 13190.  0.65848E-04
 13195.  0.64199E-04
 13200.  0.61636E-04
 13205.  0.61720E-04
 13210.  0.62983E-04
 13215.  0.63181E-04
 13220.  0.62697E-04
 13225.  0.62896E-04
 13230.  0.64434E-04
 13235.  0.65796E-04
 13240.  0.65938E-04
 13245.  0.65658E-04
 13250.  0.64832E-04
 13255.  0.64470E-04
 13260.  0.65148E-04
 13265.  0.65477E-04
 13270.  0.65023E-04
 13275.  0.64129E-04
 13280.  0.64250E-04
 13285.  0.65351E-04
 13290.  0.64969E-04
 13295.  0.63031E-04
 13300.  0.63014E-04
 13305.  0.64729E-04
 13310.  0.67014E-04
 13315.  0.69379E-04
 13320.  0.70052E-04
 13325.  0.68164E-04
 13330.  0.64794E-04
 13335.  0.62592E-04
 13340.  0.63623E-04
 13345.  0.65897E-04
 13350.  0.67069E-04
 13355.  0.67208E-04
 13360.  0.66856E-04
 13365.  0.66901E-04
 13370.  0.68301E-04
 13375.  0.70094E-04
 13380.  0.70180E-04
 13385.  0.69306E-04
 13390.  0.70367E-04
 13395.  0.71964E-04
 13400.  0.70770E-04
 13405.  0.68358E-04
 13410.  0.66936E-04
 13415.  0.66255E-04
 13420.  0.66497E-04
 13425.  0.67587E-04
 13430.  0.68503E-04
 13435.  0.68124E-04
 13440.  0.66866E-04
 13445.  0.66515E-04
 13450.  0.67175E-04
 13455.  0.68467E-04
 13460.  0.69030E-04
 13465.  0.68800E-04
 13470.  0.68300E-04
 13475.  0.66996E-04
 13480.  0.67183E-04
 13485.  0.69744E-04
 13490.  0.72458E-04
 13495.  0.72420E-04
 13500.  0.68570E-04
 13505.  0.66663E-04
 13510.  0.67284E-04
 13515.  0.68740E-04
 13520.  0.70373E-04
 13525.  0.70420E-04
 13530.  0.70467E-04
 13535.  0.70513E-04
 13540.  0.70560E-04
 13545.  0.70607E-04
 13550.  0.70654E-04
 13555.  0.70701E-04
 13560.  0.70748E-04
 13565.  0.70795E-04
 13570.  0.70842E-04
 13575.  0.70888E-04
 13580.  0.70935E-04
 13585.  0.70982E-04
 13590.  0.71029E-04
 13595.  0.71076E-04
 13600.  0.71123E-04
 13605.  0.71170E-04
 13610.  0.71216E-04
 13615.  0.71263E-04
 13620.  0.71310E-04
 13625.  0.71357E-04
 13630.  0.71404E-04
 13635.  0.71451E-04
 13640.  0.71498E-04
 13645.  0.71545E-04
 13650.  0.71591E-04
 13655.  0.71638E-04
 13660.  0.71685E-04
 13665.  0.71732E-04
 13670.  0.71779E-04
 13675.  0.71826E-04
 13680.  0.71873E-04
 13685.  0.71920E-04
 13690.  0.71966E-04
 13695.  0.72013E-04
 13700.  0.72060E-04
 13705.  0.72107E-04
 13710.  0.72154E-04
 13715.  0.72201E-04
 13720.  0.72248E-04
 13725.  0.72295E-04
 13730.  0.72341E-04
 13735.  0.72388E-04
 13740.  0.72435E-04
 13745.  0.72482E-04
 13750.  0.72529E-04
 13755.  0.72576E-04
 13760.  0.72623E-04
 13765.  0.72670E-04
 13770.  0.72716E-04
 13775.  0.72763E-04
 13780.  0.72810E-04
 13785.  0.72857E-04
 13790.  0.72904E-04
 13795.  0.72951E-04
 13800.  0.72998E-04
 13805.  0.73044E-04
 13810.  0.73091E-04
 13815.  0.73138E-04
 13820.  0.73185E-04
 13825.  0.73232E-04
 13830.  0.73279E-04
 13835.  0.73326E-04
 13840.  0.73373E-04
 13845.  0.73419E-04
 13850.  0.73466E-04
 13855.  0.73513E-04
 13860.  0.73560E-04
 13865.  0.73607E-04
 13870.  0.73654E-04
 13875.  0.73701E-04
 13880.  0.73748E-04
 13885.  0.73794E-04
 13890.  0.73841E-04
 13895.  0.73888E-04
 13900.  0.73935E-04
 13905.  0.73982E-04
 13910.  0.74029E-04
 13915.  0.74076E-04
 13920.  0.74123E-04
 13925.  0.73753E-04
 13930.  0.72543E-04
 13935.  0.71332E-04
 13940.  0.70122E-04
 13945.  0.68912E-04
 13950.  0.67701E-04
 13955.  0.66491E-04
 13960.  0.65281E-04
 13965.  0.64070E-04
 13970.  0.62860E-04
 13975.  0.61650E-04
 13980.  0.60440E-04
 13985.  0.59229E-04
 13990.  0.58019E-04
 13995.  0.56809E-04
 14000.  0.55598E-04
 14005.  0.54388E-04
 14010.  0.53178E-04
 14015.  0.51967E-04
 14020.  0.50757E-04
 14025.  0.49547E-04
 14030.  0.48336E-04
 14035.  0.47126E-04
 14040.  0.45916E-04
 14045.  0.44705E-04
 14050.  0.43495E-04
 14055.  0.42285E-04
 14060.  0.41074E-04
 14065.  0.40104E-04
 14070.  0.38698E-04
 14075.  0.37292E-04
 14080.  0.38505E-04
 14085.  0.43477E-04
 14090.  0.44003E-04
 14095.  0.40064E-04
 14100.  0.38333E-04
 14105.  0.38795E-04
 14110.  0.38959E-04
 14115.  0.36520E-04
 14120.  0.33037E-04
 14125.  0.31090E-04
 14130.  0.32256E-04
 14135.  0.35674E-04
 14140.  0.36541E-04
 14145.  0.31399E-04
 14150.  0.29553E-04
 14155.  0.33042E-04
 14160.  0.37376E-04
 14165.  0.38932E-04
 14170.  0.38238E-04
 14175.  0.36215E-04
 14180.  0.33222E-04
 14185.  0.32092E-04
 14190.  0.37536E-04
 14195.  0.44512E-04
 14200.  0.45472E-04
 14205.  0.42546E-04
 14210.  0.39045E-04
 14215.  0.36777E-04
 14220.  0.35804E-04
 14225.  0.36767E-04
 14230.  0.38410E-04
 14235.  0.37349E-04
 14240.  0.36144E-04
 14245.  0.37562E-04
 14250.  0.38018E-04
 14255.  0.36263E-04
 14260.  0.35007E-04
 14265.  0.34978E-04
 14270.  0.35836E-04
 14275.  0.38389E-04
 14280.  0.41902E-04
 14285.  0.43164E-04
 14290.  0.43026E-04
 14295.  0.40578E-04
 14300.  0.38416E-04
 14305.  0.37210E-04
 14310.  0.38208E-04
 14315.  0.39622E-04
 14320.  0.40155E-04
 14325.  0.40358E-04
 14330.  0.40229E-04
 14335.  0.39360E-04
 14340.  0.39879E-04
 14345.  0.42253E-04
 14350.  0.43172E-04
 14355.  0.42794E-04
 14360.  0.44404E-04
 14365.  0.47073E-04
 14370.  0.47316E-04
 14375.  0.45815E-04
 14380.  0.47986E-04
 14385.  0.50556E-04
 14390.  0.46929E-04
 14395.  0.40926E-04
 14400.  0.38999E-04
 14405.  0.40043E-04
 14410.  0.40324E-04
 14415.  0.39257E-04
 14420.  0.38958E-04
 14425.  0.39995E-04
 14430.  0.40678E-04
 14435.  0.40314E-04
 14440.  0.40193E-04
 14445.  0.40600E-04
 14450.  0.41677E-04
 14455.  0.43363E-04
 14460.  0.44553E-04
 14465.  0.45108E-04
 14470.  0.45901E-04
 14475.  0.46328E-04
 14480.  0.43116E-04
 14485.  0.38892E-04
 14490.  0.37375E-04
 14495.  0.38464E-04
 14500.  0.39364E-04
 14505.  0.38528E-04
 14510.  0.38638E-04
 14515.  0.40536E-04
 14520.  0.41605E-04
 14525.  0.38590E-04
 14530.  0.33321E-04
 14535.  0.30299E-04
 14540.  0.30479E-04
 14545.  0.31360E-04
 14550.  0.31526E-04
 14555.  0.31998E-04
 14560.  0.33524E-04
 14565.  0.34681E-04
 14570.  0.34604E-04
 14575.  0.33655E-04
 14580.  0.33248E-04
 14585.  0.33745E-04
 14590.  0.33358E-04
 14595.  0.31872E-04
 14600.  0.31413E-04
 14605.  0.33333E-04
 14610.  0.36311E-04
 14615.  0.37733E-04
 14620.  0.37282E-04
 14625.  0.35796E-04
 14630.  0.34766E-04
 14635.  0.35104E-04
 14640.  0.36972E-04
 14645.  0.38035E-04
 14650.  0.36246E-04
 14655.  0.33292E-04
 14660.  0.32738E-04
 14665.  0.35230E-04
 14670.  0.36659E-04
 14675.  0.35709E-04
 14680.  0.33867E-04
 14685.  0.33616E-04
 14690.  0.36060E-04
 14695.  0.38474E-04
 14700.  0.37718E-04
 14705.  0.34063E-04
 14710.  0.31950E-04
 14715.  0.34124E-04
 14720.  0.39047E-04
 14725.  0.43187E-04
 14730.  0.44306E-04
 14735.  0.43726E-04
 14740.  0.42220E-04
 14745.  0.40160E-04
 14750.  0.38835E-04
 14755.  0.39314E-04
 14760.  0.40097E-04
 14765.  0.39209E-04
 14770.  0.37301E-04
 14775.  0.37097E-04
 14780.  0.39615E-04
 14785.  0.42318E-04
 14790.  0.43969E-04
 14795.  0.44962E-04
 14800.  0.45403E-04
 14805.  0.45104E-04
 14810.  0.43586E-04
 14815.  0.41338E-04
 14820.  0.39288E-04
 14825.  0.38926E-04
 14830.  0.39740E-04
 14835.  0.40747E-04
 14840.  0.42793E-04
 14845.  0.46772E-04
 14850.  0.50919E-04
 14855.  0.52432E-04
 14860.  0.50018E-04
 14865.  0.46078E-04
 14870.  0.42486E-04
 14875.  0.39840E-04
 14880.  0.39265E-04
 14885.  0.41107E-04
 14890.  0.44013E-04
 14895.  0.44715E-04
 14900.  0.41999E-04
 14905.  0.38327E-04
 14910.  0.36796E-04
 14915.  0.38190E-04
 14920.  0.40960E-04
 14925.  0.43189E-04
 14930.  0.44128E-04
 14935.  0.43814E-04
 14940.  0.42619E-04
 14945.  0.41001E-04
 14950.  0.39782E-04
 14955.  0.40456E-04
 14960.  0.41752E-04
 14965.  0.41841E-04
 14970.  0.40549E-04
 14975.  0.39713E-04
 14980.  0.41130E-04
 14985.  0.44721E-04
 14990.  0.47855E-04
 14995.  0.47869E-04
 15000.  0.44995E-04
 15005.  0.42013E-04
 15010.  0.39780E-04
 15015.  0.38179E-04
 15020.  0.37425E-04
 15025.  0.37855E-04
 15030.  0.39264E-04
 15035.  0.41025E-04
 15040.  0.42083E-04
 15045.  0.41417E-04
 15050.  0.40011E-04
 15055.  0.39608E-04
 15060.  0.40529E-04
 15065.  0.41503E-04
 15070.  0.41193E-04
 15075.  0.40200E-04
 15080.  0.40224E-04
 15085.  0.40991E-04
 15090.  0.39905E-04
 15095.  0.37232E-04
 15100.  0.36335E-04
 15105.  0.38640E-04
 15110.  0.41616E-04
 15115.  0.42936E-04
 15120.  0.43177E-04
 15125.  0.42773E-04
 15130.  0.41141E-04
 15135.  0.39712E-04
 15140.  0.40692E-04
 15145.  0.44270E-04
 15150.  0.47869E-04
 15155.  0.48283E-04
 15160.  0.45276E-04
 15165.  0.41651E-04
 15170.  0.39697E-04
 15175.  0.39371E-04
 15180.  0.39352E-04
 15185.  0.39520E-04
 15190.  0.40124E-04
 15195.  0.40963E-04
 15200.  0.42555E-04
 15205.  0.44466E-04
 15210.  0.44938E-04
 15215.  0.43487E-04
 15220.  0.41871E-04
 15225.  0.42857E-04
 15230.  0.47142E-04
 15235.  0.50011E-04
 15240.  0.47371E-04
 15245.  0.42573E-04
 15250.  0.40275E-04
 15255.  0.40147E-04
 15260.  0.40967E-04
 15265.  0.42816E-04
 15270.  0.45214E-04
 15275.  0.46138E-04
 15280.  0.44958E-04
 15285.  0.44069E-04
 15290.  0.45137E-04
 15295.  0.47273E-04
 15300.  0.48511E-04
 15305.  0.47996E-04
 15310.  0.46461E-04
 15315.  0.45395E-04
 15320.  0.45080E-04
 15325.  0.44308E-04
 15330.  0.43010E-04
 15335.  0.42460E-04
 15340.  0.43234E-04
 15345.  0.44683E-04
 15350.  0.44963E-04
 15355.  0.44268E-04
 15360.  0.44581E-04
 15365.  0.46988E-04
 15370.  0.49413E-04
 15375.  0.48987E-04
 15380.  0.46210E-04
 15385.  0.44205E-04
 15390.  0.43933E-04
 15395.  0.44148E-04
 15400.  0.44291E-04
 15405.  0.44849E-04
 15410.  0.45804E-04
 15415.  0.46041E-04
 15420.  0.44989E-04
 15425.  0.43953E-04
 15430.  0.44281E-04
 15435.  0.45793E-04
 15440.  0.48223E-04
 15445.  0.49948E-04
 15450.  0.48841E-04
 15455.  0.45174E-04
 15460.  0.42106E-04
 15465.  0.42263E-04
 15470.  0.44889E-04
 15475.  0.47230E-04
 15480.  0.49333E-04
 15485.  0.49939E-04
 15490.  0.48910E-04
 15495.  0.46954E-04
 15500.  0.45375E-04
 15505.  0.44848E-04
 15510.  0.44671E-04
 15515.  0.44898E-04
 15520.  0.46609E-04
 15525.  0.48303E-04
 15530.  0.47904E-04
 15535.  0.46178E-04
 15540.  0.45422E-04
 15545.  0.46178E-04
 15550.  0.46945E-04
 15555.  0.46459E-04
 15560.  0.45980E-04
 15565.  0.46698E-04
 15570.  0.46666E-04
 15575.  0.44294E-04
 15580.  0.41401E-04
 15585.  0.40639E-04
 15590.  0.41988E-04
 15595.  0.43766E-04
 15600.  0.44564E-04
 15605.  0.43707E-04
 15610.  0.42010E-04
 15615.  0.41531E-04
 15620.  0.42983E-04
 15625.  0.44858E-04
 15630.  0.45380E-04
 15635.  0.44498E-04
 15640.  0.43903E-04
 15645.  0.45372E-04
 15650.  0.48514E-04
 15655.  0.50240E-04
 15660.  0.49153E-04
 15665.  0.47369E-04
 15670.  0.46993E-04
 15675.  0.47571E-04
 15680.  0.48898E-04
 15685.  0.51180E-04
 15690.  0.52985E-04
 15695.  0.51930E-04
 15700.  0.48101E-04
 15705.  0.44297E-04
 15710.  0.43045E-04
 15715.  0.45040E-04
 15720.  0.49235E-04
 15725.  0.52398E-04
 15730.  0.52734E-04
 15735.  0.51169E-04
 15740.  0.50001E-04
 15745.  0.50560E-04
 15750.  0.51690E-04
 15755.  0.51888E-04
 15760.  0.50460E-04
 15765.  0.46042E-04
 15770.  0.42361E-04
 15775.  0.40595E-04
 15780.  0.40854E-04
 15785.  0.41608E-04
 15790.  0.41478E-04
 15795.  0.41779E-04
 15800.  0.43701E-04
 15805.  0.45249E-04
 15810.  0.45265E-04
 15815.  0.46530E-04
 15820.  0.48605E-04
 15825.  0.49321E-04
 15830.  0.48116E-04
 15835.  0.46303E-04
 15840.  0.45304E-04
 15845.  0.46033E-04
 15850.  0.49242E-04
 15855.  0.52474E-04
 15860.  0.52573E-04
 15865.  0.50723E-04
 15870.  0.49927E-04
 15875.  0.50345E-04
 15880.  0.50101E-04
 15885.  0.48758E-04
 15890.  0.48508E-04
 15895.  0.50525E-04
 15900.  0.52808E-04
 15905.  0.53604E-04
 15910.  0.53104E-04
 15915.  0.51842E-04
 15920.  0.50812E-04
 15925.  0.50723E-04
 15930.  0.51241E-04
 15935.  0.50934E-04
 15940.  0.49882E-04
 15945.  0.50553E-04
 15950.  0.53022E-04
 15955.  0.54577E-04
 15960.  0.55205E-04
 15965.  0.56755E-04
 15970.  0.57349E-04
 15975.  0.53795E-04
 15980.  0.47484E-04
 15985.  0.44020E-04
 15990.  0.45159E-04
 15995.  0.46943E-04
 16000.  0.47188E-04
 16005.  0.47373E-04
 16010.  0.47870E-04
 16015.  0.47934E-04
 16020.  0.47675E-04
 16025.  0.48114E-04
 16030.  0.49528E-04
 16035.  0.51049E-04
 16040.  0.52741E-04
 16045.  0.54815E-04
 16050.  0.56655E-04
 16055.  0.56721E-04
 16060.  0.54832E-04
 16065.  0.52646E-04
 16070.  0.51902E-04
 16075.  0.52384E-04
 16080.  0.53091E-04
 16085.  0.53976E-04
 16090.  0.54880E-04
 16095.  0.55019E-04
 16100.  0.55400E-04
 16105.  0.57570E-04
 16110.  0.59048E-04
 16115.  0.58099E-04
 16120.  0.55301E-04
 16125.  0.54098E-04
 16130.  0.54854E-04
 16135.  0.56300E-04
 16140.  0.56166E-04
 16145.  0.54651E-04
 16150.  0.53666E-04
 16155.  0.55508E-04
 16160.  0.58609E-04
 16165.  0.61349E-04
 16170.  0.62080E-04
 16175.  0.60080E-04
 16180.  0.55440E-04
 16185.  0.49097E-04
 16190.  0.45479E-04
 16195.  0.45707E-04
 16200.  0.48430E-04
 16205.  0.50641E-04
 16210.  0.52072E-04
 16215.  0.53178E-04
 16220.  0.54345E-04
 16225.  0.56180E-04
 16230.  0.58081E-04
 16235.  0.57444E-04
 16240.  0.55506E-04
 16245.  0.53976E-04
 16250.  0.54105E-04
 16255.  0.54815E-04
 16260.  0.55185E-04
 16265.  0.54695E-04
 16270.  0.53906E-04
 16275.  0.53643E-04
 16280.  0.54403E-04
 16285.  0.55558E-04
 16290.  0.56571E-04
 16295.  0.56661E-04
 16300.  0.56326E-04
 16305.  0.57098E-04
 16310.  0.59912E-04
 16315.  0.61981E-04
 16320.  0.62269E-04
 16325.  0.61918E-04
 16330.  0.60831E-04
 16335.  0.59397E-04
 16340.  0.58341E-04
 16345.  0.58712E-04
 16350.  0.59592E-04
 16355.  0.60246E-04
 16360.  0.62277E-04
 16365.  0.64138E-04
 16370.  0.63454E-04
 16375.  0.59939E-04
 16380.  0.57244E-04
 16385.  0.57128E-04
 16390.  0.57485E-04
 16395.  0.56867E-04
 16400.  0.55387E-04
 16405.  0.54605E-04
 16410.  0.53579E-04
 16415.  0.52218E-04
 16420.  0.51783E-04
 16425.  0.52360E-04
 16430.  0.53170E-04
 16435.  0.53946E-04
 16440.  0.55156E-04
 16445.  0.56531E-04
 16450.  0.57575E-04
 16455.  0.58674E-04
 16460.  0.60080E-04
 16465.  0.60898E-04
 16470.  0.59469E-04
 16475.  0.57218E-04
 16480.  0.56367E-04
 16485.  0.57469E-04
 16490.  0.59090E-04
 16495.  0.59889E-04
 16500.  0.60293E-04
 16505.  0.60893E-04
 16510.  0.61761E-04
 16515.  0.62303E-04
 16520.  0.61653E-04
 16525.  0.59496E-04
 16530.  0.56458E-04
 16535.  0.54236E-04
 16540.  0.54187E-04
 16545.  0.56885E-04
 16550.  0.60647E-04
 16555.  0.63434E-04
 16560.  0.63922E-04
 16565.  0.64310E-04
 16570.  0.64693E-04
 16575.  0.63508E-04
 16580.  0.61298E-04
 16585.  0.59298E-04
 16590.  0.58697E-04
 16595.  0.58719E-04
 16600.  0.58783E-04
 16605.  0.58286E-04
 16610.  0.56021E-04
 16615.  0.53071E-04
 16620.  0.51594E-04
 16625.  0.52413E-04
 16630.  0.54345E-04
 16635.  0.56258E-04
 16640.  0.58316E-04
 16645.  0.60455E-04
 16650.  0.61906E-04
 16655.  0.61601E-04
 16660.  0.59813E-04
 16665.  0.57740E-04
 16670.  0.57695E-04
 16675.  0.59349E-04
 16680.  0.61327E-04
 16685.  0.61408E-04
 16690.  0.60291E-04
 16695.  0.59610E-04
 16700.  0.60535E-04
 16705.  0.61672E-04
 16710.  0.62876E-04
 16715.  0.63724E-04
 16720.  0.62808E-04
 16725.  0.60792E-04
 16730.  0.59652E-04
 16735.  0.60938E-04
 16740.  0.62865E-04
 16745.  0.62799E-04
 16750.  0.61380E-04
 16755.  0.60153E-04
 16760.  0.60393E-04
 16765.  0.61807E-04
 16770.  0.63663E-04
 16775.  0.65016E-04
 16780.  0.65244E-04
 16785.  0.64846E-04
 16790.  0.64106E-04
 16795.  0.63150E-04
 16800.  0.62388E-04
 16805.  0.62205E-04
 16810.  0.62423E-04
 16815.  0.63073E-04
 16820.  0.63913E-04
 16825.  0.64107E-04
 16830.  0.62630E-04
 16835.  0.59645E-04
 16840.  0.57889E-04
 16845.  0.57980E-04
 16850.  0.59221E-04
 16855.  0.59706E-04
 16860.  0.59292E-04
 16865.  0.58846E-04
 16870.  0.59924E-04
 16875.  0.61885E-04
 16880.  0.63486E-04
 16885.  0.63999E-04
 16890.  0.64024E-04
 16895.  0.63984E-04
 16900.  0.64359E-04
 16905.  0.64511E-04
 16910.  0.64200E-04
 16915.  0.63623E-04
 16920.  0.62782E-04
 16925.  0.61870E-04
 16930.  0.61268E-04
 16935.  0.60901E-04
 16940.  0.60867E-04
 16945.  0.60866E-04
 16950.  0.60172E-04
 16955.  0.59733E-04
 16960.  0.60420E-04
 16965.  0.62459E-04
 16970.  0.64194E-04
 16975.  0.65064E-04
 16980.  0.65726E-04
 16985.  0.65738E-04
 16990.  0.65135E-04
 16995.  0.64704E-04
 17000.  0.64386E-04
 17005.  0.64428E-04
 17010.  0.65226E-04
 17015.  0.66600E-04
 17020.  0.67850E-04
 17025.  0.67562E-04
 17030.  0.65953E-04
 17035.  0.64630E-04
 17040.  0.65127E-04
 17045.  0.66076E-04
 17050.  0.65676E-04
 17055.  0.62585E-04
 17060.  0.58194E-04
 17065.  0.55003E-04
 17070.  0.55291E-04
 17075.  0.57411E-04
 17080.  0.59611E-04
 17085.  0.61215E-04
 17090.  0.62707E-04
 17095.  0.64188E-04
 17100.  0.65052E-04
 17105.  0.64469E-04
 17110.  0.63232E-04
 17115.  0.62543E-04
 17120.  0.63402E-04
 17125.  0.64264E-04
 17130.  0.64474E-04
 17135.  0.64543E-04
 17140.  0.65542E-04
 17145.  0.67214E-04
 17150.  0.67744E-04
 17155.  0.66772E-04
 17160.  0.65110E-04
 17165.  0.64532E-04
 17170.  0.64221E-04
 17175.  0.63833E-04
 17180.  0.63593E-04
 17185.  0.63315E-04
 17190.  0.62856E-04
 17195.  0.62219E-04
 17200.  0.61999E-04
 17205.  0.62953E-04
 17210.  0.65136E-04
 17215.  0.66223E-04
 17220.  0.65805E-04
 17225.  0.64127E-04
 17230.  0.62767E-04
 17235.  0.62634E-04
 17240.  0.63957E-04
 17245.  0.65943E-04
 17250.  0.67602E-04
 17255.  0.67961E-04
 17260.  0.66365E-04
 17265.  0.64532E-04
 17270.  0.64196E-04
 17275.  0.65897E-04
 17280.  0.66897E-04
 17285.  0.65537E-04
 17290.  0.62582E-04
 17295.  0.60790E-04
 17300.  0.60948E-04
 17305.  0.61718E-04
 17310.  0.61675E-04
 17315.  0.61075E-04
 17320.  0.61119E-04
 17325.  0.62264E-04
 17330.  0.63768E-04
 17335.  0.64775E-04
 17340.  0.65271E-04
 17345.  0.65558E-04
 17350.  0.65891E-04
 17355.  0.66220E-04
 17360.  0.66957E-04
 17365.  0.68231E-04
 17370.  0.69212E-04
 17375.  0.69450E-04
 17380.  0.68574E-04
 17385.  0.66776E-04
 17390.  0.65340E-04
 17395.  0.65074E-04
 17400.  0.65690E-04
 17405.  0.66252E-04
 17410.  0.65981E-04
 17415.  0.65243E-04
 17420.  0.64874E-04
 17425.  0.65466E-04
 17430.  0.66909E-04
 17435.  0.68202E-04
 17440.  0.68323E-04
 17445.  0.67158E-04
 17450.  0.65586E-04
 17455.  0.64167E-04
 17460.  0.63861E-04
 17465.  0.64775E-04
 17470.  0.65949E-04
 17475.  0.66120E-04
 17480.  0.64969E-04
 17485.  0.66094E-04
 17490.  0.63913E-04
 17495.  0.67099E-04
 17500.  0.66443E-04
 17505.  0.64829E-04
 17510.  0.62152E-04
 17515.  0.59637E-04
 17520.  0.58516E-04
 17525.  0.58212E-04
 17530.  0.57915E-04
 17535.  0.57227E-04
 17540.  0.57284E-04
 17545.  0.57676E-04
 17550.  0.58357E-04
 17555.  0.58977E-04
 17560.  0.59565E-04
 17565.  0.59939E-04
 17570.  0.59958E-04
 17575.  0.60488E-04
 17580.  0.61399E-04
 17585.  0.61296E-04
 17590.  0.60314E-04
 17595.  0.58941E-04
 17600.  0.59009E-04
 17605.  0.59328E-04
 17610.  0.59813E-04
 17615.  0.60784E-04
 17620.  0.62224E-04
 17625.  0.63396E-04
 17630.  0.63110E-04
 17635.  0.62188E-04
 17640.  0.61459E-04
 17645.  0.61692E-04
 17650.  0.62201E-04
 17655.  0.62042E-04
 17660.  0.60226E-04
 17665.  0.55443E-04
 17670.  0.49454E-04
 17675.  0.44085E-04
 17680.  0.41935E-04
 17685.  0.41951E-04
 17690.  0.42886E-04
 17695.  0.42286E-04
 17700.  0.40908E-04
 17705.  0.39516E-04
 17710.  0.39816E-04
 17715.  0.40962E-04
 17720.  0.42224E-04
 17725.  0.42716E-04
 17730.  0.43261E-04
 17735.  0.44028E-04
 17740.  0.44859E-04
 17745.  0.44748E-04
 17750.  0.43649E-04
 17755.  0.41977E-04
 17760.  0.41010E-04
 17765.  0.40998E-04
 17770.  0.41541E-04
 17775.  0.41008E-04
 17780.  0.39312E-04
 17785.  0.36265E-04
 17790.  0.34459E-04
 17795.  0.34403E-04
 17800.  0.35830E-04
 17805.  0.37982E-04
 17810.  0.39925E-04
 17815.  0.41025E-04
 17820.  0.42228E-04
 17825.  0.43295E-04
 17830.  0.43811E-04
 17835.  0.42014E-04
 17840.  0.39271E-04
 17845.  0.37012E-04
 17850.  0.37736E-04
 17855.  0.39655E-04
 17860.  0.41439E-04
 17865.  0.41622E-04
 17870.  0.41533E-04
 17875.  0.41716E-04
 17880.  0.42305E-04
 17885.  0.43177E-04
 17890.  0.44002E-04
 17895.  0.44227E-04
 17900.  0.44122E-04
 17905.  0.43760E-04
 17910.  0.43930E-04
 17915.  0.44202E-04
 17920.  0.44105E-04
 17925.  0.43741E-04
 17930.  0.43356E-04
 17935.  0.43903E-04
 17940.  0.46085E-04
 17945.  0.48547E-04
 17950.  0.49849E-04
 17955.  0.49029E-04
 17960.  0.47294E-04
 17965.  0.45465E-04
 17970.  0.44504E-04
 17975.  0.44671E-04
 17980.  0.45487E-04
 17985.  0.46799E-04
 17990.  0.48280E-04
 17995.  0.49124E-04
 18000.  0.48869E-04
 18005.  0.47500E-04
 18010.  0.46314E-04
 18015.  0.46138E-04
 18020.  0.47625E-04
 18025.  0.50032E-04
 18030.  0.52618E-04
 18035.  0.54523E-04
 18040.  0.55975E-04
 18045.  0.56008E-04
 18050.  0.52426E-04
 18055.  0.45648E-04
 18060.  0.38901E-04
 18065.  0.37569E-04
 18070.  0.41127E-04
 18075.  0.46767E-04
 18080.  0.51432E-04
 18085.  0.54501E-04
 18090.  0.55762E-04
 18095.  0.55667E-04
 18100.  0.55383E-04
 18105.  0.55098E-04
 18110.  0.54814E-04
 18115.  0.54529E-04
 18120.  0.54245E-04
 18125.  0.53960E-04
 18130.  0.53676E-04
 18135.  0.53391E-04
 18140.  0.53107E-04
 18145.  0.52823E-04
 18150.  0.52538E-04
 18155.  0.52254E-04
 18160.  0.51969E-04
 18165.  0.51685E-04
 18170.  0.51400E-04
 18175.  0.51116E-04
 18180.  0.50831E-04
 18185.  0.50547E-04
 18190.  0.50262E-04
 18195.  0.49978E-04
 18200.  0.49693E-04
 18205.  0.49409E-04
 18210.  0.49124E-04
 18215.  0.48840E-04
 18220.  0.48555E-04
 18225.  0.48271E-04
 18230.  0.47986E-04
 18235.  0.47702E-04
 18240.  0.47417E-04
 18245.  0.47133E-04
 18250.  0.46849E-04
 18255.  0.46564E-04
 18260.  0.46280E-04
 18265.  0.45995E-04
 18270.  0.45711E-04
 18275.  0.45426E-04
 18280.  0.45142E-04
 18285.  0.44857E-04
 18290.  0.44573E-04
 18295.  0.44288E-04
 18300.  0.44004E-04
 18305.  0.44108E-04
 18310.  0.44229E-04
 18315.  0.44351E-04
 18320.  0.44472E-04
 18325.  0.44593E-04
 18330.  0.44714E-04
 18335.  0.44835E-04
 18340.  0.44956E-04
 18345.  0.45077E-04
 18350.  0.45198E-04
 18355.  0.45319E-04
 18360.  0.45440E-04
 18365.  0.45561E-04
 18370.  0.45682E-04
 18375.  0.45803E-04
 18380.  0.45924E-04
 18385.  0.46045E-04
 18390.  0.46166E-04
 18395.  0.46287E-04
 18400.  0.46408E-04
 18405.  0.46529E-04
 18410.  0.46650E-04
 18415.  0.46771E-04
 18420.  0.46892E-04
 18425.  0.47014E-04
 18430.  0.47135E-04
 18435.  0.47256E-04
 18440.  0.47377E-04
 18445.  0.47498E-04
 18450.  0.47619E-04
 18455.  0.47740E-04
 18460.  0.47861E-04
 18465.  0.47982E-04
 18470.  0.48103E-04
 18475.  0.48224E-04
 18480.  0.48345E-04
 18485.  0.48466E-04
 18490.  0.48587E-04
 18495.  0.48708E-04
 18500.  0.48829E-04
 18505.  0.48950E-04
 18510.  0.49071E-04
 18515.  0.49192E-04
 18520.  0.49313E-04
 18525.  0.49434E-04
 18530.  0.49555E-04
 18535.  0.49677E-04
 18540.  0.49798E-04
 18545.  0.49919E-04
 18550.  0.50040E-04
 18555.  0.50161E-04
 18560.  0.50282E-04
 18565.  0.50403E-04
 18570.  0.50524E-04
 18575.  0.50645E-04
 18580.  0.50766E-04
 18585.  0.50887E-04
 18590.  0.51008E-04
 18595.  0.51129E-04
 18600.  0.51250E-04
 18605.  0.51371E-04
 18610.  0.51492E-04
 18615.  0.51613E-04
 18620.  0.51734E-04
 18625.  0.51855E-04
 18630.  0.51976E-04
 18635.  0.52097E-04
 18640.  0.52218E-04
 18645.  0.52340E-04
 18650.  0.52461E-04
 18655.  0.52582E-04
 18660.  0.52703E-04
 18665.  0.52824E-04
 18670.  0.52945E-04
 18675.  0.53066E-04
 18680.  0.53187E-04
 18685.  0.53308E-04
 18690.  0.53429E-04
 18695.  0.53550E-04
 18700.  0.53671E-04
 18705.  0.53792E-04
 18710.  0.53913E-04
 18715.  0.54034E-04
 18720.  0.54155E-04
 18725.  0.54276E-04
 18730.  0.54397E-04
 18735.  0.54518E-04
 18740.  0.54639E-04
 18745.  0.54760E-04
 18750.  0.54881E-04
 18755.  0.54843E-04
 18760.  0.54836E-04
 18765.  0.54830E-04
 18770.  0.54823E-04
 18775.  0.54816E-04
 18780.  0.54809E-04
 18785.  0.54802E-04
 18790.  0.54795E-04
 18795.  0.54788E-04
 18800.  0.54781E-04
 18805.  0.54774E-04
 18810.  0.54767E-04
 18815.  0.54760E-04
 18820.  0.54754E-04
 18825.  0.54747E-04
 18830.  0.54740E-04
 18835.  0.54733E-04
 18840.  0.54726E-04
 18845.  0.54719E-04
 18850.  0.54712E-04
 18855.  0.54705E-04
 18860.  0.54698E-04
 18865.  0.54691E-04
 18870.  0.54684E-04
 18875.  0.54677E-04
 18880.  0.54671E-04
 18885.  0.54664E-04
 18890.  0.54657E-04
 18895.  0.54650E-04
 18900.  0.54643E-04
 18905.  0.54636E-04
 18910.  0.54629E-04
 18915.  0.54622E-04
 18920.  0.54615E-04
 18925.  0.54608E-04
 18930.  0.54601E-04
 18935.  0.54595E-04
 18940.  0.54588E-04
 18945.  0.54581E-04
 18950.  0.54574E-04
 18955.  0.54567E-04
 18960.  0.54560E-04
 18965.  0.54553E-04
 18970.  0.54546E-04
 18975.  0.54539E-04
 18980.  0.54532E-04
 18985.  0.54525E-04
 18990.  0.54519E-04
 18995.  0.54512E-04
 19000.  0.54505E-04
 19005.  0.54498E-04
 19010.  0.54491E-04
 19015.  0.54484E-04
 19020.  0.54477E-04
 19025.  0.54470E-04
 19030.  0.54463E-04
 19035.  0.54456E-04
 19040.  0.54449E-04
 19045.  0.54443E-04
 19050.  0.54436E-04
 19055.  0.54429E-04
 19060.  0.54422E-04
 19065.  0.54415E-04
 19070.  0.54408E-04
 19075.  0.54401E-04
 19080.  0.54394E-04
 19085.  0.54387E-04
 19090.  0.54380E-04
 19095.  0.54373E-04
 19100.  0.54367E-04
 19105.  0.54360E-04
 19110.  0.54353E-04
 19115.  0.54346E-04
 19120.  0.54339E-04
 19125.  0.54332E-04
 19130.  0.54325E-04
 19135.  0.54318E-04
 19140.  0.54311E-04
 19145.  0.54304E-04
 19150.  0.54297E-04
 19155.  0.54291E-04
 19160.  0.54284E-04
 19165.  0.54277E-04
 19170.  0.54270E-04
 19175.  0.54263E-04
 19180.  0.54256E-04
 19185.  0.54249E-04
 19190.  0.54242E-04
 19195.  0.54235E-04
 19200.  0.54228E-04
 19205.  0.54221E-04
 19210.  0.54214E-04
 19215.  0.54208E-04
 19220.  0.54201E-04
 19225.  0.54194E-04
 19230.  0.54187E-04
 19235.  0.54180E-04
 19240.  0.54173E-04
 19245.  0.54166E-04
 19250.  0.54159E-04
 19255.  0.54152E-04
 19260.  0.54145E-04
 19265.  0.54138E-04
 19270.  0.54132E-04
 19275.  0.54125E-04
 19280.  0.54118E-04
 19285.  0.54111E-04
 19290.  0.54104E-04
 19295.  0.54097E-04
 19300.  0.54090E-04
 19305.  0.54083E-04
 19310.  0.54076E-04
 19315.  0.54069E-04
 19320.  0.54062E-04
 19325.  0.54056E-04
 19330.  0.54049E-04
 19335.  0.53383E-04
 19340.  0.52159E-04
 19345.  0.51064E-04
 19350.  0.50043E-04
 19355.  0.49265E-04
 19360.  0.49188E-04
 19365.  0.49710E-04
 19370.  0.50467E-04
 19375.  0.51739E-04
 19380.  0.52769E-04
 19385.  0.53517E-04
 19390.  0.51586E-04
 19395.  0.49655E-04
 19400.  0.47907E-04
 19405.  0.44789E-04
 19410.  0.41612E-04
 19415.  0.39610E-04
 19420.  0.39549E-04
 19425.  0.40707E-04
 19430.  0.42636E-04
 19435.  0.44834E-04
 19440.  0.46894E-04
 19445.  0.48488E-04
 19450.  0.49493E-04
 19455.  0.50451E-04
 19460.  0.51429E-04
 19465.  0.52061E-04
 19470.  0.51451E-04
 19475.  0.50209E-04
 19480.  0.49221E-04
 19485.  0.48712E-04
 19490.  0.48293E-04
 19495.  0.47521E-04
 19500.  0.46563E-04
 19505.  0.45891E-04
 19510.  0.46143E-04
 19515.  0.47436E-04
 19520.  0.48605E-04
 19525.  0.48612E-04
 19530.  0.47316E-04
 19535.  0.45389E-04
 19540.  0.43461E-04
 19545.  0.42778E-04
 19550.  0.43637E-04
 19555.  0.45487E-04
 19560.  0.47313E-04
 19565.  0.48421E-04
 19570.  0.48984E-04
 19575.  0.49269E-04
 19580.  0.49128E-04
 19585.  0.48541E-04
 19590.  0.47532E-04
 19595.  0.46792E-04
 19600.  0.46527E-04
 19605.  0.46961E-04
 19610.  0.47629E-04
 19615.  0.48003E-04
 19620.  0.46913E-04
 19625.  0.44166E-04
 19630.  0.40810E-04
 19635.  0.38514E-04
 19640.  0.37954E-04
 19645.  0.38769E-04
 19650.  0.40494E-04
 19655.  0.42496E-04
 19660.  0.43848E-04
 19665.  0.43940E-04
 19670.  0.43445E-04
 19675.  0.43101E-04
 19680.  0.43581E-04
 19685.  0.44315E-04
 19690.  0.44767E-04
 19695.  0.44602E-04
 19700.  0.44188E-04
 19705.  0.43920E-04
 19710.  0.43916E-04
 19715.  0.43900E-04
 19720.  0.43406E-04
 19725.  0.42076E-04
 19730.  0.39762E-04
 19735.  0.37591E-04
 19740.  0.36307E-04
 19745.  0.36783E-04
 19750.  0.38428E-04
 19755.  0.40267E-04
 19760.  0.41247E-04
 19765.  0.40893E-04
 19770.  0.40020E-04
 19775.  0.39672E-04
 19780.  0.40247E-04
 19785.  0.41563E-04
 19790.  0.42774E-04
 19795.  0.42927E-04
 19800.  0.42430E-04
 19805.  0.41577E-04
 19810.  0.41078E-04
 19815.  0.40796E-04
 19820.  0.40725E-04
 19825.  0.41048E-04
 19830.  0.41613E-04
 19835.  0.42339E-04
 19840.  0.42813E-04
 19845.  0.42865E-04
 19850.  0.42379E-04
 19855.  0.41092E-04
 19860.  0.39322E-04
 19865.  0.37707E-04
 19870.  0.37386E-04
 19875.  0.38262E-04
 19880.  0.39692E-04
 19885.  0.40628E-04
 19890.  0.41034E-04
 19895.  0.41128E-04
 19900.  0.41305E-04
 19905.  0.41412E-04
 19910.  0.41279E-04
 19915.  0.40673E-04
 19920.  0.40067E-04
 19925.  0.39840E-04
 19930.  0.40432E-04
 19935.  0.41225E-04
 19940.  0.41486E-04
 19945.  0.40548E-04
 19950.  0.39524E-04
 19955.  0.39038E-04
 19960.  0.39619E-04
 19965.  0.40750E-04
 19970.  0.42131E-04
 19975.  0.43425E-04
 19980.  0.44531E-04
 19985.  0.45205E-04
 19990.  0.45113E-04
 19995.  0.44143E-04
 20000.  0.42710E-04
 20005.  0.41486E-04
 20010.  0.41324E-04
 20015.  0.41635E-04
 20020.  0.41650E-04
 20025.  0.40290E-04
 20030.  0.38770E-04
 20035.  0.38354E-04
 20040.  0.39715E-04
 20045.  0.41349E-04
 20050.  0.42345E-04
 20055.  0.41998E-04
 20060.  0.41473E-04
 20065.  0.41078E-04
 20070.  0.40688E-04
 20075.  0.40469E-04
 20080.  0.40338E-04
 20085.  0.40766E-04
 20090.  0.40531E-04
 20095.  0.39823E-04
 20100.  0.39058E-04
 20105.  0.39644E-04
 20110.  0.40998E-04
 20115.  0.42119E-04
 20120.  0.41619E-04
 20125.  0.40378E-04
 20130.  0.39376E-04
 20135.  0.39870E-04
 20140.  0.41292E-04
 20145.  0.42831E-04
 20150.  0.43113E-04
 20155.  0.42075E-04
 20160.  0.40345E-04
 20165.  0.39315E-04
 20170.  0.39444E-04
 20175.  0.40347E-04
 20180.  0.41044E-04
 20185.  0.41130E-04
 20190.  0.40628E-04
 20195.  0.39753E-04
 20200.  0.38387E-04
 20205.  0.36873E-04
 20210.  0.35620E-04
 20215.  0.35381E-04
 20220.  0.36024E-04
 20225.  0.37491E-04
 20230.  0.38939E-04
 20235.  0.39728E-04
 20240.  0.39521E-04
 20245.  0.38710E-04
 20250.  0.38031E-04
 20255.  0.38019E-04
 20260.  0.39061E-04
 20265.  0.40765E-04
 20270.  0.42431E-04
 20275.  0.42881E-04
 20280.  0.42236E-04
 20285.  0.41051E-04
 20290.  0.40628E-04
 20295.  0.41326E-04
 20300.  0.42934E-04
 20305.  0.44591E-04
 20310.  0.45040E-04
 20315.  0.44115E-04
 20320.  0.42115E-04
 20325.  0.40596E-04
 20330.  0.39957E-04
 20335.  0.40277E-04
 20340.  0.40904E-04
 20345.  0.41548E-04
 20350.  0.42054E-04
 20355.  0.42297E-04
 20360.  0.42214E-04
 20365.  0.41752E-04
 20370.  0.41273E-04
 20375.  0.41238E-04
 20380.  0.41972E-04
 20385.  0.43208E-04
 20390.  0.44148E-04
 20395.  0.44410E-04
 20400.  0.42354E-04
 20405.  0.40147E-04
 20410.  0.38783E-04
 20415.  0.38443E-04
 20420.  0.39237E-04
 20425.  0.40362E-04
 20430.  0.40369E-04
 20435.  0.38961E-04
 20440.  0.36568E-04
 20445.  0.34376E-04
 20450.  0.33472E-04
 20455.  0.34014E-04
 20460.  0.35540E-04
 20465.  0.37063E-04
 20470.  0.38292E-04
 20475.  0.39061E-04
 20480.  0.39435E-04
 20485.  0.39192E-04
 20490.  0.37994E-04
 20495.  0.36755E-04
 20500.  0.35984E-04
 20505.  0.36114E-04
 20510.  0.37087E-04
 20515.  0.38482E-04
 20520.  0.40060E-04
 20525.  0.41006E-04
 20530.  0.41017E-04
 20535.  0.39764E-04
 20540.  0.38318E-04
 20545.  0.37397E-04
 20550.  0.37153E-04
 20555.  0.36817E-04
 20560.  0.36227E-04
 20565.  0.35415E-04
 20570.  0.34845E-04
 20575.  0.34371E-04
 20580.  0.33869E-04
 20585.  0.33298E-04
 20590.  0.33346E-04
 20595.  0.34191E-04
 20600.  0.36023E-04
 20605.  0.37819E-04
 20610.  0.39189E-04
 20615.  0.39734E-04
 20620.  0.39838E-04
 20625.  0.39728E-04
 20630.  0.39354E-04
 20635.  0.38685E-04
 20640.  0.38060E-04
 20645.  0.37986E-04
 20650.  0.38486E-04
 20655.  0.39221E-04
 20660.  0.39713E-04
 20665.  0.39885E-04
 20670.  0.39839E-04
 20675.  0.39558E-04
 20680.  0.38469E-04
 20685.  0.36783E-04
 20690.  0.34860E-04
 20695.  0.33684E-04
 20700.  0.33467E-04
 20705.  0.34050E-04
 20710.  0.35082E-04
 20715.  0.36270E-04
 20720.  0.37284E-04
 20725.  0.37511E-04
 20730.  0.36891E-04
 20735.  0.35877E-04
 20740.  0.35363E-04
 20745.  0.35543E-04
 20750.  0.36096E-04
 20755.  0.36420E-04
 20760.  0.36556E-04
 20765.  0.36691E-04
 20770.  0.37178E-04
 20775.  0.37479E-04
 20780.  0.37227E-04
 20785.  0.36186E-04
 20790.  0.35219E-04
 20795.  0.34991E-04
 20800.  0.35955E-04
 20805.  0.37086E-04
 20810.  0.37910E-04
 20815.  0.38101E-04
 20820.  0.37875E-04
 20825.  0.37552E-04
 20830.  0.37093E-04
 20835.  0.36593E-04
 20840.  0.36388E-04
 20845.  0.36805E-04
 20850.  0.38222E-04
 20855.  0.39854E-04
 20860.  0.41091E-04
 20865.  0.41006E-04
 20870.  0.40201E-04
 20875.  0.39335E-04
 20880.  0.39109E-04
 20885.  0.39017E-04
 20890.  0.38468E-04
 20895.  0.36866E-04
 20900.  0.35600E-04
 20905.  0.35578E-04
 20910.  0.37353E-04
 20915.  0.39354E-04
 20920.  0.40756E-04
 20925.  0.41004E-04
 20930.  0.40571E-04
 20935.  0.39772E-04
 20940.  0.38757E-04
 20945.  0.37499E-04
 20950.  0.36239E-04
 20955.  0.35337E-04
 20960.  0.35451E-04
 20965.  0.36304E-04
 20970.  0.37596E-04
 20975.  0.38543E-04
 20980.  0.39162E-04
 20985.  0.39547E-04
 20990.  0.39954E-04
 20995.  0.39867E-04
 21000.  0.38929E-04
 21005.  0.36727E-04
 21010.  0.34821E-04
 21015.  0.34137E-04
 21020.  0.35398E-04
 21025.  0.37463E-04
 21030.  0.39469E-04
 21035.  0.39985E-04
 21040.  0.39510E-04
 21045.  0.38872E-04
 21050.  0.39031E-04
 21055.  0.39298E-04
 21060.  0.38961E-04
 21065.  0.37367E-04
 21070.  0.35180E-04
 21075.  0.33404E-04
 21080.  0.32931E-04
 21085.  0.33883E-04
 21090.  0.35513E-04
 21095.  0.37174E-04
 21100.  0.37940E-04
 21105.  0.37762E-04
 21110.  0.36803E-04
 21115.  0.35750E-04
 21120.  0.34904E-04
 21125.  0.34454E-04
 21130.  0.34594E-04
 21135.  0.34911E-04
 21140.  0.35167E-04
 21145.  0.35001E-04
 21150.  0.34669E-04
 21155.  0.34498E-04
 21160.  0.35157E-04
 21165.  0.36606E-04
 21170.  0.38383E-04
 21175.  0.39600E-04
 21180.  0.39709E-04
 21185.  0.38812E-04
 21190.  0.37171E-04
 21195.  0.35607E-04
 21200.  0.34682E-04
 21205.  0.35010E-04
 21210.  0.36284E-04
 21215.  0.38001E-04
 21220.  0.39534E-04
 21225.  0.40300E-04
 21230.  0.40285E-04
 21235.  0.39456E-04
 21240.  0.38147E-04
 21245.  0.37101E-04
 21250.  0.36818E-04
 21255.  0.37117E-04
 21260.  0.37538E-04
 21265.  0.37823E-04
 21270.  0.37903E-04
 21275.  0.37836E-04
 21280.  0.37576E-04
 21285.  0.37281E-04
 21290.  0.37289E-04
 21295.  0.37741E-04
 21300.  0.38246E-04
 21305.  0.38071E-04
 21310.  0.36867E-04
 21315.  0.34819E-04
 21320.  0.33109E-04
 21325.  0.32145E-04
 21330.  0.32007E-04
 21335.  0.32235E-04
 21340.  0.32643E-04
 21345.  0.33319E-04
 21350.  0.34574E-04
 21355.  0.36175E-04
 21360.  0.37792E-04
 21365.  0.38694E-04
 21370.  0.38740E-04
 21375.  0.37807E-04
 21380.  0.36359E-04
 21385.  0.34966E-04
 21390.  0.34083E-04
 21395.  0.34011E-04
 21400.  0.34496E-04
 21405.  0.35304E-04
 21410.  0.36115E-04
 21415.  0.36740E-04
 21420.  0.37109E-04
 21425.  0.37143E-04
 21430.  0.36842E-04
 21435.  0.36145E-04
 21440.  0.35110E-04
 21445.  0.33994E-04
 21450.  0.33043E-04
 21455.  0.32514E-04
 21460.  0.32435E-04
 21465.  0.32622E-04
 21470.  0.32826E-04
 21475.  0.32754E-04
 21480.  0.32428E-04
 21485.  0.32007E-04
 21490.  0.32169E-04
 21495.  0.32984E-04
 21500.  0.34406E-04
 21505.  0.35734E-04
 21510.  0.36524E-04
 21515.  0.36556E-04
 21520.  0.35882E-04
 21525.  0.34922E-04
 21530.  0.33987E-04
 21535.  0.33463E-04
 21540.  0.33332E-04
 21545.  0.33540E-04
 21550.  0.33812E-04
 21555.  0.34061E-04
 21560.  0.34331E-04
 21565.  0.35098E-04
 21570.  0.35917E-04
 21575.  0.36464E-04
 21580.  0.36000E-04
 21585.  0.34820E-04
 21590.  0.33427E-04
 21595.  0.32804E-04
 21600.  0.32844E-04
 21605.  0.33309E-04
 21610.  0.33856E-04
 21615.  0.34246E-04
 21620.  0.34447E-04
 21625.  0.34452E-04
 21630.  0.34373E-04
 21635.  0.34358E-04
 21640.  0.34580E-04
 21645.  0.35096E-04
 21650.  0.35695E-04
 21655.  0.36082E-04
 21660.  0.35789E-04
 21665.  0.34935E-04
 21670.  0.33710E-04
 21675.  0.33021E-04
 21680.  0.33023E-04
 21685.  0.33652E-04
 21690.  0.34166E-04
 21695.  0.34335E-04
 21700.  0.34169E-04
 21705.  0.34180E-04
 21710.  0.34568E-04
 21715.  0.35293E-04
 21720.  0.35790E-04
 21725.  0.35932E-04
 21730.  0.35751E-04
 21735.  0.35303E-04
 21740.  0.34763E-04
 21745.  0.34126E-04
 21750.  0.33592E-04
 21755.  0.33341E-04
 21760.  0.33317E-04
 21765.  0.33607E-04
 21770.  0.34002E-04
 21775.  0.34399E-04
 21780.  0.34539E-04
 21785.  0.34461E-04
 21790.  0.34306E-04
 21795.  0.34454E-04
 21800.  0.34747E-04
 21805.  0.34847E-04
 21810.  0.34476E-04
 21815.  0.33752E-04
 21820.  0.33237E-04
 21825.  0.33304E-04
 21830.  0.34135E-04
 21835.  0.35165E-04
 21840.  0.35903E-04
 21845.  0.36022E-04
 21850.  0.35670E-04
 21855.  0.35133E-04
 21860.  0.34570E-04
 21865.  0.34064E-04
 21870.  0.33660E-04
 21875.  0.33794E-04
 21880.  0.34591E-04
 21885.  0.35667E-04
 21890.  0.36357E-04
 21895.  0.36304E-04
 21900.  0.35804E-04
 21905.  0.35302E-04
 21910.  0.35284E-04
 21915.  0.35540E-04
 21920.  0.35749E-04
 21925.  0.35225E-04
 21930.  0.34147E-04
 21935.  0.32816E-04
 21940.  0.32319E-04
 21945.  0.32746E-04
 21950.  0.34103E-04
 21955.  0.35142E-04
 21960.  0.35616E-04
 21965.  0.35408E-04
 21970.  0.34967E-04
 21975.  0.34729E-04
 21980.  0.34926E-04
 21985.  0.35444E-04
 21990.  0.35702E-04
 21995.  0.35328E-04
 22000.  0.34010E-04
 22005.  0.32451E-04
 22010.  0.31132E-04
 22015.  0.30693E-04
 22020.  0.31155E-04
 22025.  0.32316E-04
 22030.  0.33816E-04
 22035.  0.34907E-04
 22040.  0.35252E-04
 22045.  0.34499E-04
 22050.  0.33131E-04
 22055.  0.31761E-04
 22060.  0.31071E-04
 22065.  0.31392E-04
 22070.  0.32369E-04
 22075.  0.33544E-04
 22080.  0.34189E-04
 22085.  0.34206E-04
 22090.  0.33671E-04
 22095.  0.33237E-04
 22100.  0.33352E-04
 22105.  0.34244E-04
 22110.  0.35552E-04
 22115.  0.36623E-04
 22120.  0.37074E-04
 22125.  0.36607E-04
 22130.  0.35612E-04
 22135.  0.34384E-04
 22140.  0.33616E-04
 22145.  0.33679E-04
 22150.  0.34612E-04
 22155.  0.36069E-04
 22160.  0.37169E-04
 22165.  0.37664E-04
 22170.  0.37603E-04
 22175.  0.37203E-04
 22180.  0.36572E-04
 22185.  0.35637E-04
 22190.  0.34593E-04
 22195.  0.33688E-04
 22200.  0.33125E-04
 22205.  0.33033E-04
 22210.  0.33431E-04
 22215.  0.34240E-04
 22220.  0.35053E-04
 22225.  0.35487E-04
 22230.  0.35483E-04
 22235.  0.35304E-04
 22240.  0.35283E-04
 22245.  0.35568E-04
 22250.  0.36089E-04
 22255.  0.36415E-04
 22260.  0.36195E-04
 22265.  0.35016E-04
 22270.  0.33299E-04
 22275.  0.31555E-04
 22280.  0.30677E-04
 22285.  0.30581E-04
 22290.  0.31029E-04
 22295.  0.31575E-04
 22300.  0.32087E-04
 22305.  0.32617E-04
 22310.  0.33420E-04
 22315.  0.34338E-04
 22320.  0.35299E-04
 22325.  0.36324E-04
 22330.  0.36976E-04
 22335.  0.37021E-04
 22340.  0.36103E-04
 22345.  0.34686E-04
 22350.  0.33326E-04
 22355.  0.32578E-04
 22360.  0.32521E-04
 22365.  0.32837E-04
 22370.  0.33212E-04
 22375.  0.33278E-04
 22380.  0.33075E-04
 22385.  0.32673E-04
 22390.  0.32293E-04
 22395.  0.32138E-04
 22400.  0.32207E-04
 22405.  0.32199E-04
 22410.  0.32011E-04
 22415.  0.31636E-04
 22420.  0.31257E-04
 22425.  0.31274E-04
 22430.  0.31695E-04
 22435.  0.31937E-04
 22440.  0.31887E-04
 22445.  0.31566E-04
 22450.  0.31293E-04
 22455.  0.31244E-04
 22460.  0.31458E-04
 22465.  0.31889E-04
 22470.  0.32418E-04
 22475.  0.32912E-04
 22480.  0.33251E-04
 22485.  0.33342E-04
 22490.  0.33276E-04
 22495.  0.33074E-04
 22500.  0.32799E-04
 22505.  0.32454E-04
 22510.  0.32098E-04
 22515.  0.31998E-04
 22520.  0.32187E-04
 22525.  0.32646E-04
 22530.  0.32949E-04
 22535.  0.33060E-04
 22540.  0.33015E-04
 22545.  0.33084E-04
 22550.  0.33101E-04
 22555.  0.32824E-04
 22560.  0.32011E-04
 22565.  0.31052E-04
 22570.  0.30304E-04
 22575.  0.30094E-04
 22580.  0.30182E-04
 22585.  0.30385E-04
 22590.  0.30683E-04
 22595.  0.31112E-04
 22600.  0.31621E-04
 22605.  0.31833E-04
 22610.  0.31628E-04
 22615.  0.31143E-04
 22620.  0.30695E-04
 22625.  0.30749E-04
 22630.  0.31144E-04
 22635.  0.31684E-04
 22640.  0.32044E-04
 22645.  0.32145E-04
 22650.  0.31801E-04
 22655.  0.31272E-04
 22660.  0.30943E-04
 22665.  0.31189E-04
 22670.  0.31747E-04
 22675.  0.32227E-04
 22680.  0.32409E-04
 22685.  0.32279E-04
 22690.  0.32044E-04
 22695.  0.31797E-04
 22700.  0.31726E-04
 22705.  0.31916E-04
 22710.  0.32313E-04
 22715.  0.32553E-04
 22720.  0.32556E-04
 22725.  0.32295E-04
 22730.  0.31928E-04
 22735.  0.31747E-04
 22740.  0.31823E-04
 22745.  0.32078E-04
 22750.  0.32136E-04
 22755.  0.32093E-04
 22760.  0.32212E-04
 22765.  0.32574E-04
 22770.  0.33008E-04
 22775.  0.33182E-04
 22780.  0.32889E-04
 22785.  0.32428E-04
 22790.  0.32068E-04
 22795.  0.32002E-04
 22800.  0.32102E-04
 22805.  0.32250E-04
 22810.  0.32359E-04
 22815.  0.32567E-04
 22820.  0.32916E-04
 22825.  0.33356E-04
 22830.  0.33680E-04
 22835.  0.33836E-04
 22840.  0.33712E-04
 22845.  0.33358E-04
 22850.  0.32886E-04
 22855.  0.32378E-04
 22860.  0.31890E-04
 22865.  0.31432E-04
 22870.  0.31150E-04
 22875.  0.31082E-04
 22880.  0.31236E-04
 22885.  0.31693E-04
 22890.  0.32300E-04
 22895.  0.32947E-04
 22900.  0.33335E-04
 22905.  0.33471E-04
 22910.  0.33278E-04
 22915.  0.32453E-04
 22920.  0.30624E-04
 22925.  0.27893E-04
 22930.  0.24471E-04
 22935.  0.21587E-04
 22940.  0.19791E-04
 22945.  0.19437E-04
 22950.  0.20093E-04
 22955.  0.21041E-04
 22960.  0.21932E-04
 22965.  0.22845E-04
 22970.  0.23748E-04
 22975.  0.24546E-04
 22980.  0.25117E-04
 22985.  0.25583E-04
 22990.  0.26149E-04
 22995.  0.26834E-04
 23000.  0.27332E-04
 23005.  0.27464E-04
 23010.  0.27048E-04
 23015.  0.26340E-04
 23020.  0.25566E-04
 23025.  0.25055E-04
 23030.  0.25103E-04
 23035.  0.25643E-04
 23040.  0.26512E-04
 23045.  0.27160E-04
 23050.  0.27479E-04
 23055.  0.27441E-04
 23060.  0.27237E-04
 23065.  0.26982E-04
 23070.  0.26763E-04
 23075.  0.26574E-04
 23080.  0.26466E-04
 23085.  0.26494E-04
 23090.  0.26693E-04
 23095.  0.26989E-04
 23100.  0.27315E-04
 23105.  0.27463E-04
 23110.  0.27393E-04
 23115.  0.27132E-04
 23120.  0.26983E-04
 23125.  0.27024E-04
 23130.  0.27282E-04
 23135.  0.27642E-04
 23140.  0.28001E-04
 23145.  0.28271E-04
 23150.  0.28172E-04
 23155.  0.27801E-04
 23160.  0.27240E-04
 23165.  0.26760E-04
 23170.  0.26524E-04
 23175.  0.26616E-04
 23180.  0.26948E-04
 23185.  0.27419E-04
 23190.  0.27921E-04
 23195.  0.28370E-04
 23200.  0.28394E-04
 23205.  0.27721E-04
 23210.  0.25876E-04
 23215.  0.23189E-04
 23220.  0.20388E-04
 23225.  0.18280E-04
 23230.  0.17613E-04
 23235.  0.17960E-04
 23240.  0.18974E-04
 23245.  0.20030E-04
 23250.  0.20887E-04
 23255.  0.21463E-04
 23260.  0.21826E-04
 23265.  0.22097E-04
 23270.  0.22332E-04
 23275.  0.22645E-04
 23280.  0.23047E-04
 23285.  0.23518E-04
 23290.  0.23895E-04
 23295.  0.24035E-04
 23300.  0.23949E-04
 23305.  0.23700E-04
 23310.  0.23406E-04
 23315.  0.23128E-04
 23320.  0.22918E-04
 23325.  0.22893E-04
 23330.  0.23032E-04
 23335.  0.23323E-04
 23340.  0.23674E-04
 23345.  0.24030E-04
 23350.  0.24355E-04
 23355.  0.24511E-04
 23360.  0.24553E-04
 23365.  0.24423E-04
 23370.  0.24228E-04
 23375.  0.24027E-04
 23380.  0.23944E-04
 23385.  0.23935E-04
 23390.  0.23908E-04
 23395.  0.23761E-04
 23400.  0.23617E-04
 23405.  0.23635E-04
 23410.  0.23963E-04
 23415.  0.24458E-04
 23420.  0.24880E-04
 23425.  0.25073E-04
 23430.  0.24840E-04
 23435.  0.24249E-04
 23440.  0.23415E-04
 23445.  0.22672E-04
 23450.  0.22369E-04
 23455.  0.22508E-04
 23460.  0.22921E-04
 23465.  0.23182E-04
 23470.  0.23150E-04
 23475.  0.22810E-04
 23480.  0.22347E-04
 23485.  0.21953E-04
 23490.  0.21861E-04
 23495.  0.22021E-04
 23500.  0.22107E-04
 23505.  0.21657E-04
 23510.  0.20608E-04
 23515.  0.19265E-04
 23520.  0.17921E-04
 23525.  0.17050E-04
 23530.  0.16741E-04
 23535.  0.17046E-04
 23540.  0.17686E-04
 23545.  0.18418E-04
 23550.  0.19147E-04
 23555.  0.19808E-04
 23560.  0.20334E-04
 23565.  0.20666E-04
 23570.  0.20736E-04
 23575.  0.20684E-04
 23580.  0.20605E-04
 23585.  0.20621E-04
 23590.  0.20723E-04
 23595.  0.20931E-04
 23600.  0.21405E-04
 23605.  0.22019E-04
 23610.  0.22552E-04
 23615.  0.22651E-04
 23620.  0.22176E-04
 23625.  0.21467E-04
 23630.  0.21108E-04
 23635.  0.21075E-04
 23640.  0.21154E-04
 23645.  0.21124E-04
 23650.  0.21089E-04
 23655.  0.21135E-04
 23660.  0.21343E-04
 23665.  0.21728E-04
 23670.  0.22287E-04
 23675.  0.22976E-04
 23680.  0.23632E-04
 23685.  0.23969E-04
 23690.  0.23842E-04
 23695.  0.23681E-04
 23700.  0.23761E-04
 23705.  0.24129E-04
 23710.  0.24319E-04
 23715.  0.23917E-04
 23720.  0.22904E-04
 23725.  0.21936E-04
 23730.  0.21294E-04
 23735.  0.20975E-04
 23740.  0.20702E-04
 23745.  0.20617E-04
 23750.  0.20827E-04
 23755.  0.21441E-04
 23760.  0.22007E-04
 23765.  0.22241E-04
 23770.  0.21834E-04
 23775.  0.21440E-04
 23780.  0.21363E-04
 23785.  0.21787E-04
 23790.  0.22337E-04
 23795.  0.22653E-04
 23800.  0.22403E-04
 23805.  0.21781E-04
 23810.  0.21068E-04
 23815.  0.20329E-04
 23820.  0.19534E-04
 23825.  0.18748E-04
 23830.  0.18133E-04
 23835.  0.18109E-04
 23840.  0.18581E-04
 23845.  0.19181E-04
 23850.  0.19588E-04
 23855.  0.19734E-04
 23860.  0.19780E-04
 23865.  0.19908E-04
 23870.  0.20188E-04
 23875.  0.20493E-04
 23880.  0.20750E-04
 23885.  0.20960E-04
 23890.  0.21134E-04
 23895.  0.21235E-04
 23900.  0.21167E-04
 23905.  0.20977E-04
 23910.  0.20753E-04
 23915.  0.20702E-04
 23920.  0.20931E-04
 23925.  0.21452E-04
 23930.  0.21793E-04
 23935.  0.21640E-04
 23940.  0.21056E-04
 23945.  0.20551E-04
 23950.  0.20540E-04
 23955.  0.21174E-04
 23960.  0.21947E-04
 23965.  0.22405E-04
 23970.  0.22535E-04
 23975.  0.22552E-04
 23980.  0.22658E-04
 23985.  0.22825E-04
 23990.  0.22753E-04
 23995.  0.22492E-04
 24000.  0.22240E-04
 24005.  0.22332E-04
 24010.  0.22796E-04
 24015.  0.23450E-04
 24020.  0.23808E-04
 24025.  0.23769E-04
 24030.  0.23344E-04
 24035.  0.22612E-04
 24040.  0.21907E-04
 24045.  0.21373E-04
 24050.  0.21170E-04
 24055.  0.21032E-04
 24060.  0.20859E-04
 24065.  0.20622E-04
 24070.  0.20484E-04
 24075.  0.20501E-04
 24080.  0.20669E-04
 24085.  0.20839E-04
 24090.  0.20852E-04
 24095.  0.20688E-04
 24100.  0.20512E-04
 24105.  0.20578E-04
 24110.  0.20995E-04
 24115.  0.21253E-04
 24120.  0.20974E-04
 24125.  0.20040E-04
 24130.  0.18766E-04
 24135.  0.17788E-04
 24140.  0.17382E-04
 24145.  0.17447E-04
 24150.  0.17563E-04
 24155.  0.17663E-04
 24160.  0.17720E-04
 24165.  0.17903E-04
 24170.  0.18173E-04
 24175.  0.18353E-04
 24180.  0.18419E-04
 24185.  0.18532E-04
 24190.  0.18867E-04
 24195.  0.19427E-04
 24200.  0.20047E-04
 24205.  0.20588E-04
 24210.  0.20797E-04
 24215.  0.20708E-04
 24220.  0.20360E-04
 24225.  0.20139E-04
 24230.  0.20159E-04
 24235.  0.20447E-04
 24240.  0.20664E-04
 24245.  0.20707E-04
 24250.  0.20597E-04
 24255.  0.20690E-04
 24260.  0.20937E-04
 24265.  0.21178E-04
 24270.  0.21112E-04
 24275.  0.20867E-04
 24280.  0.20590E-04
 24285.  0.20653E-04
 24290.  0.20787E-04
 24295.  0.20811E-04
 24300.  0.20722E-04
 24305.  0.20714E-04
 24310.  0.20849E-04
 24315.  0.21077E-04
 24320.  0.21100E-04
 24325.  0.20800E-04
 24330.  0.20255E-04
 24335.  0.19777E-04
 24340.  0.19448E-04
 24345.  0.19394E-04
 24350.  0.19558E-04
 24355.  0.19791E-04
 24360.  0.19714E-04
 24365.  0.19263E-04
 24370.  0.18802E-04
 24375.  0.18655E-04
 24380.  0.18757E-04
 24385.  0.18888E-04
 24390.  0.19003E-04
 24395.  0.19037E-04
 24400.  0.19037E-04
 24405.  0.19062E-04
 24410.  0.19305E-04
 24415.  0.19748E-04
 24420.  0.20306E-04
 24425.  0.20608E-04
 24430.  0.20422E-04
 24435.  0.19739E-04
 24440.  0.18904E-04
 24445.  0.18391E-04
 24450.  0.18257E-04
 24455.  0.18261E-04
 24460.  0.18094E-04
 24465.  0.17822E-04
 24470.  0.17901E-04
 24475.  0.18246E-04
 24480.  0.18792E-04
 24485.  0.19239E-04
 24490.  0.19363E-04
 24495.  0.19271E-04
 24500.  0.19270E-04
 24505.  0.19465E-04
 24510.  0.19892E-04
 24515.  0.20348E-04
 24520.  0.20578E-04
 24525.  0.20581E-04
 24530.  0.20478E-04
 24535.  0.20354E-04
 24540.  0.20251E-04
 24545.  0.20109E-04
 24550.  0.19968E-04
 24555.  0.19885E-04
 24560.  0.19954E-04
 24565.  0.20163E-04
 24570.  0.20502E-04
 24575.  0.20874E-04
 24580.  0.21163E-04
 24585.  0.21249E-04
 24590.  0.21158E-04
 24595.  0.20897E-04
 24600.  0.20715E-04
 24605.  0.20530E-04
 24610.  0.20355E-04
 24615.  0.20128E-04
 24620.  0.19967E-04
 24625.  0.19993E-04
 24630.  0.20041E-04
 24635.  0.19961E-04
 24640.  0.19755E-04
 24645.  0.19708E-04
 24650.  0.19870E-04
 24655.  0.20224E-04
 24660.  0.20600E-04
 24665.  0.20859E-04
 24670.  0.20940E-04
 24675.  0.20907E-04
 24680.  0.20813E-04
 24685.  0.20657E-04
 24690.  0.20399E-04
 24695.  0.20081E-04
 24700.  0.19719E-04
 24705.  0.19668E-04
 24710.  0.20126E-04
 24715.  0.21189E-04
 24720.  0.21372E-04
 24725.  0.21068E-04
 24730.  0.20059E-04
 24735.  0.19256E-04
 24740.  0.18390E-04
 24745.  0.17679E-04
 24750.  0.17273E-04
 24755.  0.17236E-04
 24760.  0.17412E-04
 24765.  0.17642E-04
 24770.  0.17575E-04
 24775.  0.17171E-04
 24780.  0.16316E-04
 24785.  0.15575E-04
 24790.  0.15241E-04
 24795.  0.15690E-04
 24800.  0.16666E-04
 24805.  0.17560E-04
 24810.  0.17830E-04
 24815.  0.17693E-04
 24820.  0.17658E-04
 24825.  0.18030E-04
 24830.  0.18364E-04
 24835.  0.18378E-04
 24840.  0.18060E-04
 24845.  0.17856E-04
 24850.  0.17772E-04
 24855.  0.17857E-04
 24860.  0.17937E-04
 24865.  0.18244E-04
 24870.  0.18851E-04
 24875.  0.19619E-04
 24880.  0.20191E-04
 24885.  0.20104E-04
 24890.  0.17964E-04
 24895.  0.16532E-04
 24900.  0.14534E-04
