  5100.  0.10123E-06
  5105.  0.10489E-06
  5110.  0.10726E-06
  5115.  0.10845E-06
  5120.  0.10862E-06
  5125.  0.10876E-06
  5130.  0.11358E-06
  5135.  0.11803E-06
  5140.  0.12224E-06
  5145.  0.12778E-06
  5150.  0.13482E-06
  5155.  0.14188E-06
  5160.  0.14983E-06
  5165.  0.15930E-06
  5170.  0.16836E-06
  5175.  0.17596E-06
  5180.  0.18194E-06
  5185.  0.18530E-06
  5190.  0.18789E-06
  5195.  0.19082E-06
  5200.  0.19300E-06
  5205.  0.19382E-06
  5210.  0.19495E-06
  5215.  0.19682E-06
  5220.  0.19901E-06
  5225.  0.20278E-06
  5230.  0.20853E-06
  5235.  0.21474E-06
  5240.  0.22138E-06
  5245.  0.22911E-06
  5250.  0.23650E-06
  5255.  0.24298E-06
  5260.  0.24900E-06
  5265.  0.25482E-06
  5270.  0.26096E-06
  5275.  0.26769E-06
  5280.  0.27453E-06
  5285.  0.28027E-06
  5290.  0.28518E-06
  5295.  0.29131E-06
  5300.  0.29789E-06
  5305.  0.30153E-06
  5310.  0.30341E-06
  5315.  0.30725E-06
  5320.  0.31317E-06
  5325.  0.32063E-06
  5330.  0.32903E-06
  5335.  0.33777E-06
  5340.  0.34495E-06
  5345.  0.34860E-06
  5350.  0.35156E-06
  5355.  0.35710E-06
  5360.  0.36283E-06
  5365.  0.36674E-06
  5370.  0.36888E-06
  5375.  0.36835E-06
  5380.  0.36820E-06
  5385.  0.37054E-06
  5390.  0.37267E-06
  5395.  0.37337E-06
  5400.  0.37386E-06
  5405.  0.37531E-06
  5410.  0.37752E-06
  5415.  0.38036E-06
  5420.  0.38413E-06
  5425.  0.38700E-06
  5430.  0.38655E-06
  5435.  0.38438E-06
  5440.  0.38284E-06
  5445.  0.38214E-06
  5450.  0.38111E-06
  5455.  0.37848E-06
  5460.  0.37599E-06
  5465.  0.37639E-06
  5470.  0.37975E-06
  5475.  0.38198E-06
  5480.  0.38300E-06
  5485.  0.38524E-06
  5490.  0.38982E-06
  5495.  0.39586E-06
  5500.  0.40125E-06
  5505.  0.40512E-06
  5510.  0.40855E-06
  5515.  0.41254E-06
  5520.  0.41738E-06
  5525.  0.42244E-06
  5530.  0.42690E-06
  5535.  0.43171E-06
  5540.  0.43752E-06
  5545.  0.44428E-06
  5550.  0.45161E-06
  5555.  0.45809E-06
  5560.  0.46324E-06
  5565.  0.46815E-06
  5570.  0.47343E-06
  5575.  0.47995E-06
  5580.  0.48841E-06
  5585.  0.49936E-06
  5590.  0.51026E-06
  5595.  0.51977E-06
  5600.  0.52839E-06
  5605.  0.53583E-06
  5610.  0.54234E-06
  5615.  0.54829E-06
  5620.  0.55810E-06
  5625.  0.57768E-06
  5630.  0.61051E-06
  5635.  0.65541E-06
  5640.  0.71273E-06
  5645.  0.78117E-06
  5650.  0.85616E-06
  5655.  0.93024E-06
  5660.  0.99810E-06
  5665.  0.10595E-05
  5670.  0.11103E-05
  5675.  0.11520E-05
  5680.  0.11849E-05
  5685.  0.12122E-05
  5690.  0.12364E-05
  5695.  0.12565E-05
  5700.  0.12708E-05
  5705.  0.12811E-05
  5710.  0.12860E-05
  5715.  0.12787E-05
  5720.  0.12573E-05
  5725.  0.12313E-05
  5730.  0.12028E-05
  5735.  0.11702E-05
  5740.  0.11366E-05
  5745.  0.11103E-05
  5750.  0.10921E-05
  5755.  0.10829E-05
  5760.  0.10817E-05
  5765.  0.10894E-05
  5770.  0.11041E-05
  5775.  0.11232E-05
  5780.  0.11469E-05
  5785.  0.11767E-05
  5790.  0.12081E-05
  5795.  0.12385E-05
  5800.  0.12682E-05
  5805.  0.12984E-05
  5810.  0.13303E-05
  5815.  0.13609E-05
  5820.  0.13852E-05
  5825.  0.14027E-05
  5830.  0.14135E-05
  5835.  0.14172E-05
  5840.  0.14140E-05
  5845.  0.14024E-05
  5850.  0.13780E-05
  5855.  0.13415E-05
  5860.  0.12928E-05
  5865.  0.12380E-05
  5870.  0.11767E-05
  5875.  0.11105E-05
  5880.  0.10370E-05
  5885.  0.96499E-06
  5890.  0.90664E-06
  5895.  0.86613E-06
  5900.  0.85151E-06
  5905.  0.86107E-06
  5910.  0.89905E-06
  5915.  0.95304E-06
  5920.  0.10178E-05
  5925.  0.10807E-05
  5930.  0.11363E-05
  5935.  0.11810E-05
  5940.  0.12192E-05
  5945.  0.12578E-05
  5950.  0.12947E-05
  5955.  0.13254E-05
  5960.  0.13531E-05
  5965.  0.13781E-05
  5970.  0.13968E-05
  5975.  0.14028E-05
  5980.  0.14000E-05
  5985.  0.13897E-05
  5990.  0.13754E-05
  5995.  0.13579E-05
  6000.  0.13402E-05
  6005.  0.13252E-05
  6010.  0.13181E-05
  6015.  0.13222E-05
  6020.  0.13341E-05
  6025.  0.13517E-05
  6030.  0.13742E-05
  6035.  0.13991E-05
  6040.  0.14247E-05
  6045.  0.14526E-05
  6050.  0.14820E-05
  6055.  0.15146E-05
  6060.  0.15575E-05
  6065.  0.16075E-05
  6070.  0.16616E-05
  6075.  0.17132E-05
  6080.  0.17537E-05
  6085.  0.17794E-05
  6090.  0.17879E-05
  6095.  0.17844E-05
  6100.  0.17669E-05
  6105.  0.17429E-05
  6110.  0.17219E-05
  6115.  0.17131E-05
  6120.  0.17167E-05
  6125.  0.17327E-05
  6130.  0.17577E-05
  6135.  0.17840E-05
  6140.  0.18083E-05
  6145.  0.18240E-05
  6150.  0.18319E-05
  6155.  0.18336E-05
  6160.  0.18334E-05
  6165.  0.18307E-05
  6170.  0.18265E-05
  6175.  0.18269E-05
  6180.  0.18325E-05
  6185.  0.18416E-05
  6190.  0.18580E-05
  6195.  0.18855E-05
  6200.  0.19179E-05
  6205.  0.19514E-05
  6210.  0.19744E-05
  6215.  0.19842E-05
  6220.  0.19919E-05
  6225.  0.20050E-05
  6230.  0.20267E-05
  6235.  0.20516E-05
  6240.  0.20738E-05
  6245.  0.20927E-05
  6250.  0.21101E-05
  6255.  0.21246E-05
  6260.  0.21316E-05
  6265.  0.21374E-05
  6270.  0.21490E-05
  6275.  0.21718E-05
  6280.  0.22074E-05
  6285.  0.22440E-05
  6290.  0.22756E-05
  6295.  0.23032E-05
  6300.  0.23274E-05
  6305.  0.23468E-05
  6310.  0.23613E-05
  6315.  0.23767E-05
  6320.  0.23892E-05
  6325.  0.23865E-05
  6330.  0.23712E-05
  6335.  0.23456E-05
  6340.  0.23153E-05
  6345.  0.22851E-05
  6350.  0.22584E-05
  6355.  0.22401E-05
  6360.  0.22337E-05
  6365.  0.22411E-05
  6370.  0.22565E-05
  6375.  0.22803E-05
  6380.  0.23097E-05
  6385.  0.23454E-05
  6390.  0.23797E-05
  6395.  0.24109E-05
  6400.  0.24424E-05
  6405.  0.24699E-05
  6410.  0.24875E-05
  6415.  0.24987E-05
  6420.  0.25091E-05
  6425.  0.25188E-05
  6430.  0.25312E-05
  6435.  0.25507E-05
  6440.  0.25745E-05
  6445.  0.25922E-05
  6450.  0.26002E-05
  6455.  0.26057E-05
  6460.  0.26076E-05
  6465.  0.26054E-05
  6470.  0.26020E-05
  6475.  0.25941E-05
  6480.  0.25782E-05
  6485.  0.25600E-05
  6490.  0.25398E-05
  6495.  0.25165E-05
  6500.  0.24960E-05
  6505.  0.24924E-05
  6510.  0.25113E-05
  6515.  0.25557E-05
  6520.  0.26124E-05
  6525.  0.26745E-05
  6530.  0.27363E-05
  6535.  0.27918E-05
  6540.  0.28423E-05
  6545.  0.28859E-05
  6550.  0.29205E-05
  6555.  0.29407E-05
  6560.  0.29554E-05
  6565.  0.29683E-05
  6570.  0.29718E-05
  6575.  0.29670E-05
  6580.  0.29725E-05
  6585.  0.29945E-05
  6590.  0.30317E-05
  6595.  0.30837E-05
  6600.  0.31443E-05
  6605.  0.32054E-05
  6610.  0.32648E-05
  6615.  0.33145E-05
  6620.  0.33397E-05
  6625.  0.33442E-05
  6630.  0.33258E-05
  6635.  0.32943E-05
  6640.  0.32510E-05
  6645.  0.32058E-05
  6650.  0.31640E-05
  6655.  0.31293E-05
  6660.  0.31122E-05
  6665.  0.31217E-05
  6670.  0.31581E-05
  6675.  0.32090E-05
  6680.  0.32721E-05
  6685.  0.33523E-05
  6690.  0.34480E-05
  6695.  0.35450E-05
  6700.  0.36329E-05
  6705.  0.37048E-05
  6710.  0.37648E-05
  6715.  0.38187E-05
  6720.  0.38675E-05
  6725.  0.39066E-05
  6730.  0.39347E-05
  6735.  0.39503E-05
  6740.  0.39659E-05
  6745.  0.39871E-05
  6750.  0.40204E-05
  6755.  0.40691E-05
  6760.  0.41296E-05
  6765.  0.41963E-05
  6770.  0.42648E-05
  6775.  0.43280E-05
  6780.  0.43672E-05
  6785.  0.43863E-05
  6790.  0.43845E-05
  6795.  0.43678E-05
  6800.  0.43461E-05
  6805.  0.43247E-05
  6810.  0.43052E-05
  6815.  0.42896E-05
  6820.  0.42854E-05
  6825.  0.42904E-05
  6830.  0.43084E-05
  6835.  0.43465E-05
  6840.  0.44035E-05
  6845.  0.44714E-05
  6850.  0.45614E-05
  6855.  0.46798E-05
  6860.  0.48257E-05
  6865.  0.49910E-05
  6870.  0.51573E-05
  6875.  0.53038E-05
  6880.  0.53957E-05
  6885.  0.54149E-05
  6890.  0.53627E-05
  6895.  0.52501E-05
  6900.  0.50982E-05
  6905.  0.48983E-05
  6910.  0.46700E-05
  6915.  0.44285E-05
  6920.  0.41935E-05
  6925.  0.39751E-05
  6930.  0.37812E-05
  6935.  0.36118E-05
  6940.  0.34600E-05
  6945.  0.33312E-05
  6950.  0.32359E-05
  6955.  0.31755E-05
  6960.  0.31594E-05
  6965.  0.31793E-05
  6970.  0.32233E-05
  6975.  0.32736E-05
  6980.  0.33144E-05
  6985.  0.33493E-05
  6990.  0.33768E-05
  6995.  0.34081E-05
  7000.  0.34528E-05
  7005.  0.35117E-05
  7010.  0.35890E-05
  7015.  0.36856E-05
  7020.  0.38043E-05
  7025.  0.39353E-05
  7030.  0.40759E-05
  7035.  0.42078E-05
  7040.  0.43228E-05
  7045.  0.44160E-05
  7050.  0.44744E-05
  7055.  0.44799E-05
  7060.  0.44449E-05
  7065.  0.43602E-05
  7070.  0.42284E-05
  7075.  0.40518E-05
  7080.  0.38654E-05
  7085.  0.36848E-05
  7090.  0.35226E-05
  7095.  0.33943E-05
  7100.  0.32959E-05
  7105.  0.32294E-05
  7110.  0.31825E-05
  7115.  0.31525E-05
  7120.  0.31459E-05
  7125.  0.31652E-05
  7130.  0.32148E-05
  7135.  0.32873E-05
  7140.  0.33676E-05
  7145.  0.34487E-05
  7150.  0.35256E-05
  7155.  0.36140E-05
  7160.  0.37117E-05
  7165.  0.38157E-05
  7170.  0.39236E-05
  7175.  0.40370E-05
  7180.  0.41530E-05
  7185.  0.42622E-05
  7190.  0.43559E-05
  7195.  0.44282E-05
  7200.  0.44888E-05
  7205.  0.45609E-05
  7210.  0.46427E-05
  7215.  0.47160E-05
  7220.  0.47802E-05
  7225.  0.48015E-05
  7230.  0.47904E-05
  7235.  0.47351E-05
  7240.  0.46561E-05
  7245.  0.45600E-05
  7250.  0.44516E-05
  7255.  0.43543E-05
  7260.  0.42720E-05
  7265.  0.42076E-05
  7270.  0.41493E-05
  7275.  0.41049E-05
  7280.  0.40808E-05
  7285.  0.40757E-05
  7290.  0.40986E-05
  7295.  0.41494E-05
  7300.  0.42207E-05
  7305.  0.42971E-05
  7310.  0.43764E-05
  7315.  0.44513E-05
  7320.  0.45038E-05
  7325.  0.45372E-05
  7330.  0.45641E-05
  7335.  0.46016E-05
  7340.  0.46487E-05
  7345.  0.47017E-05
  7350.  0.47663E-05
  7355.  0.48456E-05
  7360.  0.49325E-05
  7365.  0.50257E-05
  7370.  0.51285E-05
  7375.  0.52351E-05
  7380.  0.53441E-05
  7385.  0.54492E-05
  7390.  0.55473E-05
  7395.  0.56421E-05
  7400.  0.57265E-05
  7405.  0.57776E-05
  7410.  0.57950E-05
  7415.  0.57747E-05
  7420.  0.57312E-05
  7425.  0.56680E-05
  7430.  0.55978E-05
  7435.  0.55234E-05
  7440.  0.54560E-05
  7445.  0.54108E-05
  7450.  0.53870E-05
  7455.  0.53732E-05
  7460.  0.53619E-05
  7465.  0.53589E-05
  7470.  0.53752E-05
  7475.  0.54138E-05
  7480.  0.54754E-05
  7485.  0.55577E-05
  7490.  0.56694E-05
  7495.  0.57949E-05
  7500.  0.59206E-05
  7505.  0.60359E-05
  7510.  0.61342E-05
  7515.  0.62141E-05
  7520.  0.62789E-05
  7525.  0.63388E-05
  7530.  0.63945E-05
  7535.  0.64686E-05
  7540.  0.65660E-05
  7545.  0.66634E-05
  7550.  0.67566E-05
  7555.  0.68492E-05
  7560.  0.69325E-05
  7565.  0.69774E-05
  7570.  0.70061E-05
  7575.  0.70238E-05
  7580.  0.70703E-05
  7585.  0.71375E-05
  7590.  0.72661E-05
  7595.  0.73470E-05
  7600.  0.73935E-05
  7605.  0.73771E-05
  7610.  0.73309E-05
  7615.  0.73164E-05
  7620.  0.72710E-05
  7625.  0.72361E-05
  7630.  0.72559E-05
  7635.  0.72955E-05
  7640.  0.73268E-05
  7645.  0.73250E-05
  7650.  0.73148E-05
  7655.  0.73035E-05
  7660.  0.73093E-05
  7665.  0.73380E-05
  7670.  0.73982E-05
  7675.  0.75054E-05
  7680.  0.76437E-05
  7685.  0.77659E-05
  7690.  0.78467E-05
  7695.  0.78884E-05
  7700.  0.78902E-05
  7705.  0.78546E-05
  7710.  0.77941E-05
  7715.  0.77387E-05
  7720.  0.76982E-05
  7725.  0.76546E-05
  7730.  0.76288E-05
  7735.  0.76581E-05
  7740.  0.77240E-05
  7745.  0.78071E-05
  7750.  0.78875E-05
  7755.  0.79535E-05
  7760.  0.80091E-05
  7765.  0.80580E-05
  7770.  0.81199E-05
  7775.  0.81980E-05
  7780.  0.82790E-05
  7785.  0.83513E-05
  7790.  0.84150E-05
  7795.  0.84652E-05
  7800.  0.84840E-05
  7805.  0.84876E-05
  7810.  0.84726E-05
  7815.  0.84337E-05
  7820.  0.83589E-05
  7825.  0.82437E-05
  7830.  0.80665E-05
  7835.  0.78448E-05
  7840.  0.76019E-05
  7845.  0.73559E-05
  7850.  0.70967E-05
  7855.  0.68379E-05
  7860.  0.65963E-05
  7865.  0.63703E-05
  7870.  0.61515E-05
  7875.  0.59231E-05
  7880.  0.56893E-05
  7885.  0.54529E-05
  7890.  0.52098E-05
  7895.  0.49678E-05
  7900.  0.47483E-05
  7905.  0.45794E-05
  7910.  0.44455E-05
  7915.  0.43453E-05
  7920.  0.42701E-05
  7925.  0.42255E-05
  7930.  0.42042E-05
  7935.  0.42054E-05
  7940.  0.42218E-05
  7945.  0.42567E-05
  7950.  0.43275E-05
  7955.  0.44333E-05
  7960.  0.45817E-05
  7965.  0.47573E-05
  7970.  0.49542E-05
  7975.  0.51559E-05
  7980.  0.53422E-05
  7985.  0.54982E-05
  7990.  0.55993E-05
  7995.  0.56692E-05
  8000.  0.57201E-05
  8005.  0.57780E-05
  8010.  0.58499E-05
  8015.  0.59271E-05
  8020.  0.59968E-05
  8025.  0.60370E-05
  8030.  0.60472E-05
  8035.  0.60116E-05
  8040.  0.59311E-05
  8045.  0.58008E-05
  8050.  0.56417E-05
  8055.  0.54795E-05
  8060.  0.53276E-05
  8065.  0.51890E-05
  8070.  0.50508E-05
  8075.  0.49081E-05
  8080.  0.47745E-05
  8085.  0.46528E-05
  8090.  0.45439E-05
  8095.  0.44561E-05
  8100.  0.44099E-05
  8105.  0.44121E-05
  8110.  0.44526E-05
  8115.  0.45107E-05
  8120.  0.45625E-05
  8125.  0.46153E-05
  8130.  0.46643E-05
  8135.  0.47164E-05
  8140.  0.47794E-05
  8145.  0.48405E-05
  8150.  0.49080E-05
  8155.  0.49964E-05
  8160.  0.51086E-05
  8165.  0.52270E-05
  8170.  0.53528E-05
  8175.  0.54896E-05
  8180.  0.56305E-05
  8185.  0.57620E-05
  8190.  0.58637E-05
  8195.  0.59142E-05
  8200.  0.59639E-05
  8205.  0.60512E-05
  8210.  0.61808E-05
  8215.  0.63247E-05
  8220.  0.64547E-05
  8225.  0.65196E-05
  8230.  0.65395E-05
  8235.  0.65654E-05
  8240.  0.65703E-05
  8245.  0.65359E-05
  8250.  0.64659E-05
  8255.  0.63920E-05
  8260.  0.63445E-05
  8265.  0.63156E-05
  8270.  0.62729E-05
  8275.  0.62285E-05
  8280.  0.62009E-05
  8285.  0.61554E-05
  8290.  0.60847E-05
  8295.  0.60114E-05
  8300.  0.59473E-05
  8305.  0.58965E-05
  8310.  0.58722E-05
  8315.  0.58843E-05
  8320.  0.59263E-05
  8325.  0.59785E-05
  8330.  0.60434E-05
  8335.  0.61225E-05
  8340.  0.62060E-05
  8345.  0.62720E-05
  8350.  0.63351E-05
  8355.  0.64103E-05
  8360.  0.64870E-05
  8365.  0.65661E-05
  8370.  0.66541E-05
  8375.  0.67508E-05
  8380.  0.68552E-05
  8385.  0.69532E-05
  8390.  0.70245E-05
  8395.  0.70859E-05
  8400.  0.71634E-05
  8405.  0.72499E-05
  8410.  0.73389E-05
  8415.  0.74214E-05
  8420.  0.74832E-05
  8425.  0.75302E-05
  8430.  0.75668E-05
  8435.  0.75885E-05
  8440.  0.76051E-05
  8445.  0.76335E-05
  8450.  0.76623E-05
  8455.  0.76841E-05
  8460.  0.77009E-05
  8465.  0.77164E-05
  8470.  0.77444E-05
  8475.  0.77470E-05
  8480.  0.77152E-05
  8485.  0.76623E-05
  8490.  0.75991E-05
  8495.  0.75418E-05
  8500.  0.75006E-05
  8505.  0.74809E-05
  8510.  0.74653E-05
  8515.  0.74287E-05
  8520.  0.73844E-05
  8525.  0.73607E-05
  8530.  0.73543E-05
  8535.  0.73683E-05
  8540.  0.74201E-05
  8545.  0.75202E-05
  8550.  0.76472E-05
  8555.  0.77957E-05
  8560.  0.79407E-05
  8565.  0.80651E-05
  8570.  0.81722E-05
  8575.  0.82614E-05
  8580.  0.83213E-05
  8585.  0.83556E-05
  8590.  0.83962E-05
  8595.  0.84587E-05
  8600.  0.85174E-05
  8605.  0.85587E-05
  8610.  0.85791E-05
  8615.  0.86024E-05
  8620.  0.86525E-05
  8625.  0.87314E-05
  8630.  0.88196E-05
  8635.  0.88923E-05
  8640.  0.89356E-05
  8645.  0.89516E-05
  8650.  0.89452E-05
  8655.  0.89015E-05
  8660.  0.88514E-05
  8665.  0.88489E-05
  8670.  0.89000E-05
  8675.  0.89898E-05
  8680.  0.90781E-05
  8685.  0.91624E-05
  8690.  0.92464E-05
  8695.  0.93264E-05
  8700.  0.93809E-05
  8705.  0.94144E-05
  8710.  0.94562E-05
  8715.  0.95081E-05
  8720.  0.95250E-05
  8725.  0.95142E-05
  8730.  0.94749E-05
  8735.  0.94046E-05
  8740.  0.92851E-05
  8745.  0.91241E-05
  8750.  0.89451E-05
  8755.  0.88076E-05
  8760.  0.87633E-05
  8765.  0.87958E-05
  8770.  0.88507E-05
  8775.  0.88953E-05
  8780.  0.89686E-05
  8785.  0.90553E-05
  8790.  0.91217E-05
  8795.  0.91552E-05
  8800.  0.91768E-05
  8805.  0.91890E-05
  8810.  0.91994E-05
  8815.  0.92178E-05
  8820.  0.92430E-05
  8825.  0.92970E-05
  8830.  0.93729E-05
  8835.  0.94270E-05
  8840.  0.94332E-05
  8845.  0.93924E-05
  8850.  0.93539E-05
  8855.  0.93257E-05
  8860.  0.92744E-05
  8865.  0.92191E-05
  8870.  0.92344E-05
  8875.  0.93092E-05
  8880.  0.94153E-05
  8885.  0.95286E-05
  8890.  0.96380E-05
  8895.  0.97417E-05
  8900.  0.98169E-05
  8905.  0.98693E-05
  8910.  0.99302E-05
  8915.  0.99933E-05
  8920.  0.10035E-04
  8925.  0.10071E-04
  8930.  0.10130E-04
  8935.  0.10197E-04
  8940.  0.10270E-04
  8945.  0.10330E-04
  8950.  0.10350E-04
  8955.  0.10352E-04
  8960.  0.10361E-04
  8965.  0.10366E-04
  8970.  0.10357E-04
  8975.  0.10350E-04
  8980.  0.10336E-04
  8985.  0.10299E-04
  8990.  0.10260E-04
  8995.  0.10219E-04
  9000.  0.10176E-04
  9005.  0.10123E-04
  9010.  0.10104E-04
  9015.  0.10117E-04
  9020.  0.10146E-04
  9025.  0.10166E-04
  9030.  0.10210E-04
  9035.  0.10237E-04
  9040.  0.10212E-04
  9045.  0.10190E-04
  9050.  0.10179E-04
  9055.  0.10200E-04
  9060.  0.10223E-04
  9065.  0.10254E-04
  9070.  0.10268E-04
  9075.  0.10266E-04
  9080.  0.10245E-04
  9085.  0.10221E-04
  9090.  0.10159E-04
  9095.  0.10001E-04
  9100.  0.97712E-05
  9105.  0.95257E-05
  9110.  0.93227E-05
  9115.  0.91798E-05
  9120.  0.90719E-05
  9125.  0.89736E-05
  9130.  0.88316E-05
  9135.  0.86098E-05
  9140.  0.83618E-05
  9145.  0.81227E-05
  9150.  0.78952E-05
  9155.  0.76676E-05
  9160.  0.74501E-05
  9165.  0.72459E-05
  9170.  0.70313E-05
  9175.  0.68057E-05
  9180.  0.66038E-05
  9185.  0.64187E-05
  9190.  0.62654E-05
  9195.  0.61459E-05
  9200.  0.60779E-05
  9205.  0.60387E-05
  9210.  0.60091E-05
  9215.  0.60136E-05
  9220.  0.60460E-05
  9225.  0.60938E-05
  9230.  0.61566E-05
  9235.  0.62468E-05
  9240.  0.63518E-05
  9245.  0.64620E-05
  9250.  0.65609E-05
  9255.  0.66563E-05
  9260.  0.67344E-05
  9265.  0.67833E-05
  9270.  0.68182E-05
  9275.  0.68291E-05
  9280.  0.68461E-05
  9285.  0.68654E-05
  9290.  0.69055E-05
  9295.  0.69841E-05
  9300.  0.71074E-05
  9305.  0.72588E-05
  9310.  0.73977E-05
  9315.  0.75048E-05
  9320.  0.75815E-05
  9325.  0.76174E-05
  9330.  0.76031E-05
  9335.  0.75545E-05
  9340.  0.74840E-05
  9345.  0.73985E-05
  9350.  0.73893E-05
  9355.  0.74088E-05
  9360.  0.74833E-05
  9365.  0.76329E-05
  9370.  0.77856E-05
  9375.  0.78655E-05
  9380.  0.78282E-05
  9385.  0.77889E-05
  9390.  0.77089E-05
  9395.  0.76194E-05
  9400.  0.75824E-05
  9405.  0.75078E-05
  9410.  0.74141E-05
  9415.  0.72712E-05
  9420.  0.71395E-05
  9425.  0.70459E-05
  9430.  0.70235E-05
  9435.  0.70333E-05
  9440.  0.70803E-05
  9445.  0.71543E-05
  9450.  0.72248E-05
  9455.  0.72573E-05
  9460.  0.73521E-05
  9465.  0.75281E-05
  9470.  0.76785E-05
  9475.  0.77612E-05
  9480.  0.78851E-05
  9485.  0.80965E-05
  9490.  0.83030E-05
  9495.  0.84007E-05
  9500.  0.84373E-05
  9505.  0.85257E-05
  9510.  0.86198E-05
  9515.  0.87057E-05
  9520.  0.88741E-05
  9525.  0.90470E-05
  9530.  0.91081E-05
  9535.  0.90779E-05
  9540.  0.90452E-05
  9545.  0.90243E-05
  9550.  0.90239E-05
  9555.  0.89870E-05
  9560.  0.90021E-05
  9565.  0.90968E-05
  9570.  0.91743E-05
  9575.  0.91833E-05
  9580.  0.91409E-05
  9585.  0.91073E-05
  9590.  0.90658E-05
  9595.  0.90565E-05
  9600.  0.91226E-05
  9605.  0.91366E-05
  9610.  0.90944E-05
  9615.  0.90876E-05
  9620.  0.91495E-05
  9625.  0.92202E-05
  9630.  0.92805E-05
  9635.  0.93026E-05
  9640.  0.92878E-05
  9645.  0.92514E-05
  9650.  0.91753E-05
  9655.  0.90926E-05
  9660.  0.90028E-05
  9665.  0.89257E-05
  9670.  0.88739E-05
  9675.  0.88520E-05
  9680.  0.87917E-05
  9685.  0.87268E-05
  9690.  0.86896E-05
  9695.  0.86757E-05
  9700.  0.85640E-05
  9705.  0.85366E-05
  9710.  0.85641E-05
  9715.  0.85981E-05
  9720.  0.86641E-05
  9725.  0.88549E-05
  9730.  0.87594E-05
  9735.  0.85808E-05
  9740.  0.87003E-05
  9745.  0.85861E-05
  9750.  0.89080E-05
  9755.  0.90518E-05
  9760.  0.90747E-05
  9765.  0.90433E-05
  9770.  0.90562E-05
  9775.  0.91004E-05
  9780.  0.91162E-05
  9785.  0.89489E-05
  9790.  0.90554E-05
  9795.  0.93033E-05
  9800.  0.94196E-05
  9805.  0.94502E-05
  9810.  0.94063E-05
  9815.  0.95948E-05
  9820.  0.96096E-05
  9825.  0.94917E-05
  9830.  0.96116E-05
  9835.  0.96925E-05
  9840.  0.97475E-05
  9845.  0.98253E-05
  9850.  0.97850E-05
  9855.  0.98205E-05
  9860.  0.97828E-05
  9865.  0.98584E-05
  9870.  0.99822E-05
  9875.  0.99480E-05
  9880.  0.99126E-05
  9885.  0.99463E-05
  9890.  0.10012E-04
  9895.  0.10053E-04
  9900.  0.98418E-05
  9905.  0.98228E-05
  9910.  0.98299E-05
  9915.  0.98449E-05
  9920.  0.99259E-05
  9925.  0.98702E-05
  9930.  0.99256E-05
  9935.  0.10056E-04
  9940.  0.10036E-04
  9945.  0.99616E-05
  9950.  0.10060E-04
  9955.  0.10362E-04
  9960.  0.10417E-04
  9965.  0.10441E-04
  9970.  0.10300E-04
  9975.  0.10279E-04
  9980.  0.10683E-04
  9985.  0.10947E-04
  9990.  0.10788E-04
  9995.  0.10559E-04
 10000.  0.10654E-04
 10005.  0.10850E-04
 10010.  0.10954E-04
 10015.  0.10954E-04
 10020.  0.10989E-04
 10025.  0.11000E-04
 10030.  0.10814E-04
 10035.  0.10774E-04
 10040.  0.11002E-04
 10045.  0.11261E-04
 10050.  0.11350E-04
 10055.  0.11197E-04
 10060.  0.11136E-04
 10065.  0.10991E-04
 10070.  0.10745E-04
 10075.  0.10469E-04
 10080.  0.10300E-04
 10085.  0.10361E-04
 10090.  0.10532E-04
 10095.  0.10804E-04
 10100.  0.10869E-04
 10105.  0.10835E-04
 10110.  0.10768E-04
 10115.  0.10841E-04
 10120.  0.11016E-04
 10125.  0.10932E-04
 10130.  0.10743E-04
 10135.  0.10456E-04
 10140.  0.10401E-04
 10145.  0.10696E-04
 10150.  0.10901E-04
 10155.  0.11007E-04
 10160.  0.10909E-04
 10165.  0.10559E-04
 10170.  0.10335E-04
 10175.  0.10505E-04
 10180.  0.10716E-04
 10185.  0.10529E-04
 10190.  0.10513E-04
 10195.  0.10890E-04
 10200.  0.11039E-04
 10205.  0.10768E-04
 10210.  0.10963E-04
 10215.  0.11506E-04
 10220.  0.11483E-04
 10225.  0.11083E-04
 10230.  0.11108E-04
 10235.  0.11422E-04
 10240.  0.11594E-04
 10245.  0.11496E-04
 10250.  0.11464E-04
 10255.  0.11520E-04
 10260.  0.11384E-04
 10265.  0.11501E-04
 10270.  0.11647E-04
 10275.  0.11522E-04
 10280.  0.11480E-04
 10285.  0.11627E-04
 10290.  0.11904E-04
 10295.  0.11833E-04
 10300.  0.11635E-04
 10305.  0.11468E-04
 10310.  0.11472E-04
 10315.  0.11573E-04
 10320.  0.11261E-04
 10325.  0.10860E-04
 10330.  0.10870E-04
 10335.  0.11267E-04
 10340.  0.11672E-04
 10345.  0.11662E-04
 10350.  0.11297E-04
 10355.  0.10907E-04
 10360.  0.10817E-04
 10365.  0.11189E-04
 10370.  0.11728E-04
 10375.  0.12051E-04
 10380.  0.12045E-04
 10385.  0.11821E-04
 10390.  0.11490E-04
 10395.  0.11439E-04
 10400.  0.11714E-04
 10405.  0.12038E-04
 10410.  0.12205E-04
 10415.  0.11830E-04
 10420.  0.11295E-04
 10425.  0.11337E-04
 10430.  0.11745E-04
 10435.  0.11752E-04
 10440.  0.11710E-04
 10445.  0.11866E-04
 10450.  0.11969E-04
 10455.  0.11769E-04
 10460.  0.11544E-04
 10465.  0.11911E-04
 10470.  0.12254E-04
 10475.  0.12178E-04
 10480.  0.11973E-04
 10485.  0.11998E-04
 10490.  0.11924E-04
 10495.  0.11632E-04
 10500.  0.11504E-04
 10505.  0.11695E-04
 10510.  0.12200E-04
 10515.  0.12711E-04
 10520.  0.12719E-04
 10525.  0.12268E-04
 10530.  0.11939E-04
 10535.  0.12130E-04
 10540.  0.12479E-04
 10545.  0.12457E-04
 10550.  0.12314E-04
 10555.  0.12418E-04
 10560.  0.12690E-04
 10565.  0.12840E-04
 10570.  0.12634E-04
 10575.  0.12299E-04
 10580.  0.12012E-04
 10585.  0.12098E-04
 10590.  0.12607E-04
 10595.  0.12939E-04
 10600.  0.12801E-04
 10605.  0.12584E-04
 10610.  0.12442E-04
 10615.  0.12386E-04
 10620.  0.12431E-04
 10625.  0.12640E-04
 10630.  0.13064E-04
 10635.  0.13394E-04
 10640.  0.13343E-04
 10645.  0.13093E-04
 10650.  0.13034E-04
 10655.  0.12940E-04
 10660.  0.12755E-04
 10665.  0.12975E-04
 10670.  0.13314E-04
 10675.  0.13364E-04
 10680.  0.13464E-04
 10685.  0.13593E-04
 10690.  0.13641E-04
 10695.  0.13647E-04
 10700.  0.13692E-04
 10705.  0.13736E-04
 10710.  0.13711E-04
 10715.  0.13509E-04
 10720.  0.13218E-04
 10725.  0.13177E-04
 10730.  0.13656E-04
 10735.  0.13955E-04
 10740.  0.13894E-04
 10745.  0.13781E-04
 10750.  0.13783E-04
 10755.  0.13735E-04
 10760.  0.13661E-04
 10765.  0.13577E-04
 10770.  0.13459E-04
 10775.  0.13640E-04
 10780.  0.14013E-04
 10785.  0.14009E-04
 10790.  0.13636E-04
 10795.  0.13687E-04
 10800.  0.13958E-04
 10805.  0.14017E-04
 10810.  0.14102E-04
 10815.  0.14106E-04
 10820.  0.14011E-04
 10825.  0.14023E-04
 10830.  0.14128E-04
 10835.  0.14340E-04
 10840.  0.14417E-04
 10845.  0.14124E-04
 10850.  0.13770E-04
 10855.  0.13865E-04
 10860.  0.13991E-04
 10865.  0.13609E-04
 10870.  0.12088E-04
 10875.  0.10396E-04
 10880.  0.10321E-04
 10885.  0.11197E-04
 10890.  0.11825E-04
 10895.  0.12213E-04
 10900.  0.12474E-04
 10905.  0.12735E-04
 10910.  0.13011E-04
 10915.  0.12743E-04
 10920.  0.11416E-04
 10925.  0.98267E-05
 10930.  0.94605E-05
 10935.  0.10119E-04
 10940.  0.10749E-04
 10945.  0.11297E-04
 10950.  0.11598E-04
 10955.  0.11223E-04
 10960.  0.10116E-04
 10965.  0.86983E-05
 10970.  0.82980E-05
 10975.  0.90636E-05
 10980.  0.97411E-05
 10985.  0.98022E-05
 10990.  0.92457E-05
 10995.  0.86115E-05
 11000.  0.85512E-05
 11005.  0.89691E-05
 11010.  0.93254E-05
 11015.  0.95120E-05
 11020.  0.95318E-05
 11025.  0.94552E-05
 11030.  0.93473E-05
 11035.  0.92322E-05
 11040.  0.93851E-05
 11045.  0.96635E-05
 11050.  0.98572E-05
 11055.  0.10056E-04
 11060.  0.10074E-04
 11065.  0.97307E-05
 11070.  0.95497E-05
 11075.  0.99899E-05
 11080.  0.10496E-04
 11085.  0.10829E-04
 11090.  0.10889E-04
 11095.  0.10865E-04
 11100.  0.10844E-04
 11105.  0.10774E-04
 11110.  0.10907E-04
 11115.  0.10918E-04
 11120.  0.10744E-04
 11125.  0.10744E-04
 11130.  0.11336E-04
 11135.  0.12163E-04
 11140.  0.12006E-04
 11145.  0.11589E-04
 11150.  0.12406E-04
 11155.  0.12617E-04
 11160.  0.12429E-04
 11165.  0.12822E-04
 11170.  0.11827E-04
 11175.  0.10917E-04
 11180.  0.11128E-04
 11185.  0.11735E-04
 11190.  0.12419E-04
 11195.  0.12722E-04
 11200.  0.12578E-04
 11205.  0.12075E-04
 11210.  0.11369E-04
 11215.  0.11488E-04
 11220.  0.12976E-04
 11225.  0.12996E-04
 11230.  0.11865E-04
 11235.  0.11976E-04
 11240.  0.11544E-04
 11245.  0.10409E-04
 11250.  0.10751E-04
 11255.  0.11927E-04
 11260.  0.12051E-04
 11265.  0.12440E-04
 11270.  0.12702E-04
 11275.  0.11991E-04
 11280.  0.11649E-04
 11285.  0.12416E-04
 11290.  0.12840E-04
 11295.  0.13833E-04
 11300.  0.14484E-04
 11305.  0.13755E-04
 11310.  0.12443E-04
 11315.  0.11740E-04
 11320.  0.12163E-04
 11325.  0.12385E-04
 11330.  0.11492E-04
 11335.  0.10479E-04
 11340.  0.10983E-04
 11345.  0.12559E-04
 11350.  0.12510E-04
 11355.  0.12503E-04
 11360.  0.13468E-04
 11365.  0.13229E-04
 11370.  0.12411E-04
 11375.  0.12344E-04
 11380.  0.13325E-04
 11385.  0.13634E-04
 11390.  0.12909E-04
 11395.  0.12751E-04
 11400.  0.13284E-04
 11405.  0.13509E-04
 11410.  0.13100E-04
 11415.  0.12988E-04
 11420.  0.13630E-04
 11425.  0.13730E-04
 11430.  0.13067E-04
 11435.  0.12693E-04
 11440.  0.13687E-04
 11445.  0.14811E-04
 11450.  0.14771E-04
 11455.  0.13578E-04
 11460.  0.12910E-04
 11465.  0.14301E-04
 11470.  0.15991E-04
 11475.  0.15518E-04
 11480.  0.14243E-04
 11485.  0.13824E-04
 11490.  0.14112E-04
 11495.  0.14776E-04
 11500.  0.14707E-04
 11505.  0.14149E-04
 11510.  0.13904E-04
 11515.  0.13777E-04
 11520.  0.13986E-04
 11525.  0.14008E-04
 11530.  0.13834E-04
 11535.  0.14173E-04
 11540.  0.14628E-04
 11545.  0.14738E-04
 11550.  0.14814E-04
 11555.  0.14884E-04
 11560.  0.14806E-04
 11565.  0.14518E-04
 11570.  0.14271E-04
 11575.  0.14389E-04
 11580.  0.14812E-04
 11585.  0.15075E-04
 11590.  0.14956E-04
 11595.  0.14955E-04
 11600.  0.15116E-04
 11605.  0.14926E-04
 11610.  0.14684E-04
 11615.  0.14860E-04
 11620.  0.15179E-04
 11625.  0.15003E-04
 11630.  0.14769E-04
 11635.  0.15009E-04
 11640.  0.15026E-04
 11645.  0.14810E-04
 11650.  0.14868E-04
 11655.  0.15139E-04
 11660.  0.15176E-04
 11665.  0.14868E-04
 11670.  0.14798E-04
 11675.  0.15239E-04
 11680.  0.15504E-04
 11685.  0.15307E-04
 11690.  0.15185E-04
 11695.  0.15272E-04
 11700.  0.15608E-04
 11705.  0.15819E-04
 11710.  0.15692E-04
 11715.  0.15716E-04
 11720.  0.15729E-04
 11725.  0.15239E-04
 11730.  0.14705E-04
 11735.  0.14466E-04
 11740.  0.14545E-04
 11745.  0.14731E-04
 11750.  0.14907E-04
 11755.  0.14920E-04
 11760.  0.14825E-04
 11765.  0.14652E-04
 11770.  0.14503E-04
 11775.  0.14591E-04
 11780.  0.14793E-04
 11785.  0.14820E-04
 11790.  0.14789E-04
 11795.  0.14838E-04
 11800.  0.14856E-04
 11805.  0.14903E-04
 11810.  0.15101E-04
 11815.  0.15528E-04
 11820.  0.15808E-04
 11825.  0.15828E-04
 11830.  0.15956E-04
 11835.  0.15846E-04
 11840.  0.15579E-04
 11845.  0.15947E-04
 11850.  0.16423E-04
 11855.  0.16093E-04
 11860.  0.15778E-04
 11865.  0.16191E-04
 11870.  0.16459E-04
 11875.  0.16153E-04
 11880.  0.16060E-04
 11885.  0.16237E-04
 11890.  0.16422E-04
 11895.  0.16552E-04
 11900.  0.16344E-04
 11905.  0.16098E-04
 11910.  0.16234E-04
 11915.  0.16363E-04
 11920.  0.15857E-04
 11925.  0.15279E-04
 11930.  0.15410E-04
 11935.  0.15737E-04
 11940.  0.15916E-04
 11945.  0.16266E-04
 11950.  0.16308E-04
 11955.  0.15985E-04
 11960.  0.15822E-04
 11965.  0.15817E-04
 11970.  0.15949E-04
 11975.  0.16109E-04
 11980.  0.16125E-04
 11985.  0.16298E-04
 11990.  0.16575E-04
 11995.  0.16731E-04
 12000.  0.16686E-04
 12005.  0.16451E-04
 12010.  0.16427E-04
 12015.  0.16614E-04
 12020.  0.16380E-04
 12025.  0.15989E-04
 12030.  0.16091E-04
 12035.  0.16300E-04
 12040.  0.16017E-04
 12045.  0.15708E-04
 12050.  0.15717E-04
 12055.  0.15769E-04
 12060.  0.15786E-04
 12065.  0.15614E-04
 12070.  0.15290E-04
 12075.  0.15255E-04
 12080.  0.15666E-04
 12085.  0.16176E-04
 12090.  0.16212E-04
 12095.  0.15900E-04
 12100.  0.16008E-04
 12105.  0.16247E-04
 12110.  0.16142E-04
 12115.  0.16113E-04
 12120.  0.16353E-04
 12125.  0.16367E-04
 12130.  0.16088E-04
 12135.  0.16214E-04
 12140.  0.16622E-04
 12145.  0.16543E-04
 12150.  0.16127E-04
 12155.  0.16062E-04
 12160.  0.16341E-04
 12165.  0.16346E-04
 12170.  0.16152E-04
 12175.  0.16435E-04
 12180.  0.16890E-04
 12185.  0.16646E-04
 12190.  0.16132E-04
 12195.  0.16210E-04
 12200.  0.16866E-04
 12205.  0.17258E-04
 12210.  0.17092E-04
 12215.  0.16882E-04
 12220.  0.16955E-04
 12225.  0.17514E-04
 12230.  0.18042E-04
 12235.  0.17888E-04
 12240.  0.17373E-04
 12245.  0.17240E-04
 12250.  0.17583E-04
 12255.  0.17887E-04
 12260.  0.17942E-04
 12265.  0.17871E-04
 12270.  0.17800E-04
 12275.  0.17725E-04
 12280.  0.17559E-04
 12285.  0.17444E-04
 12290.  0.17535E-04
 12295.  0.17750E-04
 12300.  0.17934E-04
 12305.  0.18063E-04
 12310.  0.18016E-04
 12315.  0.17955E-04
 12320.  0.18083E-04
 12325.  0.17806E-04
 12330.  0.17100E-04
 12335.  0.16663E-04
 12340.  0.16973E-04
 12345.  0.17710E-04
 12350.  0.18030E-04
 12355.  0.17835E-04
 12360.  0.17803E-04
 12365.  0.17976E-04
 12370.  0.17968E-04
 12375.  0.17795E-04
 12380.  0.17725E-04
 12385.  0.17720E-04
 12390.  0.17581E-04
 12395.  0.17442E-04
 12400.  0.17552E-04
 12405.  0.17763E-04
 12410.  0.17702E-04
 12415.  0.17681E-04
 12420.  0.18019E-04
 12425.  0.18213E-04
 12430.  0.17954E-04
 12435.  0.17760E-04
 12440.  0.17976E-04
 12445.  0.18177E-04
 12450.  0.18132E-04
 12455.  0.18258E-04
 12460.  0.18776E-04
 12465.  0.19061E-04
 12470.  0.18795E-04
 12475.  0.18637E-04
 12480.  0.18753E-04
 12485.  0.19037E-04
 12490.  0.19042E-04
 12495.  0.18694E-04
 12500.  0.18660E-04
 12505.  0.18952E-04
 12510.  0.18995E-04
 12515.  0.18784E-04
 12520.  0.18387E-04
 12525.  0.18316E-04
 12530.  0.18823E-04
 12535.  0.19292E-04
 12540.  0.19256E-04
 12545.  0.19323E-04
 12550.  0.19713E-04
 12555.  0.19970E-04
 12560.  0.19795E-04
 12565.  0.19354E-04
 12570.  0.19005E-04
 12575.  0.18974E-04
 12580.  0.19193E-04
 12585.  0.19420E-04
 12590.  0.19486E-04
 12595.  0.19527E-04
 12600.  0.20007E-04
 12605.  0.20656E-04
 12610.  0.20770E-04
 12615.  0.20543E-04
 12620.  0.20396E-04
 12625.  0.20317E-04
 12630.  0.20229E-04
 12635.  0.20232E-04
 12640.  0.20367E-04
 12645.  0.20186E-04
 12650.  0.20108E-04
 12655.  0.20412E-04
 12660.  0.20637E-04
 12665.  0.20458E-04
 12670.  0.20170E-04
 12675.  0.20040E-04
 12680.  0.20060E-04
 12685.  0.20223E-04
 12690.  0.20467E-04
 12695.  0.20247E-04
 12700.  0.20070E-04
 12705.  0.19855E-04
 12710.  0.19649E-04
 12715.  0.19779E-04
 12720.  0.20066E-04
 12725.  0.20064E-04
 12730.  0.19929E-04
 12735.  0.19885E-04
 12740.  0.20081E-04
 12745.  0.20257E-04
 12750.  0.20455E-04
 12755.  0.20766E-04
 12760.  0.20915E-04
 12765.  0.20723E-04
 12770.  0.20365E-04
 12775.  0.20098E-04
 12780.  0.20081E-04
 12785.  0.20402E-04
 12790.  0.20818E-04
 12795.  0.21008E-04
 12800.  0.20967E-04
 12805.  0.20787E-04
 12810.  0.20577E-04
 12815.  0.20346E-04
 12820.  0.20074E-04
 12825.  0.19899E-04
 12830.  0.19976E-04
 12835.  0.20249E-04
 12840.  0.20498E-04
 12845.  0.20652E-04
 12850.  0.20868E-04
 12855.  0.21145E-04
 12860.  0.21280E-04
 12865.  0.21241E-04
 12870.  0.21274E-04
 12875.  0.21341E-04
 12880.  0.21231E-04
 12885.  0.20963E-04
 12890.  0.20812E-04
 12895.  0.20969E-04
 12900.  0.21206E-04
 12905.  0.21307E-04
 12910.  0.21347E-04
 12915.  0.21547E-04
 12920.  0.21843E-04
 12925.  0.21744E-04
 12930.  0.21296E-04
 12935.  0.21074E-04
 12940.  0.21206E-04
 12945.  0.21425E-04
 12950.  0.21659E-04
 12955.  0.21767E-04
 12960.  0.21475E-04
 12965.  0.21197E-04
 12970.  0.21608E-04
 12975.  0.22204E-04
 12980.  0.22394E-04
 12985.  0.22451E-04
 12990.  0.22748E-04
 12995.  0.23026E-04
 13000.  0.22901E-04
 13005.  0.22346E-04
 13010.  0.21809E-04
 13015.  0.21683E-04
 13020.  0.21829E-04
 13025.  0.22438E-04
 13030.  0.22854E-04
 13035.  0.22893E-04
 13040.  0.22890E-04
 13045.  0.22998E-04
 13050.  0.23094E-04
 13055.  0.23295E-04
 13060.  0.23356E-04
 13065.  0.23310E-04
 13070.  0.23123E-04
 13075.  0.22868E-04
 13080.  0.22671E-04
 13085.  0.22634E-04
 13090.  0.22777E-04
 13095.  0.22783E-04
 13100.  0.22497E-04
 13105.  0.22305E-04
 13110.  0.22301E-04
 13115.  0.22611E-04
 13120.  0.23160E-04
 13125.  0.23221E-04
 13130.  0.22835E-04
 13135.  0.22599E-04
 13140.  0.22726E-04
 13145.  0.23105E-04
 13150.  0.23551E-04
 13155.  0.23769E-04
 13160.  0.23695E-04
 13165.  0.23538E-04
 13170.  0.23312E-04
 13175.  0.23177E-04
 13180.  0.23466E-04
 13185.  0.23809E-04
 13190.  0.23894E-04
 13195.  0.23873E-04
 13200.  0.23885E-04
 13205.  0.23948E-04
 13210.  0.24084E-04
 13215.  0.24042E-04
 13220.  0.23934E-04
 13225.  0.24175E-04
 13230.  0.24422E-04
 13235.  0.24457E-04
 13240.  0.24464E-04
 13245.  0.24351E-04
 13250.  0.24420E-04
 13255.  0.24612E-04
 13260.  0.24700E-04
 13265.  0.24846E-04
 13270.  0.24728E-04
 13275.  0.24336E-04
 13280.  0.24352E-04
 13285.  0.24835E-04
 13290.  0.24786E-04
 13295.  0.24137E-04
 13300.  0.23732E-04
 13305.  0.23818E-04
 13310.  0.24657E-04
 13315.  0.25530E-04
 13320.  0.25636E-04
 13325.  0.25079E-04
 13330.  0.24594E-04
 13335.  0.24598E-04
 13340.  0.24474E-04
 13345.  0.24019E-04
 13350.  0.23648E-04
 13355.  0.23776E-04
 13360.  0.23730E-04
 13365.  0.23829E-04
 13370.  0.24678E-04
 13375.  0.25319E-04
 13380.  0.25269E-04
 13385.  0.25229E-04
 13390.  0.25290E-04
 13395.  0.25337E-04
 13400.  0.25294E-04
 13405.  0.25207E-04
 13410.  0.25134E-04
 13415.  0.24928E-04
 13420.  0.24535E-04
 13425.  0.24244E-04
 13430.  0.24106E-04
 13435.  0.24512E-04
 13440.  0.25456E-04
 13445.  0.25478E-04
 13450.  0.24677E-04
 13455.  0.24731E-04
 13460.  0.24972E-04
 13465.  0.24496E-04
 13470.  0.23825E-04
 13475.  0.25087E-04
 13480.  0.25116E-04
 13485.  0.25146E-04
 13490.  0.25175E-04
 13495.  0.25205E-04
 13500.  0.25234E-04
 13505.  0.25263E-04
 13510.  0.25293E-04
 13515.  0.25322E-04
 13520.  0.25351E-04
 13525.  0.25381E-04
 13530.  0.25410E-04
 13535.  0.25439E-04
 13540.  0.25469E-04
 13545.  0.25498E-04
 13550.  0.25528E-04
 13555.  0.25557E-04
 13560.  0.25586E-04
 13565.  0.25616E-04
 13570.  0.25645E-04
 13575.  0.25674E-04
 13580.  0.25704E-04
 13585.  0.25733E-04
 13590.  0.25763E-04
 13595.  0.25792E-04
 13600.  0.25821E-04
 13605.  0.25851E-04
 13610.  0.25880E-04
 13615.  0.25909E-04
 13620.  0.25939E-04
 13625.  0.25968E-04
 13630.  0.25997E-04
 13635.  0.26027E-04
 13640.  0.26056E-04
 13645.  0.26086E-04
 13650.  0.26115E-04
 13655.  0.26144E-04
 13660.  0.26174E-04
 13665.  0.26203E-04
 13670.  0.26232E-04
 13675.  0.26262E-04
 13680.  0.26291E-04
 13685.  0.26320E-04
 13690.  0.26350E-04
 13695.  0.26379E-04
 13700.  0.26409E-04
 13705.  0.26438E-04
 13710.  0.26467E-04
 13715.  0.26497E-04
 13720.  0.26526E-04
 13725.  0.26555E-04
 13730.  0.26585E-04
 13735.  0.26614E-04
 13740.  0.26643E-04
 13745.  0.26673E-04
 13750.  0.26702E-04
 13755.  0.26732E-04
 13760.  0.26761E-04
 13765.  0.26790E-04
 13770.  0.26820E-04
 13775.  0.26849E-04
 13780.  0.26878E-04
 13785.  0.26908E-04
 13790.  0.26937E-04
 13795.  0.26967E-04
 13800.  0.26996E-04
 13805.  0.27025E-04
 13810.  0.27055E-04
 13815.  0.27084E-04
 13820.  0.27113E-04
 13825.  0.27143E-04
 13830.  0.27172E-04
 13835.  0.27201E-04
 13840.  0.27231E-04
 13845.  0.27260E-04
 13850.  0.27290E-04
 13855.  0.27319E-04
 13860.  0.27348E-04
 13865.  0.27378E-04
 13870.  0.27407E-04
 13875.  0.27436E-04
 13880.  0.27466E-04
 13885.  0.27495E-04
 13890.  0.27524E-04
 13895.  0.27554E-04
 13900.  0.27583E-04
 13905.  0.27613E-04
 13910.  0.27642E-04
 13915.  0.27671E-04
 13920.  0.27701E-04
 13925.  0.27730E-04
 13930.  0.27759E-04
 13935.  0.27789E-04
 13940.  0.27741E-04
 13945.  0.27533E-04
 13950.  0.27325E-04
 13955.  0.27118E-04
 13960.  0.26910E-04
 13965.  0.26702E-04
 13970.  0.26494E-04
 13975.  0.26286E-04
 13980.  0.26078E-04
 13985.  0.25870E-04
 13990.  0.25662E-04
 13995.  0.25455E-04
 14000.  0.25247E-04
 14005.  0.25039E-04
 14010.  0.24831E-04
 14015.  0.24623E-04
 14020.  0.24415E-04
 14025.  0.24207E-04
 14030.  0.23999E-04
 14035.  0.23792E-04
 14040.  0.23584E-04
 14045.  0.23376E-04
 14050.  0.23168E-04
 14055.  0.22960E-04
 14060.  0.22752E-04
 14065.  0.22544E-04
 14070.  0.22336E-04
 14075.  0.22129E-04
 14080.  0.21921E-04
 14085.  0.24177E-04
 14090.  0.28658E-04
 14095.  0.30087E-04
 14100.  0.28751E-04
 14105.  0.24853E-04
 14110.  0.23373E-04
 14115.  0.22528E-04
 14120.  0.20988E-04
 14125.  0.19569E-04
 14130.  0.19208E-04
 14135.  0.20481E-04
 14140.  0.23320E-04
 14145.  0.25813E-04
 14150.  0.24982E-04
 14155.  0.22521E-04
 14160.  0.21295E-04
 14165.  0.21402E-04
 14170.  0.22399E-04
 14175.  0.22523E-04
 14180.  0.21370E-04
 14185.  0.20957E-04
 14190.  0.23291E-04
 14195.  0.26484E-04
 14200.  0.25866E-04
 14205.  0.24433E-04
 14210.  0.23296E-04
 14215.  0.22310E-04
 14220.  0.21873E-04
 14225.  0.22418E-04
 14230.  0.23265E-04
 14235.  0.23073E-04
 14240.  0.22045E-04
 14245.  0.21670E-04
 14250.  0.22073E-04
 14255.  0.22471E-04
 14260.  0.21906E-04
 14265.  0.21324E-04
 14270.  0.21931E-04
 14275.  0.24324E-04
 14280.  0.26653E-04
 14285.  0.25728E-04
 14290.  0.24021E-04
 14295.  0.22427E-04
 14300.  0.21057E-04
 14305.  0.20780E-04
 14310.  0.21520E-04
 14315.  0.22855E-04
 14320.  0.23869E-04
 14325.  0.23467E-04
 14330.  0.21963E-04
 14335.  0.21870E-04
 14340.  0.23628E-04
 14345.  0.24467E-04
 14350.  0.24219E-04
 14355.  0.24176E-04
 14360.  0.24165E-04
 14365.  0.24077E-04
 14370.  0.24489E-04
 14375.  0.25523E-04
 14380.  0.26054E-04
 14385.  0.25627E-04
 14390.  0.24901E-04
 14395.  0.23998E-04
 14400.  0.23593E-04
 14405.  0.24389E-04
 14410.  0.24906E-04
 14415.  0.24798E-04
 14420.  0.25152E-04
 14425.  0.25914E-04
 14430.  0.25621E-04
 14435.  0.24938E-04
 14440.  0.24056E-04
 14445.  0.23348E-04
 14450.  0.24536E-04
 14455.  0.26670E-04
 14460.  0.27424E-04
 14465.  0.27093E-04
 14470.  0.27177E-04
 14475.  0.26112E-04
 14480.  0.24307E-04
 14485.  0.22989E-04
 14490.  0.22412E-04
 14495.  0.22314E-04
 14500.  0.23416E-04
 14505.  0.24950E-04
 14510.  0.25702E-04
 14515.  0.25789E-04
 14520.  0.25893E-04
 14525.  0.24736E-04
 14530.  0.22973E-04
 14535.  0.22279E-04
 14540.  0.22624E-04
 14545.  0.23037E-04
 14550.  0.23097E-04
 14555.  0.23091E-04
 14560.  0.23250E-04
 14565.  0.23387E-04
 14570.  0.23283E-04
 14575.  0.22881E-04
 14580.  0.22588E-04
 14585.  0.22542E-04
 14590.  0.22483E-04
 14595.  0.22206E-04
 14600.  0.22173E-04
 14605.  0.22882E-04
 14610.  0.23930E-04
 14615.  0.24257E-04
 14620.  0.24109E-04
 14625.  0.24116E-04
 14630.  0.24400E-04
 14635.  0.24739E-04
 14640.  0.24499E-04
 14645.  0.24232E-04
 14650.  0.24073E-04
 14655.  0.24019E-04
 14660.  0.24547E-04
 14665.  0.25422E-04
 14670.  0.25709E-04
 14675.  0.25112E-04
 14680.  0.24227E-04
 14685.  0.24060E-04
 14690.  0.24772E-04
 14695.  0.25754E-04
 14700.  0.26103E-04
 14705.  0.25481E-04
 14710.  0.24889E-04
 14715.  0.25497E-04
 14720.  0.26696E-04
 14725.  0.27317E-04
 14730.  0.27399E-04
 14735.  0.26935E-04
 14740.  0.26174E-04
 14745.  0.25599E-04
 14750.  0.25485E-04
 14755.  0.25659E-04
 14760.  0.25811E-04
 14765.  0.25663E-04
 14770.  0.25508E-04
 14775.  0.25563E-04
 14780.  0.25657E-04
 14785.  0.25683E-04
 14790.  0.25882E-04
 14795.  0.26314E-04
 14800.  0.26446E-04
 14805.  0.25779E-04
 14810.  0.25078E-04
 14815.  0.25041E-04
 14820.  0.24924E-04
 14825.  0.24678E-04
 14830.  0.24574E-04
 14835.  0.24762E-04
 14840.  0.25361E-04
 14845.  0.26368E-04
 14850.  0.27401E-04
 14855.  0.27956E-04
 14860.  0.28190E-04
 14865.  0.28316E-04
 14870.  0.28049E-04
 14875.  0.27820E-04
 14880.  0.27807E-04
 14885.  0.27974E-04
 14890.  0.28210E-04
 14895.  0.28118E-04
 14900.  0.27168E-04
 14905.  0.25913E-04
 14910.  0.25304E-04
 14915.  0.25564E-04
 14920.  0.26331E-04
 14925.  0.27102E-04
 14930.  0.27413E-04
 14935.  0.27229E-04
 14940.  0.26794E-04
 14945.  0.26271E-04
 14950.  0.26013E-04
 14955.  0.26509E-04
 14960.  0.26946E-04
 14965.  0.26722E-04
 14970.  0.26377E-04
 14975.  0.26432E-04
 14980.  0.26797E-04
 14985.  0.27216E-04
 14990.  0.27493E-04
 14995.  0.27258E-04
 15000.  0.26634E-04
 15005.  0.26093E-04
 15010.  0.25754E-04
 15015.  0.25657E-04
 15020.  0.25936E-04
 15025.  0.26524E-04
 15030.  0.27248E-04
 15035.  0.27952E-04
 15040.  0.28407E-04
 15045.  0.28250E-04
 15050.  0.27646E-04
 15055.  0.27064E-04
 15060.  0.26762E-04
 15065.  0.26663E-04
 15070.  0.26469E-04
 15075.  0.26273E-04
 15080.  0.26428E-04
 15085.  0.26766E-04
 15090.  0.26469E-04
 15095.  0.25842E-04
 15100.  0.25622E-04
 15105.  0.25860E-04
 15110.  0.26172E-04
 15115.  0.26304E-04
 15120.  0.26229E-04
 15125.  0.25983E-04
 15130.  0.25635E-04
 15135.  0.25378E-04
 15140.  0.25456E-04
 15145.  0.25952E-04
 15150.  0.26327E-04
 15155.  0.26046E-04
 15160.  0.25202E-04
 15165.  0.24381E-04
 15170.  0.24009E-04
 15175.  0.24011E-04
 15180.  0.24003E-04
 15185.  0.23929E-04
 15190.  0.23951E-04
 15195.  0.24064E-04
 15200.  0.24358E-04
 15205.  0.24726E-04
 15210.  0.24782E-04
 15215.  0.24516E-04
 15220.  0.24229E-04
 15225.  0.24236E-04
 15230.  0.24622E-04
 15235.  0.24893E-04
 15240.  0.24486E-04
 15245.  0.23753E-04
 15250.  0.23318E-04
 15255.  0.23247E-04
 15260.  0.23412E-04
 15265.  0.23748E-04
 15270.  0.24103E-04
 15275.  0.24156E-04
 15280.  0.23878E-04
 15285.  0.23748E-04
 15290.  0.24102E-04
 15295.  0.24694E-04
 15300.  0.25030E-04
 15305.  0.24873E-04
 15310.  0.24418E-04
 15315.  0.24064E-04
 15320.  0.24050E-04
 15325.  0.24224E-04
 15330.  0.24331E-04
 15335.  0.24413E-04
 15340.  0.24669E-04
 15345.  0.24837E-04
 15350.  0.24437E-04
 15355.  0.23631E-04
 15360.  0.23071E-04
 15365.  0.23143E-04
 15370.  0.23427E-04
 15375.  0.23353E-04
 15380.  0.23078E-04
 15385.  0.23004E-04
 15390.  0.23238E-04
 15395.  0.23552E-04
 15400.  0.23784E-04
 15405.  0.23961E-04
 15410.  0.24142E-04
 15415.  0.24223E-04
 15420.  0.24050E-04
 15425.  0.23804E-04
 15430.  0.23788E-04
 15435.  0.24063E-04
 15440.  0.24470E-04
 15445.  0.24739E-04
 15450.  0.24629E-04
 15455.  0.24144E-04
 15460.  0.23628E-04
 15465.  0.23510E-04
 15470.  0.23810E-04
 15475.  0.24266E-04
 15480.  0.24787E-04
 15485.  0.25068E-04
 15490.  0.25071E-04
 15495.  0.24945E-04
 15500.  0.24852E-04
 15505.  0.24816E-04
 15510.  0.24757E-04
 15515.  0.24769E-04
 15520.  0.24971E-04
 15525.  0.25137E-04
 15530.  0.25118E-04
 15535.  0.25088E-04
 15540.  0.25250E-04
 15545.  0.25556E-04
 15550.  0.25785E-04
 15555.  0.25863E-04
 15560.  0.26023E-04
 15565.  0.26290E-04
 15570.  0.26275E-04
 15575.  0.25838E-04
 15580.  0.25345E-04
 15585.  0.25169E-04
 15590.  0.25301E-04
 15595.  0.25535E-04
 15600.  0.25650E-04
 15605.  0.25515E-04
 15610.  0.25260E-04
 15615.  0.25209E-04
 15620.  0.25456E-04
 15625.  0.25724E-04
 15630.  0.25750E-04
 15635.  0.25643E-04
 15640.  0.25734E-04
 15645.  0.26213E-04
 15650.  0.26864E-04
 15655.  0.27239E-04
 15660.  0.27270E-04
 15665.  0.27307E-04
 15670.  0.27550E-04
 15675.  0.27886E-04
 15680.  0.28338E-04
 15685.  0.28871E-04
 15690.  0.29145E-04
 15695.  0.28854E-04
 15700.  0.28213E-04
 15705.  0.27635E-04
 15710.  0.27423E-04
 15715.  0.27797E-04
 15720.  0.28651E-04
 15725.  0.29356E-04
 15730.  0.29485E-04
 15735.  0.29271E-04
 15740.  0.29190E-04
 15745.  0.29400E-04
 15750.  0.29658E-04
 15755.  0.29710E-04
 15760.  0.29431E-04
 15765.  0.28556E-04
 15770.  0.27739E-04
 15775.  0.27156E-04
 15780.  0.26911E-04
 15785.  0.26935E-04
 15790.  0.27018E-04
 15795.  0.27225E-04
 15800.  0.27584E-04
 15805.  0.27661E-04
 15810.  0.27415E-04
 15815.  0.27658E-04
 15820.  0.28300E-04
 15825.  0.28748E-04
 15830.  0.28735E-04
 15835.  0.28435E-04
 15840.  0.28220E-04
 15845.  0.28432E-04
 15850.  0.29179E-04
 15855.  0.29868E-04
 15860.  0.30075E-04
 15865.  0.30073E-04
 15870.  0.30289E-04
 15875.  0.30628E-04
 15880.  0.30692E-04
 15885.  0.30382E-04
 15890.  0.30170E-04
 15895.  0.30460E-04
 15900.  0.31010E-04
 15905.  0.31450E-04
 15910.  0.31568E-04
 15915.  0.31393E-04
 15920.  0.31167E-04
 15925.  0.31080E-04
 15930.  0.31068E-04
 15935.  0.30895E-04
 15940.  0.30622E-04
 15945.  0.30741E-04
 15950.  0.31079E-04
 15955.  0.31211E-04
 15960.  0.31235E-04
 15965.  0.31414E-04
 15970.  0.31389E-04
 15975.  0.30627E-04
 15980.  0.29343E-04
 15985.  0.28552E-04
 15990.  0.28574E-04
 15995.  0.28677E-04
 16000.  0.28596E-04
 16005.  0.28730E-04
 16010.  0.29042E-04
 16015.  0.29301E-04
 16020.  0.29587E-04
 16025.  0.30080E-04
 16030.  0.30669E-04
 16035.  0.31269E-04
 16040.  0.31773E-04
 16045.  0.32091E-04
 16050.  0.32322E-04
 16055.  0.32462E-04
 16060.  0.32331E-04
 16065.  0.32023E-04
 16070.  0.31830E-04
 16075.  0.31886E-04
 16080.  0.32114E-04
 16085.  0.32599E-04
 16090.  0.33169E-04
 16095.  0.33462E-04
 16100.  0.33149E-04
 16105.  0.33829E-04
 16110.  0.34478E-04
 16115.  0.34665E-04
 16120.  0.34528E-04
 16125.  0.34575E-04
 16130.  0.34835E-04
 16135.  0.35067E-04
 16140.  0.34942E-04
 16145.  0.34596E-04
 16150.  0.34374E-04
 16155.  0.34591E-04
 16160.  0.35099E-04
 16165.  0.35649E-04
 16170.  0.35950E-04
 16175.  0.35726E-04
 16180.  0.34868E-04
 16185.  0.33520E-04
 16190.  0.32808E-04
 16195.  0.32894E-04
 16200.  0.33578E-04
 16205.  0.34210E-04
 16210.  0.34612E-04
 16215.  0.34756E-04
 16220.  0.34993E-04
 16225.  0.35347E-04
 16230.  0.35646E-04
 16235.  0.35498E-04
 16240.  0.35231E-04
 16245.  0.35102E-04
 16250.  0.35132E-04
 16255.  0.35103E-04
 16260.  0.34850E-04
 16265.  0.34309E-04
 16270.  0.34003E-04
 16275.  0.34123E-04
 16280.  0.34610E-04
 16285.  0.35102E-04
 16290.  0.35366E-04
 16295.  0.35126E-04
 16300.  0.34800E-04
 16305.  0.34982E-04
 16310.  0.35958E-04
 16315.  0.36899E-04
 16320.  0.37370E-04
 16325.  0.37411E-04
 16330.  0.37223E-04
 16335.  0.36940E-04
 16340.  0.36730E-04
 16345.  0.36755E-04
 16350.  0.36827E-04
 16355.  0.36910E-04
 16360.  0.37174E-04
 16365.  0.37270E-04
 16370.  0.36798E-04
 16375.  0.35635E-04
 16380.  0.34639E-04
 16385.  0.34192E-04
 16390.  0.34579E-04
 16395.  0.35151E-04
 16400.  0.35642E-04
 16405.  0.35798E-04
 16410.  0.35069E-04
 16415.  0.33894E-04
 16420.  0.33144E-04
 16425.  0.33025E-04
 16430.  0.33243E-04
 16435.  0.33515E-04
 16440.  0.33998E-04
 16445.  0.34570E-04
 16450.  0.35077E-04
 16455.  0.35690E-04
 16460.  0.36244E-04
 16465.  0.36427E-04
 16470.  0.36217E-04
 16475.  0.35952E-04
 16480.  0.35792E-04
 16485.  0.35795E-04
 16490.  0.35751E-04
 16495.  0.35639E-04
 16500.  0.35788E-04
 16505.  0.36075E-04
 16510.  0.36467E-04
 16515.  0.36980E-04
 16520.  0.37121E-04
 16525.  0.36788E-04
 16530.  0.36202E-04
 16535.  0.35768E-04
 16540.  0.35742E-04
 16545.  0.36489E-04
 16550.  0.37750E-04
 16555.  0.38857E-04
 16560.  0.39039E-04
 16565.  0.39058E-04
 16570.  0.38989E-04
 16575.  0.38626E-04
 16580.  0.38044E-04
 16585.  0.37420E-04
 16590.  0.36884E-04
 16595.  0.36553E-04
 16600.  0.36378E-04
 16605.  0.36292E-04
 16610.  0.36251E-04
 16615.  0.36066E-04
 16620.  0.35916E-04
 16625.  0.36160E-04
 16630.  0.36600E-04
 16635.  0.37133E-04
 16640.  0.37672E-04
 16645.  0.38151E-04
 16650.  0.38375E-04
 16655.  0.38057E-04
 16660.  0.37478E-04
 16665.  0.36937E-04
 16670.  0.36966E-04
 16675.  0.37628E-04
 16680.  0.38550E-04
 16685.  0.38840E-04
 16690.  0.38683E-04
 16695.  0.38514E-04
 16700.  0.38757E-04
 16705.  0.39122E-04
 16710.  0.39622E-04
 16715.  0.40015E-04
 16720.  0.39806E-04
 16725.  0.39215E-04
 16730.  0.38824E-04
 16735.  0.39140E-04
 16740.  0.39574E-04
 16745.  0.39613E-04
 16750.  0.39267E-04
 16755.  0.38774E-04
 16760.  0.38290E-04
 16765.  0.38038E-04
 16770.  0.38175E-04
 16775.  0.38715E-04
 16780.  0.39191E-04
 16785.  0.39416E-04
 16790.  0.39383E-04
 16795.  0.39233E-04
 16800.  0.39101E-04
 16805.  0.39196E-04
 16810.  0.39548E-04
 16815.  0.39925E-04
 16820.  0.40122E-04
 16825.  0.39912E-04
 16830.  0.39288E-04
 16835.  0.38641E-04
 16840.  0.38754E-04
 16845.  0.39197E-04
 16850.  0.39437E-04
 16855.  0.39026E-04
 16860.  0.38045E-04
 16865.  0.37170E-04
 16870.  0.37248E-04
 16875.  0.37940E-04
 16880.  0.38751E-04
 16885.  0.39207E-04
 16890.  0.39410E-04
 16895.  0.39391E-04
 16900.  0.39263E-04
 16905.  0.39371E-04
 16910.  0.39496E-04
 16915.  0.39354E-04
 16920.  0.38673E-04
 16925.  0.37884E-04
 16930.  0.37376E-04
 16935.  0.37150E-04
 16940.  0.37169E-04
 16945.  0.37239E-04
 16950.  0.37094E-04
 16955.  0.37134E-04
 16960.  0.37755E-04
 16965.  0.39043E-04
 16970.  0.39855E-04
 16975.  0.39947E-04
 16980.  0.39570E-04
 16985.  0.39149E-04
 16990.  0.38843E-04
 16995.  0.38959E-04
 17000.  0.39453E-04
 17005.  0.40063E-04
 17010.  0.40554E-04
 17015.  0.40811E-04
 17020.  0.40870E-04
 17025.  0.40628E-04
 17030.  0.39939E-04
 17035.  0.39123E-04
 17040.  0.38598E-04
 17045.  0.38370E-04
 17050.  0.38125E-04
 17055.  0.37624E-04
 17060.  0.37007E-04
 17065.  0.36663E-04
 17070.  0.36897E-04
 17075.  0.37445E-04
 17080.  0.38123E-04
 17085.  0.38846E-04
 17090.  0.39477E-04
 17095.  0.39970E-04
 17100.  0.40290E-04
 17105.  0.40382E-04
 17110.  0.40268E-04
 17115.  0.40006E-04
 17120.  0.39789E-04
 17125.  0.39681E-04
 17130.  0.39769E-04
 17135.  0.40215E-04
 17140.  0.40809E-04
 17145.  0.41352E-04
 17150.  0.41580E-04
 17155.  0.41480E-04
 17160.  0.41059E-04
 17165.  0.40449E-04
 17170.  0.40047E-04
 17175.  0.39817E-04
 17180.  0.39671E-04
 17185.  0.39482E-04
 17190.  0.39269E-04
 17195.  0.39020E-04
 17200.  0.38901E-04
 17205.  0.39193E-04
 17210.  0.40028E-04
 17215.  0.40398E-04
 17220.  0.39946E-04
 17225.  0.39074E-04
 17230.  0.38544E-04
 17235.  0.38688E-04
 17240.  0.39468E-04
 17245.  0.40190E-04
 17250.  0.40752E-04
 17255.  0.41077E-04
 17260.  0.41047E-04
 17265.  0.40709E-04
 17270.  0.40480E-04
 17275.  0.40929E-04
 17280.  0.40999E-04
 17285.  0.40231E-04
 17290.  0.38951E-04
 17295.  0.38412E-04
 17300.  0.38602E-04
 17305.  0.39027E-04
 17310.  0.39171E-04
 17315.  0.39348E-04
 17320.  0.39797E-04
 17325.  0.40483E-04
 17330.  0.41186E-04
 17335.  0.41873E-04
 17340.  0.42176E-04
 17345.  0.42101E-04
 17350.  0.41840E-04
 17355.  0.41919E-04
 17360.  0.42378E-04
 17365.  0.42707E-04
 17370.  0.42265E-04
 17375.  0.41765E-04
 17380.  0.41509E-04
 17385.  0.41555E-04
 17390.  0.41616E-04
 17395.  0.41777E-04
 17400.  0.42319E-04
 17405.  0.42711E-04
 17410.  0.42945E-04
 17415.  0.42463E-04
 17420.  0.41932E-04
 17425.  0.41788E-04
 17430.  0.42372E-04
 17435.  0.42970E-04
 17440.  0.43219E-04
 17445.  0.42767E-04
 17450.  0.42097E-04
 17455.  0.41554E-04
 17460.  0.41704E-04
 17465.  0.42532E-04
 17470.  0.43225E-04
 17475.  0.43067E-04
 17480.  0.42636E-04
 17485.  0.42252E-04
 17490.  0.39244E-04
 17495.  0.42691E-04
 17500.  0.42691E-04
 17505.  0.42649E-04
 17510.  0.41922E-04
 17515.  0.41065E-04
 17520.  0.40359E-04
 17525.  0.40122E-04
 17530.  0.40005E-04
 17535.  0.39936E-04
 17540.  0.40126E-04
 17545.  0.40541E-04
 17550.  0.41070E-04
 17555.  0.41189E-04
 17560.  0.41251E-04
 17565.  0.41431E-04
 17570.  0.41506E-04
 17575.  0.41532E-04
 17580.  0.41512E-04
 17585.  0.41325E-04
 17590.  0.40664E-04
 17595.  0.39917E-04
 17600.  0.39853E-04
 17605.  0.40043E-04
 17610.  0.40462E-04
 17615.  0.41208E-04
 17620.  0.42064E-04
 17625.  0.42680E-04
 17630.  0.42694E-04
 17635.  0.42276E-04
 17640.  0.41948E-04
 17645.  0.41982E-04
 17650.  0.41709E-04
 17655.  0.40966E-04
 17660.  0.39555E-04
 17665.  0.37458E-04
 17670.  0.35424E-04
 17675.  0.33828E-04
 17680.  0.33378E-04
 17685.  0.33452E-04
 17690.  0.33790E-04
 17695.  0.33613E-04
 17700.  0.33365E-04
 17705.  0.33208E-04
 17710.  0.33414E-04
 17715.  0.33916E-04
 17720.  0.34532E-04
 17725.  0.34800E-04
 17730.  0.35056E-04
 17735.  0.35361E-04
 17740.  0.35699E-04
 17745.  0.35720E-04
 17750.  0.35323E-04
 17755.  0.34314E-04
 17760.  0.33684E-04
 17765.  0.33303E-04
 17770.  0.33072E-04
 17775.  0.33192E-04
 17780.  0.33247E-04
 17785.  0.32944E-04
 17790.  0.31896E-04
 17795.  0.31185E-04
 17800.  0.31429E-04
 17805.  0.32347E-04
 17810.  0.33078E-04
 17815.  0.33359E-04
 17820.  0.33590E-04
 17825.  0.33954E-04
 17830.  0.34328E-04
 17835.  0.33985E-04
 17840.  0.33267E-04
 17845.  0.32566E-04
 17850.  0.32968E-04
 17855.  0.33374E-04
 17860.  0.33621E-04
 17865.  0.33625E-04
 17870.  0.33417E-04
 17875.  0.33141E-04
 17880.  0.33034E-04
 17885.  0.32954E-04
 17890.  0.33008E-04
 17895.  0.33447E-04
 17900.  0.33610E-04
 17905.  0.33660E-04
 17910.  0.33751E-04
 17915.  0.33489E-04
 17920.  0.33305E-04
 17925.  0.33573E-04
 17930.  0.34336E-04
 17935.  0.35130E-04
 17940.  0.35729E-04
 17945.  0.36477E-04
 17950.  0.37091E-04
 17955.  0.37337E-04
 17960.  0.36966E-04
 17965.  0.36604E-04
 17970.  0.36442E-04
 17975.  0.36449E-04
 17980.  0.36044E-04
 17985.  0.35408E-04
 17990.  0.35632E-04
 17995.  0.35717E-04
 18000.  0.35708E-04
 18005.  0.36269E-04
 18010.  0.37595E-04
 18015.  0.38303E-04
 18020.  0.38743E-04
 18025.  0.39778E-04
 18030.  0.40187E-04
 18035.  0.40198E-04
 18040.  0.39864E-04
 18045.  0.39177E-04
 18050.  0.37827E-04
 18055.  0.36097E-04
 18060.  0.34767E-04
 18065.  0.34660E-04
 18070.  0.34936E-04
 18075.  0.35596E-04
 18080.  0.36715E-04
 18085.  0.37101E-04
 18090.  0.37175E-04
 18095.  0.37199E-04
 18100.  0.37227E-04
 18105.  0.37189E-04
 18110.  0.37152E-04
 18115.  0.37115E-04
 18120.  0.37078E-04
 18125.  0.37040E-04
 18130.  0.37003E-04
 18135.  0.36966E-04
 18140.  0.36929E-04
 18145.  0.36891E-04
 18150.  0.36854E-04
 18155.  0.36817E-04
 18160.  0.36779E-04
 18165.  0.36742E-04
 18170.  0.36705E-04
 18175.  0.36668E-04
 18180.  0.36630E-04
 18185.  0.36593E-04
 18190.  0.36556E-04
 18195.  0.36518E-04
 18200.  0.36481E-04
 18205.  0.36444E-04
 18210.  0.36407E-04
 18215.  0.36369E-04
 18220.  0.36332E-04
 18225.  0.36295E-04
 18230.  0.36258E-04
 18235.  0.36220E-04
 18240.  0.36183E-04
 18245.  0.36146E-04
 18250.  0.36108E-04
 18255.  0.36071E-04
 18260.  0.36034E-04
 18265.  0.35997E-04
 18270.  0.35959E-04
 18275.  0.35922E-04
 18280.  0.35885E-04
 18285.  0.35848E-04
 18290.  0.35810E-04
 18295.  0.35773E-04
 18300.  0.35708E-04
 18305.  0.35779E-04
 18310.  0.35850E-04
 18315.  0.35920E-04
 18320.  0.35991E-04
 18325.  0.36062E-04
 18330.  0.36133E-04
 18335.  0.36204E-04
 18340.  0.36275E-04
 18345.  0.36346E-04
 18350.  0.36417E-04
 18355.  0.36487E-04
 18360.  0.36558E-04
 18365.  0.36629E-04
 18370.  0.36700E-04
 18375.  0.36771E-04
 18380.  0.36842E-04
 18385.  0.36913E-04
 18390.  0.36984E-04
 18395.  0.37054E-04
 18400.  0.37125E-04
 18405.  0.37196E-04
 18410.  0.37267E-04
 18415.  0.37338E-04
 18420.  0.37409E-04
 18425.  0.37480E-04
 18430.  0.37551E-04
 18435.  0.37621E-04
 18440.  0.37692E-04
 18445.  0.37763E-04
 18450.  0.37834E-04
 18455.  0.37905E-04
 18460.  0.37976E-04
 18465.  0.38047E-04
 18470.  0.38118E-04
 18475.  0.38188E-04
 18480.  0.38259E-04
 18485.  0.38330E-04
 18490.  0.38401E-04
 18495.  0.38472E-04
 18500.  0.38543E-04
 18505.  0.38614E-04
 18510.  0.38685E-04
 18515.  0.38755E-04
 18520.  0.38826E-04
 18525.  0.38897E-04
 18530.  0.38968E-04
 18535.  0.39039E-04
 18540.  0.39110E-04
 18545.  0.39181E-04
 18550.  0.39252E-04
 18555.  0.39322E-04
 18560.  0.39393E-04
 18565.  0.39464E-04
 18570.  0.39535E-04
 18575.  0.39606E-04
 18580.  0.39677E-04
 18585.  0.39748E-04
 18590.  0.39819E-04
 18595.  0.39889E-04
 18600.  0.39960E-04
 18605.  0.40031E-04
 18610.  0.40102E-04
 18615.  0.40173E-04
 18620.  0.40244E-04
 18625.  0.40315E-04
 18630.  0.40386E-04
 18635.  0.40456E-04
 18640.  0.40527E-04
 18645.  0.40598E-04
 18650.  0.40669E-04
 18655.  0.40740E-04
 18660.  0.40811E-04
 18665.  0.40882E-04
 18670.  0.40953E-04
 18675.  0.41023E-04
 18680.  0.41094E-04
 18685.  0.41165E-04
 18690.  0.41236E-04
 18695.  0.41307E-04
 18700.  0.41378E-04
 18705.  0.41449E-04
 18710.  0.41520E-04
 18715.  0.41590E-04
 18720.  0.41661E-04
 18725.  0.41732E-04
 18730.  0.41803E-04
 18735.  0.41874E-04
 18740.  0.41945E-04
 18745.  0.42016E-04
 18750.  0.42087E-04
 18755.  0.42157E-04
 18760.  0.42228E-04
 18765.  0.42241E-04
 18770.  0.42246E-04
 18775.  0.42252E-04
 18780.  0.42258E-04
 18785.  0.42264E-04
 18790.  0.42270E-04
 18795.  0.42276E-04
 18800.  0.42282E-04
 18805.  0.42287E-04
 18810.  0.42293E-04
 18815.  0.42299E-04
 18820.  0.42305E-04
 18825.  0.42311E-04
 18830.  0.42317E-04
 18835.  0.42322E-04
 18840.  0.42328E-04
 18845.  0.42334E-04
 18850.  0.42340E-04
 18855.  0.42346E-04
 18860.  0.42352E-04
 18865.  0.42358E-04
 18870.  0.42363E-04
 18875.  0.42369E-04
 18880.  0.42375E-04
 18885.  0.42381E-04
 18890.  0.42387E-04
 18895.  0.42393E-04
 18900.  0.42398E-04
 18905.  0.42404E-04
 18910.  0.42410E-04
 18915.  0.42416E-04
 18920.  0.42422E-04
 18925.  0.42428E-04
 18930.  0.42434E-04
 18935.  0.42439E-04
 18940.  0.42445E-04
 18945.  0.42451E-04
 18950.  0.42457E-04
 18955.  0.42463E-04
 18960.  0.42469E-04
 18965.  0.42474E-04
 18970.  0.42480E-04
 18975.  0.42486E-04
 18980.  0.42492E-04
 18985.  0.42498E-04
 18990.  0.42504E-04
 18995.  0.42510E-04
 19000.  0.42515E-04
 19005.  0.42521E-04
 19010.  0.42527E-04
 19015.  0.42533E-04
 19020.  0.42539E-04
 19025.  0.42545E-04
 19030.  0.42550E-04
 19035.  0.42556E-04
 19040.  0.42562E-04
 19045.  0.42568E-04
 19050.  0.42574E-04
 19055.  0.42580E-04
 19060.  0.42586E-04
 19065.  0.42591E-04
 19070.  0.42597E-04
 19075.  0.42603E-04
 19080.  0.42609E-04
 19085.  0.42615E-04
 19090.  0.42621E-04
 19095.  0.42626E-04
 19100.  0.42632E-04
 19105.  0.42638E-04
 19110.  0.42644E-04
 19115.  0.42650E-04
 19120.  0.42656E-04
 19125.  0.42662E-04
 19130.  0.42667E-04
 19135.  0.42673E-04
 19140.  0.42679E-04
 19145.  0.42685E-04
 19150.  0.42691E-04
 19155.  0.42697E-04
 19160.  0.42702E-04
 19165.  0.42708E-04
 19170.  0.42714E-04
 19175.  0.42720E-04
 19180.  0.42726E-04
 19185.  0.42732E-04
 19190.  0.42738E-04
 19195.  0.42743E-04
 19200.  0.42749E-04
 19205.  0.42755E-04
 19210.  0.42761E-04
 19215.  0.42767E-04
 19220.  0.42773E-04
 19225.  0.42778E-04
 19230.  0.42784E-04
 19235.  0.42790E-04
 19240.  0.42796E-04
 19245.  0.42802E-04
 19250.  0.42808E-04
 19255.  0.42813E-04
 19260.  0.42819E-04
 19265.  0.42825E-04
 19270.  0.42831E-04
 19275.  0.42837E-04
 19280.  0.42843E-04
 19285.  0.42849E-04
 19290.  0.42854E-04
 19295.  0.42860E-04
 19300.  0.42866E-04
 19305.  0.42872E-04
 19310.  0.42878E-04
 19315.  0.42904E-04
 19320.  0.42927E-04
 19325.  0.42950E-04
 19330.  0.42693E-04
 19335.  0.42066E-04
 19340.  0.42464E-04
 19345.  0.42770E-04
 19350.  0.41960E-04
 19355.  0.40556E-04
 19360.  0.41402E-04
 19365.  0.41689E-04
 19370.  0.42013E-04
 19375.  0.42538E-04
 19380.  0.42933E-04
 19385.  0.40080E-04
 19390.  0.39818E-04
 19395.  0.41061E-04
 19400.  0.42686E-04
 19405.  0.41669E-04
 19410.  0.40648E-04
 19415.  0.39532E-04
 19420.  0.39859E-04
 19425.  0.41351E-04
 19430.  0.41933E-04
 19435.  0.45263E-04
 19440.  0.47060E-04
 19445.  0.44224E-04
 19450.  0.45544E-04
 19455.  0.47363E-04
 19460.  0.47099E-04
 19465.  0.46404E-04
 19470.  0.46554E-04
 19475.  0.45922E-04
 19480.  0.44522E-04
 19485.  0.43562E-04
 19490.  0.42967E-04
 19495.  0.43016E-04
 19500.  0.42836E-04
 19505.  0.42444E-04
 19510.  0.41936E-04
 19515.  0.42402E-04
 19520.  0.43103E-04
 19525.  0.43617E-04
 19530.  0.43378E-04
 19535.  0.42869E-04
 19540.  0.42360E-04
 19545.  0.42752E-04
 19550.  0.43416E-04
 19555.  0.44064E-04
 19560.  0.44025E-04
 19565.  0.44100E-04
 19570.  0.44465E-04
 19575.  0.45115E-04
 19580.  0.45031E-04
 19585.  0.43712E-04
 19590.  0.43775E-04
 19595.  0.43637E-04
 19600.  0.43765E-04
 19605.  0.43959E-04
 19610.  0.44424E-04
 19615.  0.44957E-04
 19620.  0.45162E-04
 19625.  0.44213E-04
 19630.  0.42748E-04
 19635.  0.41348E-04
 19640.  0.41069E-04
 19645.  0.41364E-04
 19650.  0.41948E-04
 19655.  0.42530E-04
 19660.  0.42981E-04
 19665.  0.43148E-04
 19670.  0.42783E-04
 19675.  0.42286E-04
 19680.  0.41878E-04
 19685.  0.41865E-04
 19690.  0.41934E-04
 19695.  0.42009E-04
 19700.  0.42472E-04
 19705.  0.42941E-04
 19710.  0.43299E-04
 19715.  0.43141E-04
 19720.  0.43009E-04
 19725.  0.42878E-04
 19730.  0.42345E-04
 19735.  0.41451E-04
 19740.  0.40566E-04
 19745.  0.40525E-04
 19750.  0.41120E-04
 19755.  0.41876E-04
 19760.  0.42113E-04
 19765.  0.41878E-04
 19770.  0.41366E-04
 19775.  0.40677E-04
 19780.  0.40914E-04
 19785.  0.41759E-04
 19790.  0.43015E-04
 19795.  0.43104E-04
 19800.  0.42452E-04
 19805.  0.41273E-04
 19810.  0.41115E-04
 19815.  0.41336E-04
 19820.  0.41623E-04
 19825.  0.41453E-04
 19830.  0.41242E-04
 19835.  0.41166E-04
 19840.  0.41364E-04
 19845.  0.41512E-04
 19850.  0.41550E-04
 19855.  0.41550E-04
 19860.  0.41429E-04
 19865.  0.41152E-04
 19870.  0.40685E-04
 19875.  0.40835E-04
 19880.  0.41523E-04
 19885.  0.42423E-04
 19890.  0.42917E-04
 19895.  0.42928E-04
 19900.  0.42335E-04
 19905.  0.41784E-04
 19910.  0.41341E-04
 19915.  0.41034E-04
 19920.  0.40873E-04
 19925.  0.40919E-04
 19930.  0.41338E-04
 19935.  0.41598E-04
 19940.  0.41537E-04
 19945.  0.40965E-04
 19950.  0.40511E-04
 19955.  0.40314E-04
 19960.  0.40510E-04
 19965.  0.41047E-04
 19970.  0.41597E-04
 19975.  0.42024E-04
 19980.  0.42211E-04
 19985.  0.42263E-04
 19990.  0.42177E-04
 19995.  0.41900E-04
 20000.  0.41658E-04
 20005.  0.41546E-04
 20010.  0.41715E-04
 20015.  0.41938E-04
 20020.  0.42099E-04
 20025.  0.41907E-04
 20030.  0.41620E-04
 20035.  0.41505E-04
 20040.  0.42016E-04
 20045.  0.42700E-04
 20050.  0.43170E-04
 20055.  0.42913E-04
 20060.  0.42693E-04
 20065.  0.42520E-04
 20070.  0.42348E-04
 20075.  0.42183E-04
 20080.  0.42088E-04
 20085.  0.42174E-04
 20090.  0.41895E-04
 20095.  0.41467E-04
 20100.  0.41032E-04
 20105.  0.41163E-04
 20110.  0.41466E-04
 20115.  0.41754E-04
 20120.  0.41590E-04
 20125.  0.41200E-04
 20130.  0.40708E-04
 20135.  0.40734E-04
 20140.  0.41296E-04
 20145.  0.42225E-04
 20150.  0.42736E-04
 20155.  0.42697E-04
 20160.  0.42287E-04
 20165.  0.42013E-04
 20170.  0.42218E-04
 20175.  0.42799E-04
 20180.  0.43564E-04
 20185.  0.43842E-04
 20190.  0.43747E-04
 20195.  0.43427E-04
 20200.  0.42673E-04
 20205.  0.41677E-04
 20210.  0.40585E-04
 20215.  0.40146E-04
 20220.  0.40258E-04
 20225.  0.40989E-04
 20230.  0.41669E-04
 20235.  0.42097E-04
 20240.  0.42088E-04
 20245.  0.41732E-04
 20250.  0.41345E-04
 20255.  0.41135E-04
 20260.  0.41570E-04
 20265.  0.42360E-04
 20270.  0.43331E-04
 20275.  0.43832E-04
 20280.  0.43843E-04
 20285.  0.43482E-04
 20290.  0.43283E-04
 20295.  0.43530E-04
 20300.  0.44104E-04
 20305.  0.44567E-04
 20310.  0.44668E-04
 20315.  0.44399E-04
 20320.  0.43633E-04
 20325.  0.43067E-04
 20330.  0.42761E-04
 20335.  0.42862E-04
 20340.  0.43195E-04
 20345.  0.43603E-04
 20350.  0.43934E-04
 20355.  0.43873E-04
 20360.  0.43600E-04
 20365.  0.43218E-04
 20370.  0.42967E-04
 20375.  0.42971E-04
 20380.  0.43376E-04
 20385.  0.44090E-04
 20390.  0.44785E-04
 20395.  0.45143E-04
 20400.  0.43941E-04
 20405.  0.42818E-04
 20410.  0.42339E-04
 20415.  0.42256E-04
 20420.  0.42592E-04
 20425.  0.43240E-04
 20430.  0.43551E-04
 20435.  0.43231E-04
 20440.  0.42376E-04
 20445.  0.41399E-04
 20450.  0.40925E-04
 20455.  0.40994E-04
 20460.  0.41716E-04
 20465.  0.42454E-04
 20470.  0.43001E-04
 20475.  0.43012E-04
 20480.  0.42683E-04
 20485.  0.42214E-04
 20490.  0.41757E-04
 20495.  0.41336E-04
 20500.  0.41036E-04
 20505.  0.41015E-04
 20510.  0.41514E-04
 20515.  0.42294E-04
 20520.  0.43247E-04
 20525.  0.43849E-04
 20530.  0.43938E-04
 20535.  0.43338E-04
 20540.  0.42493E-04
 20545.  0.41888E-04
 20550.  0.41704E-04
 20555.  0.41671E-04
 20560.  0.41632E-04
 20565.  0.41582E-04
 20570.  0.41756E-04
 20575.  0.41935E-04
 20580.  0.41974E-04
 20585.  0.41471E-04
 20590.  0.40936E-04
 20595.  0.40647E-04
 20600.  0.41266E-04
 20605.  0.42015E-04
 20610.  0.42669E-04
 20615.  0.42919E-04
 20620.  0.43040E-04
 20625.  0.43134E-04
 20630.  0.43246E-04
 20635.  0.43151E-04
 20640.  0.43001E-04
 20645.  0.42954E-04
 20650.  0.43331E-04
 20655.  0.43785E-04
 20660.  0.44048E-04
 20665.  0.43901E-04
 20670.  0.43677E-04
 20675.  0.43522E-04
 20680.  0.43197E-04
 20685.  0.42611E-04
 20690.  0.41761E-04
 20695.  0.41264E-04
 20700.  0.41073E-04
 20705.  0.41167E-04
 20710.  0.41362E-04
 20715.  0.41736E-04
 20720.  0.42249E-04
 20725.  0.42653E-04
 20730.  0.42657E-04
 20735.  0.42319E-04
 20740.  0.41873E-04
 20745.  0.41655E-04
 20750.  0.41618E-04
 20755.  0.41637E-04
 20760.  0.41621E-04
 20765.  0.41668E-04
 20770.  0.41985E-04
 20775.  0.42228E-04
 20780.  0.42273E-04
 20785.  0.41920E-04
 20790.  0.41571E-04
 20795.  0.41434E-04
 20800.  0.41750E-04
 20805.  0.42244E-04
 20810.  0.42645E-04
 20815.  0.42764E-04
 20820.  0.42675E-04
 20825.  0.42528E-04
 20830.  0.42369E-04
 20835.  0.42231E-04
 20840.  0.42258E-04
 20845.  0.42548E-04
 20850.  0.43283E-04
 20855.  0.44044E-04
 20860.  0.44634E-04
 20865.  0.44534E-04
 20870.  0.44107E-04
 20875.  0.43557E-04
 20880.  0.43291E-04
 20885.  0.43223E-04
 20890.  0.43129E-04
 20895.  0.42504E-04
 20900.  0.42027E-04
 20905.  0.41940E-04
 20910.  0.42752E-04
 20915.  0.43688E-04
 20920.  0.44402E-04
 20925.  0.44428E-04
 20930.  0.44143E-04
 20935.  0.43736E-04
 20940.  0.43317E-04
 20945.  0.42908E-04
 20950.  0.42558E-04
 20955.  0.42344E-04
 20960.  0.42449E-04
 20965.  0.42824E-04
 20970.  0.43464E-04
 20975.  0.43971E-04
 20980.  0.44242E-04
 20985.  0.44236E-04
 20990.  0.44107E-04
 20995.  0.43920E-04
 21000.  0.43624E-04
 21005.  0.42918E-04
 21010.  0.42306E-04
 21015.  0.41996E-04
 21020.  0.42461E-04
 21025.  0.43262E-04
 21030.  0.44094E-04
 21035.  0.44353E-04
 21040.  0.44187E-04
 21045.  0.43861E-04
 21050.  0.43773E-04
 21055.  0.43942E-04
 21060.  0.44096E-04
 21065.  0.43846E-04
 21070.  0.43048E-04
 21075.  0.42153E-04
 21080.  0.41597E-04
 21085.  0.41625E-04
 21090.  0.42002E-04
 21095.  0.42631E-04
 21100.  0.42988E-04
 21105.  0.43040E-04
 21110.  0.42589E-04
 21115.  0.42205E-04
 21120.  0.41854E-04
 21125.  0.41602E-04
 21130.  0.41660E-04
 21135.  0.41832E-04
 21140.  0.42013E-04
 21145.  0.41906E-04
 21150.  0.41653E-04
 21155.  0.41402E-04
 21160.  0.41613E-04
 21165.  0.42210E-04
 21170.  0.43026E-04
 21175.  0.43727E-04
 21180.  0.43927E-04
 21185.  0.43671E-04
 21190.  0.42906E-04
 21195.  0.42204E-04
 21200.  0.41743E-04
 21205.  0.41824E-04
 21210.  0.42201E-04
 21215.  0.42719E-04
 21220.  0.43291E-04
 21225.  0.43797E-04
 21230.  0.44125E-04
 21235.  0.44103E-04
 21240.  0.43577E-04
 21245.  0.42976E-04
 21250.  0.42555E-04
 21255.  0.42559E-04
 21260.  0.42798E-04
 21265.  0.43203E-04
 21270.  0.43528E-04
 21275.  0.43684E-04
 21280.  0.43647E-04
 21285.  0.43519E-04
 21290.  0.43501E-04
 21295.  0.43610E-04
 21300.  0.43756E-04
 21305.  0.43586E-04
 21310.  0.43050E-04
 21315.  0.42043E-04
 21320.  0.41248E-04
 21325.  0.40716E-04
 21330.  0.40502E-04
 21335.  0.40438E-04
 21340.  0.40495E-04
 21345.  0.40717E-04
 21350.  0.41156E-04
 21355.  0.41711E-04
 21360.  0.42308E-04
 21365.  0.42665E-04
 21370.  0.42783E-04
 21375.  0.42580E-04
 21380.  0.42177E-04
 21385.  0.41745E-04
 21390.  0.41399E-04
 21395.  0.41336E-04
 21400.  0.41476E-04
 21405.  0.41813E-04
 21410.  0.42225E-04
 21415.  0.42612E-04
 21420.  0.42923E-04
 21425.  0.43067E-04
 21430.  0.43051E-04
 21435.  0.42883E-04
 21440.  0.42591E-04
 21445.  0.42232E-04
 21450.  0.41857E-04
 21455.  0.41587E-04
 21460.  0.41503E-04
 21465.  0.41572E-04
 21470.  0.41754E-04
 21475.  0.41846E-04
 21480.  0.41833E-04
 21485.  0.41682E-04
 21490.  0.41731E-04
 21495.  0.41986E-04
 21500.  0.42513E-04
 21505.  0.43014E-04
 21510.  0.43367E-04
 21515.  0.43398E-04
 21520.  0.43017E-04
 21525.  0.42482E-04
 21530.  0.41937E-04
 21535.  0.41636E-04
 21540.  0.41555E-04
 21545.  0.41722E-04
 21550.  0.42005E-04
 21555.  0.42238E-04
 21560.  0.42383E-04
 21565.  0.42605E-04
 21570.  0.42845E-04
 21575.  0.43033E-04
 21580.  0.42902E-04
 21585.  0.42551E-04
 21590.  0.42123E-04
 21595.  0.42044E-04
 21600.  0.42295E-04
 21605.  0.42721E-04
 21610.  0.43012E-04
 21615.  0.43182E-04
 21620.  0.43320E-04
 21625.  0.43579E-04
 21630.  0.43970E-04
 21635.  0.44462E-04
 21640.  0.45042E-04
 21645.  0.45266E-04
 21650.  0.45257E-04
 21655.  0.45046E-04
 21660.  0.44580E-04
 21665.  0.43796E-04
 21670.  0.42581E-04
 21675.  0.41530E-04
 21680.  0.41042E-04
 21685.  0.41424E-04
 21690.  0.42136E-04
 21695.  0.42718E-04
 21700.  0.42989E-04
 21705.  0.43064E-04
 21710.  0.43216E-04
 21715.  0.43487E-04
 21720.  0.43660E-04
 21725.  0.43748E-04
 21730.  0.43748E-04
 21735.  0.43612E-04
 21740.  0.43340E-04
 21745.  0.42976E-04
 21750.  0.42597E-04
 21755.  0.42341E-04
 21760.  0.42206E-04
 21765.  0.42221E-04
 21770.  0.42287E-04
 21775.  0.42344E-04
 21780.  0.42317E-04
 21785.  0.42234E-04
 21790.  0.42172E-04
 21795.  0.42222E-04
 21800.  0.42326E-04
 21805.  0.42382E-04
 21810.  0.42303E-04
 21815.  0.42152E-04
 21820.  0.42089E-04
 21825.  0.42240E-04
 21830.  0.42665E-04
 21835.  0.43098E-04
 21840.  0.43404E-04
 21845.  0.43432E-04
 21850.  0.43273E-04
 21855.  0.42964E-04
 21860.  0.42664E-04
 21865.  0.42508E-04
 21870.  0.42539E-04
 21875.  0.42827E-04
 21880.  0.43264E-04
 21885.  0.43754E-04
 21890.  0.44074E-04
 21895.  0.44011E-04
 21900.  0.43661E-04
 21905.  0.43150E-04
 21910.  0.42943E-04
 21915.  0.42889E-04
 21920.  0.42752E-04
 21925.  0.42332E-04
 21930.  0.41813E-04
 21935.  0.41394E-04
 21940.  0.41438E-04
 21945.  0.41812E-04
 21950.  0.42501E-04
 21955.  0.43063E-04
 21960.  0.43333E-04
 21965.  0.43163E-04
 21970.  0.42983E-04
 21975.  0.43011E-04
 21980.  0.43364E-04
 21985.  0.43854E-04
 21990.  0.44181E-04
 21995.  0.44175E-04
 22000.  0.43548E-04
 22005.  0.42795E-04
 22010.  0.42099E-04
 22015.  0.41772E-04
 22020.  0.41715E-04
 22025.  0.41866E-04
 22030.  0.42138E-04
 22035.  0.42321E-04
 22040.  0.42362E-04
 22045.  0.42137E-04
 22050.  0.41822E-04
 22055.  0.41542E-04
 22060.  0.41506E-04
 22065.  0.41802E-04
 22070.  0.42289E-04
 22075.  0.42872E-04
 22080.  0.43228E-04
 22085.  0.43336E-04
 22090.  0.43100E-04
 22095.  0.42823E-04
 22100.  0.42706E-04
 22105.  0.42930E-04
 22110.  0.43416E-04
 22115.  0.43868E-04
 22120.  0.44117E-04
 22125.  0.44053E-04
 22130.  0.43840E-04
 22135.  0.43558E-04
 22140.  0.43483E-04
 22145.  0.43713E-04
 22150.  0.44257E-04
 22155.  0.44975E-04
 22160.  0.45508E-04
 22165.  0.45766E-04
 22170.  0.45609E-04
 22175.  0.45351E-04
 22180.  0.45070E-04
 22185.  0.44832E-04
 22190.  0.44355E-04
 22195.  0.43785E-04
 22200.  0.43397E-04
 22205.  0.43321E-04
 22210.  0.43470E-04
 22215.  0.43824E-04
 22220.  0.44169E-04
 22225.  0.44430E-04
 22230.  0.44513E-04
 22235.  0.44534E-04
 22240.  0.44605E-04
 22245.  0.44812E-04
 22250.  0.45084E-04
 22255.  0.45299E-04
 22260.  0.45353E-04
 22265.  0.45002E-04
 22270.  0.44270E-04
 22275.  0.43230E-04
 22280.  0.42749E-04
 22285.  0.42724E-04
 22290.  0.43082E-04
 22295.  0.43435E-04
 22300.  0.43675E-04
 22305.  0.43822E-04
 22310.  0.44033E-04
 22315.  0.44288E-04
 22320.  0.44626E-04
 22325.  0.45194E-04
 22330.  0.45617E-04
 22335.  0.45764E-04
 22340.  0.45327E-04
 22345.  0.44620E-04
 22350.  0.43880E-04
 22355.  0.43394E-04
 22360.  0.43277E-04
 22365.  0.43364E-04
 22370.  0.43561E-04
 22375.  0.43634E-04
 22380.  0.43607E-04
 22385.  0.43480E-04
 22390.  0.43428E-04
 22395.  0.43467E-04
 22400.  0.43611E-04
 22405.  0.43675E-04
 22410.  0.43572E-04
 22415.  0.43210E-04
 22420.  0.42446E-04
 22425.  0.42192E-04
 22430.  0.42630E-04
 22435.  0.42964E-04
 22440.  0.43024E-04
 22445.  0.42845E-04
 22450.  0.42715E-04
 22455.  0.42790E-04
 22460.  0.43048E-04
 22465.  0.43419E-04
 22470.  0.43774E-04
 22475.  0.44054E-04
 22480.  0.44123E-04
 22485.  0.44075E-04
 22490.  0.43967E-04
 22495.  0.43838E-04
 22500.  0.43689E-04
 22505.  0.43534E-04
 22510.  0.43382E-04
 22515.  0.43232E-04
 22520.  0.43146E-04
 22525.  0.43203E-04
 22530.  0.43327E-04
 22535.  0.43406E-04
 22540.  0.43359E-04
 22545.  0.43216E-04
 22550.  0.42916E-04
 22555.  0.42378E-04
 22560.  0.41492E-04
 22565.  0.40600E-04
 22570.  0.39881E-04
 22575.  0.39725E-04
 22580.  0.39882E-04
 22585.  0.40256E-04
 22590.  0.40663E-04
 22595.  0.41111E-04
 22600.  0.41570E-04
 22605.  0.41950E-04
 22610.  0.42119E-04
 22615.  0.42115E-04
 22620.  0.41994E-04
 22625.  0.42116E-04
 22630.  0.42435E-04
 22635.  0.42909E-04
 22640.  0.43221E-04
 22645.  0.43359E-04
 22650.  0.43255E-04
 22655.  0.43072E-04
 22660.  0.42956E-04
 22665.  0.43064E-04
 22670.  0.43340E-04
 22675.  0.43601E-04
 22680.  0.43706E-04
 22685.  0.43520E-04
 22690.  0.43265E-04
 22695.  0.43054E-04
 22700.  0.43058E-04
 22705.  0.43180E-04
 22710.  0.43344E-04
 22715.  0.43190E-04
 22720.  0.43103E-04
 22725.  0.43127E-04
 22730.  0.42992E-04
 22735.  0.42878E-04
 22740.  0.42855E-04
 22745.  0.43067E-04
 22750.  0.43200E-04
 22755.  0.43218E-04
 22760.  0.43100E-04
 22765.  0.43004E-04
 22770.  0.42958E-04
 22775.  0.43007E-04
 22780.  0.42996E-04
 22785.  0.42946E-04
 22790.  0.42887E-04
 22795.  0.42908E-04
 22800.  0.43004E-04
 22805.  0.43200E-04
 22810.  0.43449E-04
 22815.  0.43677E-04
 22820.  0.43820E-04
 22825.  0.43871E-04
 22830.  0.43880E-04
 22835.  0.43853E-04
 22840.  0.43738E-04
 22845.  0.43552E-04
 22850.  0.43298E-04
 22855.  0.43028E-04
 22860.  0.42791E-04
 22865.  0.42608E-04
 22870.  0.42523E-04
 22875.  0.42599E-04
 22880.  0.42810E-04
 22885.  0.43032E-04
 22890.  0.43132E-04
 22895.  0.43146E-04
 22900.  0.43187E-04
 22905.  0.43209E-04
 22910.  0.43109E-04
 22915.  0.42608E-04
 22920.  0.41322E-04
 22925.  0.39342E-04
 22930.  0.36520E-04
 22935.  0.34069E-04
 22940.  0.32317E-04
 22945.  0.31858E-04
 22950.  0.32379E-04
 22955.  0.33221E-04
 22960.  0.34012E-04
 22965.  0.34788E-04
 22970.  0.35553E-04
 22975.  0.36285E-04
 22980.  0.36814E-04
 22985.  0.37144E-04
 22990.  0.37292E-04
 22995.  0.37630E-04
 23000.  0.38020E-04
 23005.  0.38376E-04
 23010.  0.38431E-04
 23015.  0.38264E-04
 23020.  0.37943E-04
 23025.  0.37674E-04
 23030.  0.37578E-04
 23035.  0.37654E-04
 23040.  0.37892E-04
 23045.  0.38119E-04
 23050.  0.38292E-04
 23055.  0.38336E-04
 23060.  0.38337E-04
 23065.  0.38334E-04
 23070.  0.38371E-04
 23075.  0.38402E-04
 23080.  0.38385E-04
 23085.  0.38268E-04
 23090.  0.38336E-04
 23095.  0.38575E-04
 23100.  0.39014E-04
 23105.  0.39325E-04
 23110.  0.39429E-04
 23115.  0.39236E-04
 23120.  0.38997E-04
 23125.  0.38887E-04
 23130.  0.39013E-04
 23135.  0.39383E-04
 23140.  0.39774E-04
 23145.  0.40108E-04
 23150.  0.40341E-04
 23155.  0.40338E-04
 23160.  0.40047E-04
 23165.  0.39387E-04
 23170.  0.38826E-04
 23175.  0.38466E-04
 23180.  0.38420E-04
 23185.  0.38515E-04
 23190.  0.38670E-04
 23195.  0.38781E-04
 23200.  0.38792E-04
 23205.  0.38599E-04
 23210.  0.37911E-04
 23215.  0.36458E-04
 23220.  0.34589E-04
 23225.  0.32617E-04
 23230.  0.31860E-04
 23235.  0.31937E-04
 23240.  0.32751E-04
 23245.  0.33513E-04
 23250.  0.34039E-04
 23255.  0.34166E-04
 23260.  0.34145E-04
 23265.  0.34208E-04
 23270.  0.34475E-04
 23275.  0.34807E-04
 23280.  0.35090E-04
 23285.  0.35302E-04
 23290.  0.35614E-04
 23295.  0.35987E-04
 23300.  0.36391E-04
 23305.  0.36716E-04
 23310.  0.36883E-04
 23315.  0.36886E-04
 23320.  0.36720E-04
 23325.  0.36644E-04
 23330.  0.36685E-04
 23335.  0.36871E-04
 23340.  0.37055E-04
 23345.  0.37194E-04
 23350.  0.37212E-04
 23355.  0.37137E-04
 23360.  0.37050E-04
 23365.  0.37049E-04
 23370.  0.37173E-04
 23375.  0.37325E-04
 23380.  0.37408E-04
 23385.  0.37233E-04
 23390.  0.36962E-04
 23395.  0.36696E-04
 23400.  0.36566E-04
 23405.  0.36537E-04
 23410.  0.36633E-04
 23415.  0.37028E-04
 23420.  0.37350E-04
 23425.  0.37432E-04
 23430.  0.37211E-04
 23435.  0.36968E-04
 23440.  0.36746E-04
 23445.  0.36356E-04
 23450.  0.36213E-04
 23455.  0.36376E-04
 23460.  0.36793E-04
 23465.  0.36987E-04
 23470.  0.36936E-04
 23475.  0.36677E-04
 23480.  0.36256E-04
 23485.  0.35786E-04
 23490.  0.35463E-04
 23495.  0.35423E-04
 23500.  0.35483E-04
 23505.  0.35389E-04
 23510.  0.34644E-04
 23515.  0.33566E-04
 23520.  0.32403E-04
 23525.  0.31814E-04
 23530.  0.31588E-04
 23535.  0.31705E-04
 23540.  0.32372E-04
 23545.  0.33150E-04
 23550.  0.33774E-04
 23555.  0.33898E-04
 23560.  0.34056E-04
 23565.  0.34446E-04
 23570.  0.34809E-04
 23575.  0.35012E-04
 23580.  0.35004E-04
 23585.  0.34830E-04
 23590.  0.34677E-04
 23595.  0.34626E-04
 23600.  0.34856E-04
 23605.  0.35237E-04
 23610.  0.35649E-04
 23615.  0.35803E-04
 23620.  0.35541E-04
 23625.  0.35040E-04
 23630.  0.34607E-04
 23635.  0.34355E-04
 23640.  0.34199E-04
 23645.  0.34039E-04
 23650.  0.33839E-04
 23655.  0.33819E-04
 23660.  0.34313E-04
 23665.  0.34929E-04
 23670.  0.35511E-04
 23675.  0.35953E-04
 23680.  0.36577E-04
 23685.  0.37327E-04
 23690.  0.38100E-04
 23695.  0.37889E-04
 23700.  0.37187E-04
 23705.  0.36271E-04
 23710.  0.36357E-04
 23715.  0.36319E-04
 23720.  0.35822E-04
 23725.  0.35207E-04
 23730.  0.34839E-04
 23735.  0.34765E-04
 23740.  0.34783E-04
 23745.  0.34727E-04
 23750.  0.34693E-04
 23755.  0.35089E-04
 23760.  0.35714E-04
 23765.  0.36306E-04
 23770.  0.36305E-04
 23775.  0.35758E-04
 23780.  0.35129E-04
 23785.  0.35156E-04
 23790.  0.35623E-04
 23795.  0.36072E-04
 23800.  0.35950E-04
 23805.  0.35567E-04
 23810.  0.35231E-04
 23815.  0.35209E-04
 23820.  0.35200E-04
 23825.  0.35054E-04
 23830.  0.34692E-04
 23835.  0.34811E-04
 23840.  0.35046E-04
 23845.  0.35196E-04
 23850.  0.34907E-04
 23855.  0.34462E-04
 23860.  0.34031E-04
 23865.  0.34188E-04
 23870.  0.34565E-04
 23875.  0.35028E-04
 23880.  0.35355E-04
 23885.  0.35576E-04
 23890.  0.35721E-04
 23895.  0.35849E-04
 23900.  0.36065E-04
 23905.  0.36271E-04
 23910.  0.36161E-04
 23915.  0.35809E-04
 23920.  0.35484E-04
 23925.  0.35671E-04
 23930.  0.35878E-04
 23935.  0.35882E-04
 23940.  0.35348E-04
 23945.  0.34629E-04
 23950.  0.34156E-04
 23955.  0.34443E-04
 23960.  0.35280E-04
 23965.  0.36024E-04
 23970.  0.36165E-04
 23975.  0.35652E-04
 23980.  0.35207E-04
 23985.  0.35205E-04
 23990.  0.35318E-04
 23995.  0.35275E-04
 24000.  0.34984E-04
 24005.  0.34745E-04
 24010.  0.34937E-04
 24015.  0.35603E-04
 24020.  0.36260E-04
 24025.  0.36833E-04
 24030.  0.37244E-04
 24035.  0.37219E-04
 24040.  0.36732E-04
 24045.  0.36120E-04
 24050.  0.36276E-04
 24055.  0.36661E-04
 24060.  0.36955E-04
 24065.  0.36606E-04
 24070.  0.35845E-04
 24075.  0.35124E-04
 24080.  0.35075E-04
 24085.  0.35013E-04
 24090.  0.34821E-04
 24095.  0.34384E-04
 24100.  0.34218E-04
 24105.  0.34310E-04
 24110.  0.34718E-04
 24115.  0.35203E-04
 24120.  0.35386E-04
 24125.  0.34958E-04
 24130.  0.33962E-04
 24135.  0.33357E-04
 24140.  0.33520E-04
 24145.  0.33598E-04
 24150.  0.33464E-04
 24155.  0.33133E-04
 24160.  0.33021E-04
 24165.  0.32986E-04
 24170.  0.33001E-04
 24175.  0.33083E-04
 24180.  0.33154E-04
 24185.  0.33178E-04
 24190.  0.33078E-04
 24195.  0.32957E-04
 24200.  0.32943E-04
 24205.  0.33329E-04
 24210.  0.33617E-04
 24215.  0.33677E-04
 24220.  0.33277E-04
 24225.  0.33062E-04
 24230.  0.33050E-04
 24235.  0.33299E-04
 24240.  0.33522E-04
 24245.  0.33663E-04
 24250.  0.33662E-04
 24255.  0.33708E-04
 24260.  0.33761E-04
 24265.  0.33792E-04
 24270.  0.33833E-04
 24275.  0.33877E-04
 24280.  0.33911E-04
 24285.  0.33850E-04
 24290.  0.33759E-04
 24295.  0.33646E-04
 24300.  0.33443E-04
 24305.  0.33378E-04
 24310.  0.33555E-04
 24315.  0.34194E-04
 24320.  0.34285E-04
 24325.  0.33808E-04
 24330.  0.33112E-04
 24335.  0.32558E-04
 24340.  0.32149E-04
 24345.  0.31861E-04
 24350.  0.32554E-04
 24355.  0.33549E-04
 24360.  0.33675E-04
 24365.  0.32826E-04
 24370.  0.31827E-04
 24375.  0.31642E-04
 24380.  0.31899E-04
 24385.  0.32306E-04
 24390.  0.32659E-04
 24395.  0.32698E-04
 24400.  0.32531E-04
 24405.  0.32207E-04
 24410.  0.32214E-04
 24415.  0.32577E-04
 24420.  0.33307E-04
 24425.  0.33674E-04
 24430.  0.33342E-04
 24435.  0.32192E-04
 24440.  0.30934E-04
 24445.  0.30259E-04
 24450.  0.30341E-04
 24455.  0.31031E-04
 24460.  0.31634E-04
 24465.  0.32043E-04
 24470.  0.32307E-04
 24475.  0.32580E-04
 24480.  0.32827E-04
 24485.  0.32882E-04
 24490.  0.32514E-04
 24495.  0.31817E-04
 24500.  0.30863E-04
 24505.  0.30487E-04
 24510.  0.30505E-04
 24515.  0.30755E-04
 24520.  0.30841E-04
 24525.  0.31057E-04
 24530.  0.31761E-04
 24535.  0.32528E-04
 24540.  0.33108E-04
 24545.  0.33257E-04
 24550.  0.33035E-04
 24555.  0.32780E-04
 24560.  0.32667E-04
 24565.  0.32716E-04
 24570.  0.32816E-04
 24575.  0.32912E-04
 24580.  0.32876E-04
 24585.  0.32748E-04
 24590.  0.32605E-04
 24595.  0.32809E-04
 24600.  0.32942E-04
 24605.  0.32861E-04
 24610.  0.32308E-04
 24615.  0.31781E-04
 24620.  0.31456E-04
 24625.  0.31693E-04
 24630.  0.31930E-04
 24635.  0.32036E-04
 24640.  0.31823E-04
 24645.  0.31746E-04
 24650.  0.31836E-04
 24655.  0.32163E-04
 24660.  0.32620E-04
 24665.  0.33048E-04
 24670.  0.33254E-04
 24675.  0.33007E-04
 24680.  0.32522E-04
 24685.  0.31907E-04
 24690.  0.31525E-04
 24695.  0.31338E-04
 24700.  0.31379E-04
 24705.  0.31627E-04
 24710.  0.32362E-04
 24715.  0.33581E-04
 24720.  0.34151E-04
 24725.  0.34036E-04
 24730.  0.33317E-04
 24735.  0.32777E-04
 24740.  0.32304E-04
 24745.  0.31872E-04
 24750.  0.31479E-04
 24755.  0.31240E-04
 24760.  0.31121E-04
 24765.  0.31259E-04
 24770.  0.31310E-04
 24775.  0.31135E-04
 24780.  0.30480E-04
 24785.  0.30253E-04
 24790.  0.30752E-04
 24795.  0.32612E-04
 24800.  0.34708E-04
 24805.  0.36060E-04
 24810.  0.35434E-04
 24815.  0.33800E-04
 24820.  0.32548E-04
 24825.  0.32903E-04
 24830.  0.35027E-04
 24835.  0.35343E-04
 24840.  0.34679E-04
 24845.  0.32390E-04
 24850.  0.30624E-04
 24855.  0.30707E-04
 24860.  0.32112E-04
 24865.  0.33999E-04
 24870.  0.35884E-04
 24875.  0.36051E-04
 24880.  0.34992E-04
 24885.  0.32978E-04
 24890.  0.31971E-04
 24895.  0.31243E-04
 24900.  0.27458E-04
