  5100.  0.51494E-06
  5105.  0.52055E-06
  5110.  0.52043E-06
  5115.  0.51963E-06
  5120.  0.52069E-06
  5125.  0.51703E-06
  5130.  0.51705E-06
  5135.  0.52205E-06
  5140.  0.53167E-06
  5145.  0.54399E-06
  5150.  0.56430E-06
  5155.  0.59203E-06
  5160.  0.63316E-06
  5165.  0.68472E-06
  5170.  0.74723E-06
  5175.  0.81636E-06
  5180.  0.88879E-06
  5185.  0.96010E-06
  5190.  0.10570E-05
  5195.  0.11350E-05
  5200.  0.12027E-05
  5205.  0.12516E-05
  5210.  0.12905E-05
  5215.  0.13272E-05
  5220.  0.13587E-05
  5225.  0.13827E-05
  5230.  0.14043E-05
  5235.  0.14332E-05
  5240.  0.14623E-05
  5245.  0.14814E-05
  5250.  0.14948E-05
  5255.  0.15009E-05
  5260.  0.15042E-05
  5265.  0.15064E-05
  5270.  0.15076E-05
  5275.  0.15091E-05
  5280.  0.15222E-05
  5285.  0.15461E-05
  5290.  0.15731E-05
  5295.  0.16071E-05
  5300.  0.16456E-05
  5305.  0.16812E-05
  5310.  0.17112E-05
  5315.  0.17447E-05
  5320.  0.17808E-05
  5325.  0.18173E-05
  5330.  0.18522E-05
  5335.  0.18839E-05
  5340.  0.19121E-05
  5345.  0.19350E-05
  5350.  0.19493E-05
  5355.  0.19604E-05
  5360.  0.19616E-05
  5365.  0.19588E-05
  5370.  0.19528E-05
  5375.  0.19409E-05
  5380.  0.19285E-05
  5385.  0.19190E-05
  5390.  0.19069E-05
  5395.  0.18916E-05
  5400.  0.18747E-05
  5405.  0.18612E-05
  5410.  0.18536E-05
  5415.  0.18536E-05
  5420.  0.18588E-05
  5425.  0.18675E-05
  5430.  0.18731E-05
  5435.  0.18771E-05
  5440.  0.18758E-05
  5445.  0.18667E-05
  5450.  0.18567E-05
  5455.  0.18476E-05
  5460.  0.18398E-05
  5465.  0.18278E-05
  5470.  0.18148E-05
  5475.  0.18013E-05
  5480.  0.17859E-05
  5485.  0.17696E-05
  5490.  0.17545E-05
  5495.  0.17448E-05
  5500.  0.17411E-05
  5505.  0.17374E-05
  5510.  0.17377E-05
  5515.  0.17444E-05
  5520.  0.17541E-05
  5525.  0.17650E-05
  5530.  0.17752E-05
  5535.  0.17808E-05
  5540.  0.17886E-05
  5545.  0.18057E-05
  5550.  0.18281E-05
  5555.  0.18455E-05
  5560.  0.18579E-05
  5565.  0.18735E-05
  5570.  0.18895E-05
  5575.  0.19035E-05
  5580.  0.19234E-05
  5585.  0.19519E-05
  5590.  0.19872E-05
  5595.  0.20195E-05
  5600.  0.20466E-05
  5605.  0.20603E-05
  5610.  0.20683E-05
  5615.  0.20696E-05
  5620.  0.20746E-05
  5625.  0.21103E-05
  5630.  0.21947E-05
  5635.  0.23364E-05
  5640.  0.25320E-05
  5645.  0.27782E-05
  5650.  0.30625E-05
  5655.  0.33554E-05
  5660.  0.36316E-05
  5665.  0.38728E-05
  5670.  0.40764E-05
  5675.  0.42413E-05
  5680.  0.43682E-05
  5685.  0.44666E-05
  5690.  0.45493E-05
  5695.  0.46130E-05
  5700.  0.46614E-05
  5705.  0.46900E-05
  5710.  0.46894E-05
  5715.  0.46560E-05
  5720.  0.45842E-05
  5725.  0.44832E-05
  5730.  0.43534E-05
  5735.  0.41976E-05
  5740.  0.40385E-05
  5745.  0.39026E-05
  5750.  0.38092E-05
  5755.  0.37526E-05
  5760.  0.37339E-05
  5765.  0.37486E-05
  5770.  0.37986E-05
  5775.  0.38675E-05
  5780.  0.39514E-05
  5785.  0.40511E-05
  5790.  0.41630E-05
  5795.  0.42762E-05
  5800.  0.43859E-05
  5805.  0.44936E-05
  5810.  0.46071E-05
  5815.  0.47181E-05
  5820.  0.48053E-05
  5825.  0.48647E-05
  5830.  0.49013E-05
  5835.  0.48983E-05
  5840.  0.48637E-05
  5845.  0.47968E-05
  5850.  0.46899E-05
  5855.  0.45386E-05
  5860.  0.43487E-05
  5865.  0.41232E-05
  5870.  0.38912E-05
  5875.  0.36633E-05
  5880.  0.34160E-05
  5885.  0.31831E-05
  5890.  0.29967E-05
  5895.  0.28824E-05
  5900.  0.28561E-05
  5905.  0.29134E-05
  5910.  0.30493E-05
  5915.  0.32394E-05
  5920.  0.34520E-05
  5925.  0.36612E-05
  5930.  0.38424E-05
  5935.  0.39960E-05
  5940.  0.41236E-05
  5945.  0.42461E-05
  5950.  0.43566E-05
  5955.  0.44470E-05
  5960.  0.45254E-05
  5965.  0.45951E-05
  5970.  0.46439E-05
  5975.  0.46631E-05
  5980.  0.46509E-05
  5985.  0.46067E-05
  5990.  0.45373E-05
  5995.  0.44628E-05
  6000.  0.43935E-05
  6005.  0.43523E-05
  6010.  0.43352E-05
  6015.  0.43469E-05
  6020.  0.43873E-05
  6025.  0.44602E-05
  6030.  0.45464E-05
  6035.  0.46438E-05
  6040.  0.47375E-05
  6045.  0.48256E-05
  6050.  0.49197E-05
  6055.  0.50297E-05
  6060.  0.51560E-05
  6065.  0.52963E-05
  6070.  0.54591E-05
  6075.  0.56276E-05
  6080.  0.57549E-05
  6085.  0.58286E-05
  6090.  0.58320E-05
  6095.  0.57965E-05
  6100.  0.57298E-05
  6105.  0.56434E-05
  6110.  0.55571E-05
  6115.  0.55030E-05
  6120.  0.54960E-05
  6125.  0.55267E-05
  6130.  0.55937E-05
  6135.  0.56629E-05
  6140.  0.57214E-05
  6145.  0.57541E-05
  6150.  0.57573E-05
  6155.  0.57383E-05
  6160.  0.57120E-05
  6165.  0.56795E-05
  6170.  0.56463E-05
  6175.  0.56310E-05
  6180.  0.56219E-05
  6185.  0.56083E-05
  6190.  0.56115E-05
  6195.  0.56451E-05
  6200.  0.56880E-05
  6205.  0.57257E-05
  6210.  0.57451E-05
  6215.  0.57398E-05
  6220.  0.57469E-05
  6225.  0.57797E-05
  6230.  0.58256E-05
  6235.  0.58954E-05
  6240.  0.59886E-05
  6245.  0.60835E-05
  6250.  0.61587E-05
  6255.  0.62189E-05
  6260.  0.62647E-05
  6265.  0.63022E-05
  6270.  0.63502E-05
  6275.  0.64218E-05
  6280.  0.65313E-05
  6285.  0.66472E-05
  6290.  0.67420E-05
  6295.  0.68094E-05
  6300.  0.68605E-05
  6305.  0.69138E-05
  6310.  0.69581E-05
  6315.  0.69682E-05
  6320.  0.69419E-05
  6325.  0.68851E-05
  6330.  0.68072E-05
  6335.  0.67015E-05
  6340.  0.65783E-05
  6345.  0.64631E-05
  6350.  0.63648E-05
  6355.  0.63005E-05
  6360.  0.62732E-05
  6365.  0.62942E-05
  6370.  0.63518E-05
  6375.  0.64457E-05
  6380.  0.65609E-05
  6385.  0.66833E-05
  6390.  0.68032E-05
  6395.  0.69261E-05
  6400.  0.70523E-05
  6405.  0.71649E-05
  6410.  0.72429E-05
  6415.  0.72936E-05
  6420.  0.73344E-05
  6425.  0.73731E-05
  6430.  0.74041E-05
  6435.  0.74517E-05
  6440.  0.75086E-05
  6445.  0.75539E-05
  6450.  0.75749E-05
  6455.  0.75715E-05
  6460.  0.75433E-05
  6465.  0.74985E-05
  6470.  0.74482E-05
  6475.  0.73868E-05
  6480.  0.73033E-05
  6485.  0.72096E-05
  6490.  0.71134E-05
  6495.  0.70406E-05
  6500.  0.70005E-05
  6505.  0.70164E-05
  6510.  0.71009E-05
  6515.  0.72570E-05
  6520.  0.74521E-05
  6525.  0.76634E-05
  6530.  0.78710E-05
  6535.  0.80484E-05
  6540.  0.81893E-05
  6545.  0.83022E-05
  6550.  0.83958E-05
  6555.  0.84710E-05
  6560.  0.85362E-05
  6565.  0.85907E-05
  6570.  0.86228E-05
  6575.  0.86479E-05
  6580.  0.87060E-05
  6585.  0.88002E-05
  6590.  0.89190E-05
  6595.  0.90663E-05
  6600.  0.92345E-05
  6605.  0.93896E-05
  6610.  0.95196E-05
  6615.  0.95961E-05
  6620.  0.96069E-05
  6625.  0.95501E-05
  6630.  0.94319E-05
  6635.  0.92707E-05
  6640.  0.91003E-05
  6645.  0.89663E-05
  6650.  0.88631E-05
  6655.  0.88022E-05
  6660.  0.87914E-05
  6665.  0.88509E-05
  6670.  0.89806E-05
  6675.  0.91525E-05
  6680.  0.93827E-05
  6685.  0.96575E-05
  6690.  0.99585E-05
  6695.  0.10249E-04
  6700.  0.10491E-04
  6705.  0.10689E-04
  6710.  0.10849E-04
  6715.  0.10999E-04
  6720.  0.11139E-04
  6725.  0.11252E-04
  6730.  0.11332E-04
  6735.  0.11388E-04
  6740.  0.11446E-04
  6745.  0.11520E-04
  6750.  0.11617E-04
  6755.  0.11741E-04
  6760.  0.11876E-04
  6765.  0.12005E-04
  6770.  0.12122E-04
  6775.  0.12206E-04
  6780.  0.12235E-04
  6785.  0.12227E-04
  6790.  0.12185E-04
  6795.  0.12116E-04
  6800.  0.12045E-04
  6805.  0.11970E-04
  6810.  0.11899E-04
  6815.  0.11849E-04
  6820.  0.11826E-04
  6825.  0.11833E-04
  6830.  0.11900E-04
  6835.  0.12028E-04
  6840.  0.12196E-04
  6845.  0.12379E-04
  6850.  0.12614E-04
  6855.  0.12909E-04
  6860.  0.13259E-04
  6865.  0.13639E-04
  6870.  0.14006E-04
  6875.  0.14326E-04
  6880.  0.14471E-04
  6885.  0.14432E-04
  6890.  0.14206E-04
  6895.  0.13839E-04
  6900.  0.13372E-04
  6905.  0.12764E-04
  6910.  0.12050E-04
  6915.  0.11348E-04
  6920.  0.10704E-04
  6925.  0.10137E-04
  6930.  0.96233E-05
  6935.  0.91926E-05
  6940.  0.88237E-05
  6945.  0.85265E-05
  6950.  0.83105E-05
  6955.  0.82126E-05
  6960.  0.82230E-05
  6965.  0.83297E-05
  6970.  0.84710E-05
  6975.  0.86096E-05
  6980.  0.87337E-05
  6985.  0.88598E-05
  6990.  0.89700E-05
  6995.  0.90846E-05
  7000.  0.92506E-05
  7005.  0.94684E-05
  7010.  0.97452E-05
  7015.  0.10065E-04
  7020.  0.10428E-04
  7025.  0.10813E-04
  7030.  0.11199E-04
  7035.  0.11547E-04
  7040.  0.11807E-04
  7045.  0.11975E-04
  7050.  0.12022E-04
  7055.  0.11934E-04
  7060.  0.11715E-04
  7065.  0.11378E-04
  7070.  0.10923E-04
  7075.  0.10385E-04
  7080.  0.98354E-05
  7085.  0.93464E-05
  7090.  0.89299E-05
  7095.  0.86266E-05
  7100.  0.83962E-05
  7105.  0.82424E-05
  7110.  0.81405E-05
  7115.  0.81013E-05
  7120.  0.81288E-05
  7125.  0.82473E-05
  7130.  0.84340E-05
  7135.  0.86711E-05
  7140.  0.89141E-05
  7145.  0.91526E-05
  7150.  0.93693E-05
  7155.  0.95964E-05
  7160.  0.98400E-05
  7165.  0.10098E-04
  7170.  0.10383E-04
  7175.  0.10683E-04
  7180.  0.10994E-04
  7185.  0.11283E-04
  7190.  0.11540E-04
  7195.  0.11765E-04
  7200.  0.11965E-04
  7205.  0.12177E-04
  7210.  0.12405E-04
  7215.  0.12558E-04
  7220.  0.12621E-04
  7225.  0.12564E-04
  7230.  0.12409E-04
  7235.  0.12170E-04
  7240.  0.11889E-04
  7245.  0.11594E-04
  7250.  0.11288E-04
  7255.  0.11039E-04
  7260.  0.10837E-04
  7265.  0.10691E-04
  7270.  0.10571E-04
  7275.  0.10494E-04
  7280.  0.10472E-04
  7285.  0.10535E-04
  7290.  0.10663E-04
  7295.  0.10838E-04
  7300.  0.11041E-04
  7305.  0.11249E-04
  7310.  0.11444E-04
  7315.  0.11606E-04
  7320.  0.11724E-04
  7325.  0.11818E-04
  7330.  0.11924E-04
  7335.  0.12071E-04
  7340.  0.12257E-04
  7345.  0.12464E-04
  7350.  0.12684E-04
  7355.  0.12920E-04
  7360.  0.13182E-04
  7365.  0.13467E-04
  7370.  0.13775E-04
  7375.  0.14061E-04
  7380.  0.14314E-04
  7385.  0.14556E-04
  7390.  0.14805E-04
  7395.  0.15017E-04
  7400.  0.15177E-04
  7405.  0.15240E-04
  7410.  0.15212E-04
  7415.  0.15086E-04
  7420.  0.14896E-04
  7425.  0.14676E-04
  7430.  0.14467E-04
  7435.  0.14276E-04
  7440.  0.14104E-04
  7445.  0.13987E-04
  7450.  0.13938E-04
  7455.  0.13913E-04
  7460.  0.13906E-04
  7465.  0.13943E-04
  7470.  0.14059E-04
  7475.  0.14245E-04
  7480.  0.14490E-04
  7485.  0.14802E-04
  7490.  0.15171E-04
  7495.  0.15555E-04
  7500.  0.15914E-04
  7505.  0.16234E-04
  7510.  0.16487E-04
  7515.  0.16688E-04
  7520.  0.16870E-04
  7525.  0.17065E-04
  7530.  0.17268E-04
  7535.  0.17479E-04
  7540.  0.17717E-04
  7545.  0.17941E-04
  7550.  0.18154E-04
  7555.  0.18300E-04
  7560.  0.18430E-04
  7565.  0.18452E-04
  7570.  0.18399E-04
  7575.  0.18318E-04
  7580.  0.18244E-04
  7585.  0.18250E-04
  7590.  0.18403E-04
  7595.  0.18615E-04
  7600.  0.18940E-04
  7605.  0.19052E-04
  7610.  0.19109E-04
  7615.  0.19042E-04
  7620.  0.19014E-04
  7625.  0.19086E-04
  7630.  0.19196E-04
  7635.  0.19314E-04
  7640.  0.19385E-04
  7645.  0.19384E-04
  7650.  0.19363E-04
  7655.  0.19344E-04
  7660.  0.19403E-04
  7665.  0.19534E-04
  7670.  0.19722E-04
  7675.  0.19961E-04
  7680.  0.20217E-04
  7685.  0.20411E-04
  7690.  0.20529E-04
  7695.  0.20588E-04
  7700.  0.20619E-04
  7705.  0.20617E-04
  7710.  0.20562E-04
  7715.  0.20519E-04
  7720.  0.20510E-04
  7725.  0.20511E-04
  7730.  0.20554E-04
  7735.  0.20690E-04
  7740.  0.20909E-04
  7745.  0.21153E-04
  7750.  0.21371E-04
  7755.  0.21563E-04
  7760.  0.21723E-04
  7765.  0.21854E-04
  7770.  0.22004E-04
  7775.  0.22183E-04
  7780.  0.22365E-04
  7785.  0.22523E-04
  7790.  0.22630E-04
  7795.  0.22711E-04
  7800.  0.22732E-04
  7805.  0.22686E-04
  7810.  0.22539E-04
  7815.  0.22319E-04
  7820.  0.21996E-04
  7825.  0.21549E-04
  7830.  0.20949E-04
  7835.  0.20231E-04
  7840.  0.19438E-04
  7845.  0.18631E-04
  7850.  0.17837E-04
  7855.  0.17062E-04
  7860.  0.16321E-04
  7865.  0.15646E-04
  7870.  0.15009E-04
  7875.  0.14381E-04
  7880.  0.13762E-04
  7885.  0.13153E-04
  7890.  0.12561E-04
  7895.  0.12031E-04
  7900.  0.11589E-04
  7905.  0.11244E-04
  7910.  0.10977E-04
  7915.  0.10766E-04
  7920.  0.10610E-04
  7925.  0.10516E-04
  7930.  0.10489E-04
  7935.  0.10519E-04
  7940.  0.10644E-04
  7945.  0.10880E-04
  7950.  0.11226E-04
  7955.  0.11671E-04
  7960.  0.12188E-04
  7965.  0.12734E-04
  7970.  0.13282E-04
  7975.  0.13810E-04
  7980.  0.14260E-04
  7985.  0.14605E-04
  7990.  0.14842E-04
  7995.  0.15006E-04
  8000.  0.15156E-04
  8005.  0.15308E-04
  8010.  0.15465E-04
  8015.  0.15603E-04
  8020.  0.15701E-04
  8025.  0.15672E-04
  8030.  0.15521E-04
  8035.  0.15231E-04
  8040.  0.14813E-04
  8045.  0.14338E-04
  8050.  0.13852E-04
  8055.  0.13367E-04
  8060.  0.12908E-04
  8065.  0.12489E-04
  8070.  0.12094E-04
  8075.  0.11708E-04
  8080.  0.11368E-04
  8085.  0.11089E-04
  8090.  0.10873E-04
  8095.  0.10732E-04
  8100.  0.10693E-04
  8105.  0.10761E-04
  8110.  0.10903E-04
  8115.  0.11070E-04
  8120.  0.11228E-04
  8125.  0.11385E-04
  8130.  0.11525E-04
  8135.  0.11697E-04
  8140.  0.11916E-04
  8145.  0.12134E-04
  8150.  0.12371E-04
  8155.  0.12685E-04
  8160.  0.13052E-04
  8165.  0.13424E-04
  8170.  0.13814E-04
  8175.  0.14222E-04
  8180.  0.14651E-04
  8185.  0.15028E-04
  8190.  0.15278E-04
  8195.  0.15406E-04
  8200.  0.15523E-04
  8205.  0.15695E-04
  8210.  0.15934E-04
  8215.  0.16225E-04
  8220.  0.16489E-04
  8225.  0.16607E-04
  8230.  0.16617E-04
  8235.  0.16595E-04
  8240.  0.16505E-04
  8245.  0.16341E-04
  8250.  0.16136E-04
  8255.  0.15963E-04
  8260.  0.15853E-04
  8265.  0.15748E-04
  8270.  0.15586E-04
  8275.  0.15414E-04
  8280.  0.15257E-04
  8285.  0.15064E-04
  8290.  0.14852E-04
  8295.  0.14677E-04
  8300.  0.14582E-04
  8305.  0.14576E-04
  8310.  0.14644E-04
  8315.  0.14781E-04
  8320.  0.14962E-04
  8325.  0.15153E-04
  8330.  0.15361E-04
  8335.  0.15573E-04
  8340.  0.15746E-04
  8345.  0.15905E-04
  8350.  0.16096E-04
  8355.  0.16322E-04
  8360.  0.16586E-04
  8365.  0.16862E-04
  8370.  0.17132E-04
  8375.  0.17413E-04
  8380.  0.17701E-04
  8385.  0.17968E-04
  8390.  0.18189E-04
  8395.  0.18395E-04
  8400.  0.18607E-04
  8405.  0.18813E-04
  8410.  0.19011E-04
  8415.  0.19196E-04
  8420.  0.19358E-04
  8425.  0.19492E-04
  8430.  0.19598E-04
  8435.  0.19647E-04
  8440.  0.19690E-04
  8445.  0.19744E-04
  8450.  0.19799E-04
  8455.  0.19843E-04
  8460.  0.19834E-04
  8465.  0.19770E-04
  8470.  0.19690E-04
  8475.  0.19549E-04
  8480.  0.19337E-04
  8485.  0.19098E-04
  8490.  0.18867E-04
  8495.  0.18662E-04
  8500.  0.18504E-04
  8505.  0.18388E-04
  8510.  0.18266E-04
  8515.  0.18142E-04
  8520.  0.18046E-04
  8525.  0.18030E-04
  8530.  0.18118E-04
  8535.  0.18322E-04
  8540.  0.18654E-04
  8545.  0.19090E-04
  8550.  0.19546E-04
  8555.  0.19956E-04
  8560.  0.20307E-04
  8565.  0.20615E-04
  8570.  0.20879E-04
  8575.  0.21137E-04
  8580.  0.21363E-04
  8585.  0.21551E-04
  8590.  0.21731E-04
  8595.  0.21886E-04
  8600.  0.21978E-04
  8605.  0.22029E-04
  8610.  0.22104E-04
  8615.  0.22217E-04
  8620.  0.22359E-04
  8625.  0.22512E-04
  8630.  0.22668E-04
  8635.  0.22789E-04
  8640.  0.22823E-04
  8645.  0.22803E-04
  8650.  0.22764E-04
  8655.  0.22737E-04
  8660.  0.22748E-04
  8665.  0.22858E-04
  8670.  0.23072E-04
  8675.  0.23348E-04
  8680.  0.23618E-04
  8685.  0.23861E-04
  8690.  0.24070E-04
  8695.  0.24226E-04
  8700.  0.24306E-04
  8705.  0.24364E-04
  8710.  0.24428E-04
  8715.  0.24487E-04
  8720.  0.24476E-04
  8725.  0.24382E-04
  8730.  0.24201E-04
  8735.  0.23983E-04
  8740.  0.23715E-04
  8745.  0.23383E-04
  8750.  0.23048E-04
  8755.  0.22830E-04
  8760.  0.22792E-04
  8765.  0.22876E-04
  8770.  0.23039E-04
  8775.  0.23258E-04
  8780.  0.23526E-04
  8785.  0.23716E-04
  8790.  0.23853E-04
  8795.  0.23924E-04
  8800.  0.23938E-04
  8805.  0.23994E-04
  8810.  0.24084E-04
  8815.  0.24165E-04
  8820.  0.24266E-04
  8825.  0.24460E-04
  8830.  0.24691E-04
  8835.  0.24849E-04
  8840.  0.24926E-04
  8845.  0.24934E-04
  8850.  0.24918E-04
  8855.  0.24877E-04
  8860.  0.24804E-04
  8865.  0.24770E-04
  8870.  0.24883E-04
  8875.  0.25106E-04
  8880.  0.25364E-04
  8885.  0.25620E-04
  8890.  0.25899E-04
  8895.  0.26207E-04
  8900.  0.26432E-04
  8905.  0.26564E-04
  8910.  0.26676E-04
  8915.  0.26780E-04
  8920.  0.26878E-04
  8925.  0.27003E-04
  8930.  0.27137E-04
  8935.  0.27264E-04
  8940.  0.27410E-04
  8945.  0.27542E-04
  8950.  0.27655E-04
  8955.  0.27723E-04
  8960.  0.27767E-04
  8965.  0.27751E-04
  8970.  0.27683E-04
  8975.  0.27621E-04
  8980.  0.27549E-04
  8985.  0.27430E-04
  8990.  0.27366E-04
  8995.  0.27370E-04
  9000.  0.27387E-04
  9005.  0.27317E-04
  9010.  0.27291E-04
  9015.  0.27413E-04
  9020.  0.27582E-04
  9025.  0.27716E-04
  9030.  0.27829E-04
  9035.  0.27822E-04
  9040.  0.27667E-04
  9045.  0.27545E-04
  9050.  0.27472E-04
  9055.  0.27452E-04
  9060.  0.27412E-04
  9065.  0.27414E-04
  9070.  0.27428E-04
  9075.  0.27440E-04
  9080.  0.27307E-04
  9085.  0.27081E-04
  9090.  0.26753E-04
  9095.  0.26131E-04
  9100.  0.25315E-04
  9105.  0.24471E-04
  9110.  0.23723E-04
  9115.  0.23095E-04
  9120.  0.22524E-04
  9125.  0.21964E-04
  9130.  0.21291E-04
  9135.  0.20447E-04
  9140.  0.19627E-04
  9145.  0.18904E-04
  9150.  0.18264E-04
  9155.  0.17660E-04
  9160.  0.17064E-04
  9165.  0.16472E-04
  9170.  0.15903E-04
  9175.  0.15381E-04
  9180.  0.14963E-04
  9185.  0.14569E-04
  9190.  0.14262E-04
  9195.  0.14047E-04
  9200.  0.13948E-04
  9205.  0.13934E-04
  9210.  0.14005E-04
  9215.  0.14217E-04
  9220.  0.14503E-04
  9225.  0.14775E-04
  9230.  0.15005E-04
  9235.  0.15251E-04
  9240.  0.15509E-04
  9245.  0.15760E-04
  9250.  0.15980E-04
  9255.  0.16178E-04
  9260.  0.16318E-04
  9265.  0.16398E-04
  9270.  0.16481E-04
  9275.  0.16475E-04
  9280.  0.16487E-04
  9285.  0.16562E-04
  9290.  0.16704E-04
  9295.  0.16902E-04
  9300.  0.17128E-04
  9305.  0.17378E-04
  9310.  0.17610E-04
  9315.  0.17799E-04
  9320.  0.17993E-04
  9325.  0.18042E-04
  9330.  0.18029E-04
  9335.  0.17987E-04
  9340.  0.17742E-04
  9345.  0.17407E-04
  9350.  0.17335E-04
  9355.  0.17309E-04
  9360.  0.17436E-04
  9365.  0.17659E-04
  9370.  0.17818E-04
  9375.  0.17854E-04
  9380.  0.17722E-04
  9385.  0.17615E-04
  9390.  0.17359E-04
  9395.  0.16956E-04
  9400.  0.16704E-04
  9405.  0.16409E-04
  9410.  0.16157E-04
  9415.  0.15853E-04
  9420.  0.15591E-04
  9425.  0.15453E-04
  9430.  0.15478E-04
  9435.  0.15570E-04
  9440.  0.15734E-04
  9445.  0.15939E-04
  9450.  0.16131E-04
  9455.  0.16274E-04
  9460.  0.16555E-04
  9465.  0.17057E-04
  9470.  0.17632E-04
  9475.  0.18028E-04
  9480.  0.18424E-04
  9485.  0.19038E-04
  9490.  0.19645E-04
  9495.  0.19944E-04
  9500.  0.20073E-04
  9505.  0.20351E-04
  9510.  0.20635E-04
  9515.  0.20832E-04
  9520.  0.21186E-04
  9525.  0.21641E-04
  9530.  0.21872E-04
  9535.  0.21846E-04
  9540.  0.21788E-04
  9545.  0.21720E-04
  9550.  0.21735E-04
  9555.  0.21710E-04
  9560.  0.21749E-04
  9565.  0.21885E-04
  9570.  0.21942E-04
  9575.  0.21838E-04
  9580.  0.21607E-04
  9585.  0.21401E-04
  9590.  0.21274E-04
  9595.  0.21308E-04
  9600.  0.21505E-04
  9605.  0.21560E-04
  9610.  0.21494E-04
  9615.  0.21462E-04
  9620.  0.21456E-04
  9625.  0.21484E-04
  9630.  0.21546E-04
  9635.  0.21530E-04
  9640.  0.21328E-04
  9645.  0.21065E-04
  9650.  0.20716E-04
  9655.  0.20437E-04
  9660.  0.20268E-04
  9665.  0.20111E-04
  9670.  0.19974E-04
  9675.  0.19883E-04
  9680.  0.19778E-04
  9685.  0.19668E-04
  9690.  0.19576E-04
  9695.  0.19521E-04
  9700.  0.19278E-04
  9705.  0.19370E-04
  9710.  0.19503E-04
  9715.  0.20020E-04
  9720.  0.20183E-04
  9725.  0.20218E-04
  9730.  0.19783E-04
  9735.  0.19853E-04
  9740.  0.19893E-04
  9745.  0.20020E-04
  9750.  0.20649E-04
  9755.  0.20837E-04
  9760.  0.20136E-04
  9765.  0.20257E-04
  9770.  0.21214E-04
  9775.  0.22075E-04
  9780.  0.21759E-04
  9785.  0.21007E-04
  9790.  0.21234E-04
  9795.  0.22264E-04
  9800.  0.22441E-04
  9805.  0.22302E-04
  9810.  0.22689E-04
  9815.  0.23611E-04
  9820.  0.24379E-04
  9825.  0.24003E-04
  9830.  0.23818E-04
  9835.  0.23809E-04
  9840.  0.23777E-04
  9845.  0.23696E-04
  9850.  0.23638E-04
  9855.  0.24183E-04
  9860.  0.24238E-04
  9865.  0.24615E-04
  9870.  0.25366E-04
  9875.  0.25045E-04
  9880.  0.25150E-04
  9885.  0.24904E-04
  9890.  0.25030E-04
  9895.  0.25899E-04
  9900.  0.24651E-04
  9905.  0.24149E-04
  9910.  0.24828E-04
  9915.  0.24841E-04
  9920.  0.25471E-04
  9925.  0.25096E-04
  9930.  0.24332E-04
  9935.  0.25078E-04
  9940.  0.25319E-04
  9945.  0.24408E-04
  9950.  0.24621E-04
  9955.  0.26868E-04
  9960.  0.27115E-04
  9965.  0.27032E-04
  9970.  0.26376E-04
  9975.  0.25084E-04
  9980.  0.26425E-04
  9985.  0.28725E-04
  9990.  0.28237E-04
  9995.  0.26750E-04
 10000.  0.26568E-04
 10005.  0.28054E-04
 10010.  0.29156E-04
 10015.  0.29321E-04
 10020.  0.28969E-04
 10025.  0.29185E-04
 10030.  0.28152E-04
 10035.  0.27157E-04
 10040.  0.28329E-04
 10045.  0.29762E-04
 10050.  0.30624E-04
 10055.  0.30477E-04
 10060.  0.29734E-04
 10065.  0.29706E-04
 10070.  0.29466E-04
 10075.  0.28801E-04
 10080.  0.27789E-04
 10085.  0.27339E-04
 10090.  0.27524E-04
 10095.  0.29186E-04
 10100.  0.30260E-04
 10105.  0.29769E-04
 10110.  0.29634E-04
 10115.  0.29155E-04
 10120.  0.30016E-04
 10125.  0.30673E-04
 10130.  0.29681E-04
 10135.  0.27738E-04
 10140.  0.25943E-04
 10145.  0.26723E-04
 10150.  0.28470E-04
 10155.  0.29333E-04
 10160.  0.30662E-04
 10165.  0.28977E-04
 10170.  0.27440E-04
 10175.  0.28402E-04
 10180.  0.29676E-04
 10185.  0.28977E-04
 10190.  0.28029E-04
 10195.  0.28412E-04
 10200.  0.29875E-04
 10205.  0.29129E-04
 10210.  0.29130E-04
 10215.  0.31923E-04
 10220.  0.32561E-04
 10225.  0.30408E-04
 10230.  0.29834E-04
 10235.  0.30828E-04
 10240.  0.31744E-04
 10245.  0.32350E-04
 10250.  0.31951E-04
 10255.  0.32256E-04
 10260.  0.30898E-04
 10265.  0.30737E-04
 10270.  0.32558E-04
 10275.  0.32569E-04
 10280.  0.32255E-04
 10285.  0.32073E-04
 10290.  0.32890E-04
 10295.  0.33443E-04
 10300.  0.32931E-04
 10305.  0.32750E-04
 10310.  0.32599E-04
 10315.  0.32842E-04
 10320.  0.31311E-04
 10325.  0.29267E-04
 10330.  0.28515E-04
 10335.  0.29581E-04
 10340.  0.31363E-04
 10345.  0.32095E-04
 10350.  0.31547E-04
 10355.  0.30352E-04
 10360.  0.29340E-04
 10365.  0.29912E-04
 10370.  0.31483E-04
 10375.  0.33236E-04
 10380.  0.33788E-04
 10385.  0.33425E-04
 10390.  0.32303E-04
 10395.  0.30778E-04
 10400.  0.31353E-04
 10405.  0.33299E-04
 10410.  0.34641E-04
 10415.  0.34611E-04
 10420.  0.32339E-04
 10425.  0.31341E-04
 10430.  0.32222E-04
 10435.  0.32400E-04
 10440.  0.32343E-04
 10445.  0.33677E-04
 10450.  0.34586E-04
 10455.  0.33848E-04
 10460.  0.31681E-04
 10465.  0.31859E-04
 10470.  0.33653E-04
 10475.  0.33952E-04
 10480.  0.33571E-04
 10485.  0.34188E-04
 10490.  0.34003E-04
 10495.  0.32100E-04
 10500.  0.31097E-04
 10505.  0.31496E-04
 10510.  0.33782E-04
 10515.  0.36959E-04
 10520.  0.38215E-04
 10525.  0.35892E-04
 10530.  0.33355E-04
 10535.  0.33539E-04
 10540.  0.35196E-04
 10545.  0.35496E-04
 10550.  0.34906E-04
 10555.  0.34890E-04
 10560.  0.35851E-04
 10565.  0.36554E-04
 10570.  0.35765E-04
 10575.  0.34080E-04
 10580.  0.32460E-04
 10585.  0.32292E-04
 10590.  0.34903E-04
 10595.  0.37124E-04
 10600.  0.36585E-04
 10605.  0.34626E-04
 10610.  0.33614E-04
 10615.  0.33325E-04
 10620.  0.33770E-04
 10625.  0.34352E-04
 10630.  0.36022E-04
 10635.  0.37996E-04
 10640.  0.38454E-04
 10645.  0.37351E-04
 10650.  0.36460E-04
 10655.  0.35520E-04
 10660.  0.33770E-04
 10665.  0.34271E-04
 10670.  0.36562E-04
 10675.  0.37083E-04
 10680.  0.37247E-04
 10685.  0.37952E-04
 10690.  0.38053E-04
 10695.  0.37802E-04
 10700.  0.37921E-04
 10705.  0.38244E-04
 10710.  0.38504E-04
 10715.  0.38283E-04
 10720.  0.37218E-04
 10725.  0.36247E-04
 10730.  0.37147E-04
 10735.  0.38503E-04
 10740.  0.38823E-04
 10745.  0.38530E-04
 10750.  0.38297E-04
 10755.  0.38519E-04
 10760.  0.38815E-04
 10765.  0.39019E-04
 10770.  0.38164E-04
 10775.  0.37243E-04
 10780.  0.38601E-04
 10785.  0.39351E-04
 10790.  0.38365E-04
 10795.  0.38455E-04
 10800.  0.40114E-04
 10805.  0.40511E-04
 10810.  0.39765E-04
 10815.  0.39430E-04
 10820.  0.38412E-04
 10825.  0.37983E-04
 10830.  0.38882E-04
 10835.  0.40477E-04
 10840.  0.41436E-04
 10845.  0.40915E-04
 10850.  0.39783E-04
 10855.  0.38605E-04
 10860.  0.37959E-04
 10865.  0.37452E-04
 10870.  0.33024E-04
 10875.  0.25559E-04
 10880.  0.23253E-04
 10885.  0.25348E-04
 10890.  0.27597E-04
 10895.  0.29448E-04
 10900.  0.30779E-04
 10905.  0.31614E-04
 10910.  0.33011E-04
 10915.  0.32796E-04
 10920.  0.28266E-04
 10925.  0.21431E-04
 10930.  0.18524E-04
 10935.  0.20440E-04
 10940.  0.22448E-04
 10945.  0.24029E-04
 10950.  0.25169E-04
 10955.  0.24288E-04
 10960.  0.21802E-04
 10965.  0.18640E-04
 10970.  0.17040E-04
 10975.  0.18339E-04
 10980.  0.20242E-04
 10985.  0.21388E-04
 10990.  0.20621E-04
 10995.  0.17826E-04
 11000.  0.16914E-04
 11005.  0.18640E-04
 11010.  0.19780E-04
 11015.  0.19655E-04
 11020.  0.19006E-04
 11025.  0.19556E-04
 11030.  0.20420E-04
 11035.  0.20085E-04
 11040.  0.19671E-04
 11045.  0.20244E-04
 11050.  0.21715E-04
 11055.  0.22148E-04
 11060.  0.21440E-04
 11065.  0.20418E-04
 11070.  0.20373E-04
 11075.  0.21771E-04
 11080.  0.22945E-04
 11085.  0.23825E-04
 11090.  0.23857E-04
 11095.  0.23495E-04
 11100.  0.24055E-04
 11105.  0.24469E-04
 11110.  0.24901E-04
 11115.  0.24746E-04
 11120.  0.24345E-04
 11125.  0.24836E-04
 11130.  0.24865E-04
 11135.  0.24907E-04
 11140.  0.27233E-04
 11145.  0.27713E-04
 11150.  0.27128E-04
 11155.  0.28824E-04
 11160.  0.27723E-04
 11165.  0.24148E-04
 11170.  0.21826E-04
 11175.  0.22037E-04
 11180.  0.23709E-04
 11185.  0.24085E-04
 11190.  0.23765E-04
 11195.  0.25048E-04
 11200.  0.24190E-04
 11205.  0.23172E-04
 11210.  0.24022E-04
 11215.  0.24812E-04
 11220.  0.24250E-04
 11225.  0.21521E-04
 11230.  0.22176E-04
 11235.  0.22646E-04
 11240.  0.22328E-04
 11245.  0.22539E-04
 11250.  0.22321E-04
 11255.  0.19590E-04
 11260.  0.19461E-04
 11265.  0.24605E-04
 11270.  0.27855E-04
 11275.  0.22770E-04
 11280.  0.19335E-04
 11285.  0.22198E-04
 11290.  0.24491E-04
 11295.  0.23635E-04
 11300.  0.24588E-04
 11305.  0.27874E-04
 11310.  0.27660E-04
 11315.  0.25456E-04
 11320.  0.26187E-04
 11325.  0.27892E-04
 11330.  0.27375E-04
 11335.  0.24502E-04
 11340.  0.23884E-04
 11345.  0.20446E-04
 11350.  0.17338E-04
 11355.  0.19461E-04
 11360.  0.22266E-04
 11365.  0.25190E-04
 11370.  0.25636E-04
 11375.  0.24832E-04
 11380.  0.25653E-04
 11385.  0.26597E-04
 11390.  0.27217E-04
 11395.  0.26416E-04
 11400.  0.26963E-04
 11405.  0.28116E-04
 11410.  0.25201E-04
 11415.  0.23225E-04
 11420.  0.24783E-04
 11425.  0.26906E-04
 11430.  0.29021E-04
 11435.  0.29147E-04
 11440.  0.26478E-04
 11445.  0.27994E-04
 11450.  0.30043E-04
 11455.  0.28403E-04
 11460.  0.26728E-04
 11465.  0.26801E-04
 11470.  0.26971E-04
 11475.  0.28461E-04
 11480.  0.30266E-04
 11485.  0.29389E-04
 11490.  0.29026E-04
 11495.  0.29140E-04
 11500.  0.26922E-04
 11505.  0.27343E-04
 11510.  0.27827E-04
 11515.  0.28202E-04
 11520.  0.27262E-04
 11525.  0.25756E-04
 11530.  0.27328E-04
 11535.  0.29014E-04
 11540.  0.27943E-04
 11545.  0.29609E-04
 11550.  0.32736E-04
 11555.  0.33143E-04
 11560.  0.32490E-04
 11565.  0.32302E-04
 11570.  0.31135E-04
 11575.  0.29566E-04
 11580.  0.30882E-04
 11585.  0.33693E-04
 11590.  0.33719E-04
 11595.  0.33138E-04
 11600.  0.32936E-04
 11605.  0.31135E-04
 11610.  0.29125E-04
 11615.  0.29161E-04
 11620.  0.30331E-04
 11625.  0.30726E-04
 11630.  0.30686E-04
 11635.  0.31387E-04
 11640.  0.32068E-04
 11645.  0.31288E-04
 11650.  0.30588E-04
 11655.  0.31229E-04
 11660.  0.31909E-04
 11665.  0.31455E-04
 11670.  0.30480E-04
 11675.  0.31448E-04
 11680.  0.32958E-04
 11685.  0.32476E-04
 11690.  0.31637E-04
 11695.  0.32418E-04
 11700.  0.33904E-04
 11705.  0.34411E-04
 11710.  0.33694E-04
 11715.  0.33769E-04
 11720.  0.34609E-04
 11725.  0.33518E-04
 11730.  0.31677E-04
 11735.  0.29372E-04
 11740.  0.28042E-04
 11745.  0.30055E-04
 11750.  0.31653E-04
 11755.  0.30971E-04
 11760.  0.31157E-04
 11765.  0.32233E-04
 11770.  0.32099E-04
 11775.  0.30301E-04
 11780.  0.29641E-04
 11785.  0.31117E-04
 11790.  0.32018E-04
 11795.  0.30999E-04
 11800.  0.30542E-04
 11805.  0.31499E-04
 11810.  0.32564E-04
 11815.  0.32641E-04
 11820.  0.31735E-04
 11825.  0.31254E-04
 11830.  0.32220E-04
 11835.  0.33837E-04
 11840.  0.33537E-04
 11845.  0.32366E-04
 11850.  0.33782E-04
 11855.  0.34794E-04
 11860.  0.33937E-04
 11865.  0.34837E-04
 11870.  0.36803E-04
 11875.  0.35516E-04
 11880.  0.33115E-04
 11885.  0.32919E-04
 11890.  0.34194E-04
 11895.  0.36406E-04
 11900.  0.37124E-04
 11905.  0.35157E-04
 11910.  0.34459E-04
 11915.  0.35284E-04
 11920.  0.34114E-04
 11925.  0.32109E-04
 11930.  0.32490E-04
 11935.  0.33359E-04
 11940.  0.33100E-04
 11945.  0.33155E-04
 11950.  0.33060E-04
 11955.  0.31727E-04
 11960.  0.30925E-04
 11965.  0.31169E-04
 11970.  0.31285E-04
 11975.  0.31645E-04
 11980.  0.31908E-04
 11985.  0.30953E-04
 11990.  0.31485E-04
 11995.  0.33621E-04
 12000.  0.34461E-04
 12005.  0.33616E-04
 12010.  0.32989E-04
 12015.  0.33435E-04
 12020.  0.33372E-04
 12025.  0.32956E-04
 12030.  0.32600E-04
 12035.  0.31275E-04
 12040.  0.30629E-04
 12045.  0.30771E-04
 12050.  0.31055E-04
 12055.  0.31817E-04
 12060.  0.32477E-04
 12065.  0.31955E-04
 12070.  0.30377E-04
 12075.  0.29753E-04
 12080.  0.31153E-04
 12085.  0.33405E-04
 12090.  0.33868E-04
 12095.  0.32231E-04
 12100.  0.32117E-04
 12105.  0.33960E-04
 12110.  0.33387E-04
 12115.  0.31875E-04
 12120.  0.32440E-04
 12125.  0.33140E-04
 12130.  0.32876E-04
 12135.  0.33014E-04
 12140.  0.33612E-04
 12145.  0.33654E-04
 12150.  0.33092E-04
 12155.  0.33032E-04
 12160.  0.33529E-04
 12165.  0.33259E-04
 12170.  0.32487E-04
 12175.  0.33548E-04
 12180.  0.35956E-04
 12185.  0.35758E-04
 12190.  0.32981E-04
 12195.  0.32430E-04
 12200.  0.35161E-04
 12205.  0.37201E-04
 12210.  0.36266E-04
 12215.  0.34901E-04
 12220.  0.34934E-04
 12225.  0.36474E-04
 12230.  0.38761E-04
 12235.  0.38692E-04
 12240.  0.36672E-04
 12245.  0.35851E-04
 12250.  0.36996E-04
 12255.  0.37692E-04
 12260.  0.37265E-04
 12265.  0.36680E-04
 12270.  0.36359E-04
 12275.  0.36196E-04
 12280.  0.36324E-04
 12285.  0.36608E-04
 12290.  0.36136E-04
 12295.  0.35507E-04
 12300.  0.36163E-04
 12305.  0.37630E-04
 12310.  0.37934E-04
 12315.  0.37198E-04
 12320.  0.37920E-04
 12325.  0.38243E-04
 12330.  0.36082E-04
 12335.  0.33839E-04
 12340.  0.33612E-04
 12345.  0.35682E-04
 12350.  0.37262E-04
 12355.  0.36666E-04
 12360.  0.35870E-04
 12365.  0.36208E-04
 12370.  0.36783E-04
 12375.  0.36240E-04
 12380.  0.35311E-04
 12385.  0.35280E-04
 12390.  0.35650E-04
 12395.  0.35553E-04
 12400.  0.35502E-04
 12405.  0.36302E-04
 12410.  0.36956E-04
 12415.  0.36737E-04
 12420.  0.36590E-04
 12425.  0.36828E-04
 12430.  0.36857E-04
 12435.  0.36627E-04
 12440.  0.36724E-04
 12445.  0.37075E-04
 12450.  0.36918E-04
 12455.  0.37000E-04
 12460.  0.38865E-04
 12465.  0.40266E-04
 12470.  0.39115E-04
 12475.  0.39279E-04
 12480.  0.39800E-04
 12485.  0.39818E-04
 12490.  0.39387E-04
 12495.  0.39189E-04
 12500.  0.39497E-04
 12505.  0.40222E-04
 12510.  0.40074E-04
 12515.  0.38924E-04
 12520.  0.38703E-04
 12525.  0.39105E-04
 12530.  0.39904E-04
 12535.  0.40468E-04
 12540.  0.40686E-04
 12545.  0.41203E-04
 12550.  0.42106E-04
 12555.  0.42306E-04
 12560.  0.41602E-04
 12565.  0.40724E-04
 12570.  0.40138E-04
 12575.  0.40344E-04
 12580.  0.41144E-04
 12585.  0.41555E-04
 12590.  0.41832E-04
 12595.  0.43030E-04
 12600.  0.44072E-04
 12605.  0.44572E-04
 12610.  0.44241E-04
 12615.  0.43463E-04
 12620.  0.42429E-04
 12625.  0.41611E-04
 12630.  0.41678E-04
 12635.  0.42286E-04
 12640.  0.42645E-04
 12645.  0.42823E-04
 12650.  0.43519E-04
 12655.  0.43630E-04
 12660.  0.43461E-04
 12665.  0.42538E-04
 12670.  0.41360E-04
 12675.  0.41575E-04
 12680.  0.42620E-04
 12685.  0.41480E-04
 12690.  0.40942E-04
 12695.  0.41240E-04
 12700.  0.41367E-04
 12705.  0.41620E-04
 12710.  0.42001E-04
 12715.  0.42150E-04
 12720.  0.41947E-04
 12725.  0.41287E-04
 12730.  0.40576E-04
 12735.  0.40542E-04
 12740.  0.40818E-04
 12745.  0.41867E-04
 12750.  0.42768E-04
 12755.  0.43377E-04
 12760.  0.43773E-04
 12765.  0.43190E-04
 12770.  0.41891E-04
 12775.  0.41452E-04
 12780.  0.41862E-04
 12785.  0.42559E-04
 12790.  0.42967E-04
 12795.  0.43077E-04
 12800.  0.42832E-04
 12805.  0.42961E-04
 12810.  0.42900E-04
 12815.  0.42129E-04
 12820.  0.41251E-04
 12825.  0.40893E-04
 12830.  0.41043E-04
 12835.  0.41845E-04
 12840.  0.42584E-04
 12845.  0.43291E-04
 12850.  0.44053E-04
 12855.  0.44662E-04
 12860.  0.44838E-04
 12865.  0.44527E-04
 12870.  0.43988E-04
 12875.  0.43684E-04
 12880.  0.43502E-04
 12885.  0.43247E-04
 12890.  0.42985E-04
 12895.  0.43311E-04
 12900.  0.43696E-04
 12905.  0.44473E-04
 12910.  0.45668E-04
 12915.  0.46275E-04
 12920.  0.45571E-04
 12925.  0.44571E-04
 12930.  0.44258E-04
 12935.  0.44312E-04
 12940.  0.44846E-04
 12945.  0.46054E-04
 12950.  0.46564E-04
 12955.  0.45945E-04
 12960.  0.45440E-04
 12965.  0.45472E-04
 12970.  0.45508E-04
 12975.  0.46192E-04
 12980.  0.47160E-04
 12985.  0.48288E-04
 12990.  0.48979E-04
 12995.  0.48883E-04
 13000.  0.48093E-04
 13005.  0.46709E-04
 13010.  0.45631E-04
 13015.  0.46222E-04
 13020.  0.47501E-04
 13025.  0.47597E-04
 13030.  0.48264E-04
 13035.  0.47830E-04
 13040.  0.46754E-04
 13045.  0.47365E-04
 13050.  0.49097E-04
 13055.  0.50506E-04
 13060.  0.51318E-04
 13065.  0.49748E-04
 13070.  0.48408E-04
 13075.  0.47777E-04
 13080.  0.47076E-04
 13085.  0.47645E-04
 13090.  0.48422E-04
 13095.  0.47979E-04
 13100.  0.47472E-04
 13105.  0.46796E-04
 13110.  0.47590E-04
 13115.  0.48432E-04
 13120.  0.48364E-04
 13125.  0.48066E-04
 13130.  0.47698E-04
 13135.  0.47241E-04
 13140.  0.47311E-04
 13145.  0.47825E-04
 13150.  0.48165E-04
 13155.  0.48107E-04
 13160.  0.49410E-04
 13165.  0.49096E-04
 13170.  0.48286E-04
 13175.  0.49259E-04
 13180.  0.50015E-04
 13185.  0.49819E-04
 13190.  0.49729E-04
 13195.  0.49355E-04
 13200.  0.48377E-04
 13205.  0.48752E-04
 13210.  0.48844E-04
 13215.  0.48853E-04
 13220.  0.49773E-04
 13225.  0.49744E-04
 13230.  0.49903E-04
 13235.  0.50509E-04
 13240.  0.50092E-04
 13245.  0.50475E-04
 13250.  0.50950E-04
 13255.  0.50758E-04
 13260.  0.51530E-04
 13265.  0.50872E-04
 13270.  0.49304E-04
 13275.  0.49225E-04
 13280.  0.49410E-04
 13285.  0.47921E-04
 13290.  0.46838E-04
 13295.  0.46667E-04
 13300.  0.47676E-04
 13305.  0.50162E-04
 13310.  0.50601E-04
 13315.  0.49392E-04
 13320.  0.48159E-04
 13325.  0.48456E-04
 13330.  0.49374E-04
 13335.  0.48029E-04
 13340.  0.47002E-04
 13345.  0.47739E-04
 13350.  0.49122E-04
 13355.  0.48493E-04
 13360.  0.48729E-04
 13365.  0.51000E-04
 13370.  0.51914E-04
 13375.  0.51065E-04
 13380.  0.51783E-04
 13385.  0.52252E-04
 13390.  0.52877E-04
 13395.  0.50935E-04
 13400.  0.50954E-04
 13405.  0.50989E-04
 13410.  0.51024E-04
 13415.  0.51058E-04
 13420.  0.51093E-04
 13425.  0.51128E-04
 13430.  0.51162E-04
 13435.  0.51197E-04
 13440.  0.51231E-04
 13445.  0.51266E-04
 13450.  0.51301E-04
 13455.  0.51335E-04
 13460.  0.51370E-04
 13465.  0.51405E-04
 13470.  0.51439E-04
 13475.  0.51474E-04
 13480.  0.51508E-04
 13485.  0.51543E-04
 13490.  0.51578E-04
 13495.  0.51612E-04
 13500.  0.51647E-04
 13505.  0.51682E-04
 13510.  0.51716E-04
 13515.  0.51751E-04
 13520.  0.51785E-04
 13525.  0.51820E-04
 13530.  0.51855E-04
 13535.  0.51889E-04
 13540.  0.51924E-04
 13545.  0.51958E-04
 13550.  0.51993E-04
 13555.  0.52028E-04
 13560.  0.52062E-04
 13565.  0.52097E-04
 13570.  0.52132E-04
 13575.  0.52166E-04
 13580.  0.52201E-04
 13585.  0.52235E-04
 13590.  0.52270E-04
 13595.  0.52305E-04
 13600.  0.52339E-04
 13605.  0.52374E-04
 13610.  0.52409E-04
 13615.  0.52443E-04
 13620.  0.52478E-04
 13625.  0.52512E-04
 13630.  0.52547E-04
 13635.  0.52582E-04
 13640.  0.52616E-04
 13645.  0.52651E-04
 13650.  0.52686E-04
 13655.  0.52720E-04
 13660.  0.52755E-04
 13665.  0.52789E-04
 13670.  0.52824E-04
 13675.  0.52859E-04
 13680.  0.52893E-04
 13685.  0.52928E-04
 13690.  0.52963E-04
 13695.  0.52997E-04
 13700.  0.53032E-04
 13705.  0.53066E-04
 13710.  0.53101E-04
 13715.  0.53136E-04
 13720.  0.53170E-04
 13725.  0.53205E-04
 13730.  0.53240E-04
 13735.  0.53274E-04
 13740.  0.53309E-04
 13745.  0.53343E-04
 13750.  0.53378E-04
 13755.  0.53413E-04
 13760.  0.53447E-04
 13765.  0.53482E-04
 13770.  0.53516E-04
 13775.  0.53551E-04
 13780.  0.53586E-04
 13785.  0.53620E-04
 13790.  0.53655E-04
 13795.  0.53690E-04
 13800.  0.53724E-04
 13805.  0.53759E-04
 13810.  0.53793E-04
 13815.  0.53828E-04
 13820.  0.53863E-04
 13825.  0.53897E-04
 13830.  0.53932E-04
 13835.  0.53967E-04
 13840.  0.54001E-04
 13845.  0.54036E-04
 13850.  0.54070E-04
 13855.  0.54105E-04
 13860.  0.54140E-04
 13865.  0.54174E-04
 13870.  0.54209E-04
 13875.  0.54244E-04
 13880.  0.54278E-04
 13885.  0.54313E-04
 13890.  0.54347E-04
 13895.  0.54382E-04
 13900.  0.54417E-04
 13905.  0.54451E-04
 13910.  0.54486E-04
 13915.  0.54521E-04
 13920.  0.54555E-04
 13925.  0.54590E-04
 13930.  0.54624E-04
 13935.  0.54659E-04
 13940.  0.54694E-04
 13945.  0.53984E-04
 13950.  0.52969E-04
 13955.  0.51953E-04
 13960.  0.50938E-04
 13965.  0.49922E-04
 13970.  0.48907E-04
 13975.  0.47892E-04
 13980.  0.46876E-04
 13985.  0.45861E-04
 13990.  0.44846E-04
 13995.  0.43830E-04
 14000.  0.42815E-04
 14005.  0.41799E-04
 14010.  0.40784E-04
 14015.  0.39769E-04
 14020.  0.38753E-04
 14025.  0.37738E-04
 14030.  0.36722E-04
 14035.  0.35707E-04
 14040.  0.34692E-04
 14045.  0.33676E-04
 14050.  0.32661E-04
 14055.  0.31645E-04
 14060.  0.31830E-04
 14065.  0.29513E-04
 14070.  0.24872E-04
 14075.  0.22206E-04
 14080.  0.23854E-04
 14085.  0.32769E-04
 14090.  0.34717E-04
 14095.  0.34788E-04
 14100.  0.34526E-04
 14105.  0.29526E-04
 14110.  0.28123E-04
 14115.  0.22948E-04
 14120.  0.25589E-04
 14125.  0.22596E-04
 14130.  0.22451E-04
 14135.  0.26537E-04
 14140.  0.31669E-04
 14145.  0.31972E-04
 14150.  0.28933E-04
 14155.  0.27044E-04
 14160.  0.29059E-04
 14165.  0.31894E-04
 14170.  0.29463E-04
 14175.  0.24304E-04
 14180.  0.27856E-04
 14185.  0.39129E-04
 14190.  0.41983E-04
 14195.  0.39101E-04
 14200.  0.35802E-04
 14205.  0.32367E-04
 14210.  0.28583E-04
 14215.  0.26666E-04
 14220.  0.28893E-04
 14225.  0.33803E-04
 14230.  0.33694E-04
 14235.  0.31486E-04
 14240.  0.32162E-04
 14245.  0.33521E-04
 14250.  0.31851E-04
 14255.  0.27485E-04
 14260.  0.24535E-04
 14265.  0.27176E-04
 14270.  0.34748E-04
 14275.  0.39552E-04
 14280.  0.37626E-04
 14285.  0.34465E-04
 14290.  0.31109E-04
 14295.  0.27234E-04
 14300.  0.25388E-04
 14305.  0.28459E-04
 14310.  0.34397E-04
 14315.  0.36103E-04
 14320.  0.32039E-04
 14325.  0.28671E-04
 14330.  0.31428E-04
 14335.  0.36115E-04
 14340.  0.36220E-04
 14345.  0.33991E-04
 14350.  0.33901E-04
 14355.  0.34871E-04
 14360.  0.34796E-04
 14365.  0.40459E-04
 14370.  0.43315E-04
 14375.  0.40460E-04
 14380.  0.36165E-04
 14385.  0.33395E-04
 14390.  0.31911E-04
 14395.  0.31432E-04
 14400.  0.31991E-04
 14405.  0.32579E-04
 14410.  0.32850E-04
 14415.  0.34854E-04
 14420.  0.35724E-04
 14425.  0.34024E-04
 14430.  0.32535E-04
 14435.  0.30981E-04
 14440.  0.33030E-04
 14445.  0.39432E-04
 14450.  0.43080E-04
 14455.  0.42137E-04
 14460.  0.43369E-04
 14465.  0.42968E-04
 14470.  0.38198E-04
 14475.  0.33643E-04
 14480.  0.29955E-04
 14485.  0.27986E-04
 14490.  0.30213E-04
 14495.  0.35733E-04
 14500.  0.38019E-04
 14505.  0.36760E-04
 14510.  0.38637E-04
 14515.  0.38349E-04
 14520.  0.34559E-04
 14525.  0.31212E-04
 14530.  0.29865E-04
 14535.  0.29894E-04
 14540.  0.30729E-04
 14545.  0.31824E-04
 14550.  0.32023E-04
 14555.  0.32534E-04
 14560.  0.33662E-04
 14565.  0.33797E-04
 14570.  0.33017E-04
 14575.  0.32337E-04
 14580.  0.31204E-04
 14585.  0.29825E-04
 14590.  0.30264E-04
 14595.  0.32338E-04
 14600.  0.34208E-04
 14605.  0.34910E-04
 14610.  0.33654E-04
 14615.  0.33349E-04
 14620.  0.35775E-04
 14625.  0.37224E-04
 14630.  0.35717E-04
 14635.  0.33870E-04
 14640.  0.32646E-04
 14645.  0.30383E-04
 14650.  0.29735E-04
 14655.  0.32581E-04
 14660.  0.35618E-04
 14665.  0.36043E-04
 14670.  0.33921E-04
 14675.  0.31378E-04
 14680.  0.31052E-04
 14685.  0.33083E-04
 14690.  0.33279E-04
 14695.  0.32484E-04
 14700.  0.32879E-04
 14705.  0.33296E-04
 14710.  0.36673E-04
 14715.  0.39642E-04
 14720.  0.40620E-04
 14725.  0.40878E-04
 14730.  0.39992E-04
 14735.  0.36842E-04
 14740.  0.33808E-04
 14745.  0.33497E-04
 14750.  0.34960E-04
 14755.  0.34662E-04
 14760.  0.34478E-04
 14765.  0.35913E-04
 14770.  0.37308E-04
 14775.  0.36731E-04
 14780.  0.35255E-04
 14785.  0.34287E-04
 14790.  0.37201E-04
 14795.  0.40041E-04
 14800.  0.38282E-04
 14805.  0.36818E-04
 14810.  0.36784E-04
 14815.  0.36329E-04
 14820.  0.35209E-04
 14825.  0.34542E-04
 14830.  0.34578E-04
 14835.  0.38159E-04
 14840.  0.42220E-04
 14845.  0.42620E-04
 14850.  0.40693E-04
 14855.  0.39367E-04
 14860.  0.38886E-04
 14865.  0.38306E-04
 14870.  0.37940E-04
 14875.  0.38352E-04
 14880.  0.39568E-04
 14885.  0.41713E-04
 14890.  0.40315E-04
 14895.  0.36685E-04
 14900.  0.34803E-04
 14905.  0.35571E-04
 14910.  0.37561E-04
 14915.  0.39442E-04
 14920.  0.40535E-04
 14925.  0.40241E-04
 14930.  0.39688E-04
 14935.  0.38245E-04
 14940.  0.37033E-04
 14945.  0.37638E-04
 14950.  0.39374E-04
 14955.  0.40134E-04
 14960.  0.39055E-04
 14965.  0.38131E-04
 14970.  0.39261E-04
 14975.  0.40625E-04
 14980.  0.42706E-04
 14985.  0.43060E-04
 14990.  0.41158E-04
 14995.  0.38610E-04
 15000.  0.36868E-04
 15005.  0.36184E-04
 15010.  0.35953E-04
 15015.  0.35809E-04
 15020.  0.36051E-04
 15025.  0.36903E-04
 15030.  0.38233E-04
 15035.  0.38892E-04
 15040.  0.38508E-04
 15045.  0.37749E-04
 15050.  0.37405E-04
 15055.  0.37586E-04
 15060.  0.37532E-04
 15065.  0.36581E-04
 15070.  0.36530E-04
 15075.  0.37845E-04
 15080.  0.37743E-04
 15085.  0.35844E-04
 15090.  0.34508E-04
 15095.  0.35063E-04
 15100.  0.36322E-04
 15105.  0.36574E-04
 15110.  0.36218E-04
 15115.  0.35974E-04
 15120.  0.35441E-04
 15125.  0.35044E-04
 15130.  0.35347E-04
 15135.  0.36121E-04
 15140.  0.36638E-04
 15145.  0.36252E-04
 15150.  0.34933E-04
 15155.  0.33547E-04
 15160.  0.33146E-04
 15165.  0.33009E-04
 15170.  0.32414E-04
 15175.  0.31825E-04
 15180.  0.31735E-04
 15185.  0.32286E-04
 15190.  0.33294E-04
 15195.  0.34054E-04
 15200.  0.33651E-04
 15205.  0.32569E-04
 15210.  0.31448E-04
 15215.  0.31724E-04
 15220.  0.33737E-04
 15225.  0.35044E-04
 15230.  0.34010E-04
 15235.  0.31766E-04
 15240.  0.30455E-04
 15245.  0.30211E-04
 15250.  0.30018E-04
 15255.  0.30600E-04
 15260.  0.31709E-04
 15265.  0.31763E-04
 15270.  0.30753E-04
 15275.  0.30079E-04
 15280.  0.30493E-04
 15285.  0.31659E-04
 15290.  0.32777E-04
 15295.  0.33054E-04
 15300.  0.32295E-04
 15305.  0.31562E-04
 15310.  0.31519E-04
 15315.  0.31622E-04
 15320.  0.31555E-04
 15325.  0.31547E-04
 15330.  0.31782E-04
 15335.  0.31949E-04
 15340.  0.31482E-04
 15345.  0.30378E-04
 15350.  0.29826E-04
 15355.  0.30550E-04
 15360.  0.31388E-04
 15365.  0.31143E-04
 15370.  0.30252E-04
 15375.  0.29875E-04
 15380.  0.30366E-04
 15385.  0.30853E-04
 15390.  0.30931E-04
 15395.  0.31249E-04
 15400.  0.31886E-04
 15405.  0.31964E-04
 15410.  0.31366E-04
 15415.  0.31118E-04
 15420.  0.31285E-04
 15425.  0.31647E-04
 15430.  0.32832E-04
 15435.  0.34087E-04
 15440.  0.33484E-04
 15445.  0.31451E-04
 15450.  0.30085E-04
 15455.  0.30453E-04
 15460.  0.31451E-04
 15465.  0.32312E-04
 15470.  0.33138E-04
 15475.  0.33897E-04
 15480.  0.33873E-04
 15485.  0.32564E-04
 15490.  0.31716E-04
 15495.  0.31769E-04
 15500.  0.31260E-04
 15505.  0.31415E-04
 15510.  0.32343E-04
 15515.  0.32933E-04
 15520.  0.32641E-04
 15525.  0.32071E-04
 15530.  0.31974E-04
 15535.  0.32495E-04
 15540.  0.32961E-04
 15545.  0.32690E-04
 15550.  0.32722E-04
 15555.  0.33419E-04
 15560.  0.33581E-04
 15565.  0.32278E-04
 15570.  0.30707E-04
 15575.  0.30551E-04
 15580.  0.31412E-04
 15585.  0.32219E-04
 15590.  0.32733E-04
 15595.  0.32364E-04
 15600.  0.31407E-04
 15605.  0.30925E-04
 15610.  0.31479E-04
 15615.  0.32416E-04
 15620.  0.32794E-04
 15625.  0.32591E-04
 15630.  0.32445E-04
 15635.  0.33624E-04
 15640.  0.35683E-04
 15645.  0.36599E-04
 15650.  0.36081E-04
 15655.  0.35457E-04
 15660.  0.35681E-04
 15665.  0.36208E-04
 15670.  0.36761E-04
 15675.  0.37961E-04
 15680.  0.38735E-04
 15685.  0.37488E-04
 15690.  0.34901E-04
 15695.  0.32672E-04
 15700.  0.31951E-04
 15705.  0.32871E-04
 15710.  0.34613E-04
 15715.  0.36038E-04
 15720.  0.36727E-04
 15725.  0.37053E-04
 15730.  0.38177E-04
 15735.  0.39358E-04
 15740.  0.39668E-04
 15745.  0.39349E-04
 15750.  0.38799E-04
 15755.  0.37409E-04
 15760.  0.34653E-04
 15765.  0.32429E-04
 15770.  0.32228E-04
 15775.  0.32750E-04
 15780.  0.33286E-04
 15785.  0.34153E-04
 15790.  0.35260E-04
 15795.  0.35931E-04
 15800.  0.36151E-04
 15805.  0.37104E-04
 15810.  0.38353E-04
 15815.  0.38559E-04
 15820.  0.37901E-04
 15825.  0.37240E-04
 15830.  0.37246E-04
 15835.  0.38421E-04
 15840.  0.40470E-04
 15845.  0.42053E-04
 15850.  0.41905E-04
 15855.  0.40859E-04
 15860.  0.40808E-04
 15865.  0.41647E-04
 15870.  0.41570E-04
 15875.  0.40734E-04
 15880.  0.40612E-04
 15885.  0.41654E-04
 15890.  0.42821E-04
 15895.  0.42998E-04
 15900.  0.42635E-04
 15905.  0.42188E-04
 15910.  0.42361E-04
 15915.  0.43296E-04
 15920.  0.43912E-04
 15925.  0.43195E-04
 15930.  0.42023E-04
 15935.  0.42069E-04
 15940.  0.43316E-04
 15945.  0.43680E-04
 15950.  0.43702E-04
 15955.  0.44887E-04
 15960.  0.45471E-04
 15965.  0.43273E-04
 15970.  0.39734E-04
 15975.  0.37597E-04
 15980.  0.37453E-04
 15985.  0.37822E-04
 15990.  0.37777E-04
 15995.  0.38161E-04
 16000.  0.38883E-04
 16005.  0.39165E-04
 16010.  0.39553E-04
 16015.  0.40535E-04
 16020.  0.41694E-04
 16025.  0.42797E-04
 16030.  0.44052E-04
 16035.  0.45485E-04
 16040.  0.46539E-04
 16045.  0.46585E-04
 16050.  0.45544E-04
 16055.  0.44502E-04
 16060.  0.44415E-04
 16065.  0.44595E-04
 16070.  0.44955E-04
 16075.  0.45805E-04
 16080.  0.46639E-04
 16085.  0.46666E-04
 16090.  0.46845E-04
 16095.  0.48492E-04
 16100.  0.46887E-04
 16105.  0.47276E-04
 16110.  0.46865E-04
 16115.  0.46711E-04
 16120.  0.47813E-04
 16125.  0.49218E-04
 16130.  0.49808E-04
 16135.  0.48548E-04
 16140.  0.47760E-04
 16145.  0.48208E-04
 16150.  0.49667E-04
 16155.  0.51062E-04
 16160.  0.52071E-04
 16165.  0.52026E-04
 16170.  0.49606E-04
 16175.  0.46052E-04
 16180.  0.43262E-04
 16185.  0.43414E-04
 16190.  0.44478E-04
 16195.  0.45300E-04
 16200.  0.46030E-04
 16205.  0.46872E-04
 16210.  0.47844E-04
 16215.  0.48939E-04
 16220.  0.49873E-04
 16225.  0.49878E-04
 16230.  0.48772E-04
 16235.  0.48206E-04
 16240.  0.48303E-04
 16245.  0.48346E-04
 16250.  0.48304E-04
 16255.  0.48173E-04
 16260.  0.48036E-04
 16265.  0.48281E-04
 16270.  0.48732E-04
 16275.  0.49052E-04
 16280.  0.49269E-04
 16285.  0.49006E-04
 16290.  0.48148E-04
 16295.  0.49016E-04
 16300.  0.50912E-04
 16305.  0.52565E-04
 16310.  0.53172E-04
 16315.  0.53488E-04
 16320.  0.53573E-04
 16325.  0.52764E-04
 16330.  0.52494E-04
 16335.  0.52962E-04
 16340.  0.52841E-04
 16345.  0.52765E-04
 16350.  0.53485E-04
 16355.  0.54743E-04
 16360.  0.54083E-04
 16365.  0.51257E-04
 16370.  0.49081E-04
 16375.  0.48919E-04
 16380.  0.49540E-04
 16385.  0.48696E-04
 16390.  0.47993E-04
 16395.  0.47644E-04
 16400.  0.46925E-04
 16405.  0.45917E-04
 16410.  0.45368E-04
 16415.  0.45815E-04
 16420.  0.46310E-04
 16425.  0.46701E-04
 16430.  0.47639E-04
 16435.  0.48376E-04
 16440.  0.48829E-04
 16445.  0.49528E-04
 16450.  0.51270E-04
 16455.  0.52740E-04
 16460.  0.52303E-04
 16465.  0.51034E-04
 16470.  0.50624E-04
 16475.  0.51360E-04
 16480.  0.51571E-04
 16485.  0.51880E-04
 16490.  0.52708E-04
 16495.  0.52580E-04
 16500.  0.52560E-04
 16505.  0.52989E-04
 16510.  0.53151E-04
 16515.  0.52607E-04
 16520.  0.51287E-04
 16525.  0.49874E-04
 16530.  0.49727E-04
 16535.  0.51179E-04
 16540.  0.53699E-04
 16545.  0.55303E-04
 16550.  0.55840E-04
 16555.  0.56349E-04
 16560.  0.57011E-04
 16565.  0.56980E-04
 16570.  0.55451E-04
 16575.  0.53872E-04
 16580.  0.52630E-04
 16585.  0.51911E-04
 16590.  0.51831E-04
 16595.  0.51828E-04
 16600.  0.51074E-04
 16605.  0.49444E-04
 16610.  0.48540E-04
 16615.  0.49260E-04
 16620.  0.50385E-04
 16625.  0.51439E-04
 16630.  0.52331E-04
 16635.  0.53333E-04
 16640.  0.54404E-04
 16645.  0.55039E-04
 16650.  0.53997E-04
 16655.  0.52616E-04
 16660.  0.52145E-04
 16665.  0.53323E-04
 16670.  0.54317E-04
 16675.  0.54367E-04
 16680.  0.53734E-04
 16685.  0.54020E-04
 16690.  0.55089E-04
 16695.  0.55791E-04
 16700.  0.56147E-04
 16705.  0.56200E-04
 16710.  0.55323E-04
 16715.  0.53880E-04
 16720.  0.53065E-04
 16725.  0.54094E-04
 16730.  0.55192E-04
 16735.  0.55333E-04
 16740.  0.54193E-04
 16745.  0.53370E-04
 16750.  0.53190E-04
 16755.  0.53780E-04
 16760.  0.54898E-04
 16765.  0.56054E-04
 16770.  0.56748E-04
 16775.  0.56801E-04
 16780.  0.56524E-04
 16785.  0.55990E-04
 16790.  0.55487E-04
 16795.  0.55624E-04
 16800.  0.56422E-04
 16805.  0.56714E-04
 16810.  0.56902E-04
 16815.  0.56697E-04
 16820.  0.54803E-04
 16825.  0.52386E-04
 16830.  0.50930E-04
 16835.  0.52026E-04
 16840.  0.53259E-04
 16845.  0.53640E-04
 16850.  0.52653E-04
 16855.  0.52140E-04
 16860.  0.52910E-04
 16865.  0.54560E-04
 16870.  0.55521E-04
 16875.  0.56010E-04
 16880.  0.56313E-04
 16885.  0.56504E-04
 16890.  0.56689E-04
 16895.  0.56731E-04
 16900.  0.56380E-04
 16905.  0.55813E-04
 16910.  0.55178E-04
 16915.  0.54608E-04
 16920.  0.53942E-04
 16925.  0.53367E-04
 16930.  0.53639E-04
 16935.  0.53985E-04
 16940.  0.53782E-04
 16945.  0.53004E-04
 16950.  0.53113E-04
 16955.  0.54488E-04
 16960.  0.55777E-04
 16965.  0.56599E-04
 16970.  0.56832E-04
 16975.  0.56423E-04
 16980.  0.55947E-04
 16985.  0.55797E-04
 16990.  0.56108E-04
 16995.  0.56421E-04
 17000.  0.56965E-04
 17005.  0.57987E-04
 17010.  0.58754E-04
 17015.  0.58627E-04
 17020.  0.57049E-04
 17025.  0.55713E-04
 17030.  0.55604E-04
 17035.  0.56347E-04
 17040.  0.55587E-04
 17045.  0.53379E-04
 17050.  0.50652E-04
 17055.  0.49766E-04
 17060.  0.50246E-04
 17065.  0.50882E-04
 17070.  0.51672E-04
 17075.  0.52935E-04
 17080.  0.54492E-04
 17085.  0.55841E-04
 17090.  0.56420E-04
 17095.  0.56115E-04
 17100.  0.55569E-04
 17105.  0.55392E-04
 17110.  0.55706E-04
 17115.  0.56070E-04
 17120.  0.56046E-04
 17125.  0.56065E-04
 17130.  0.57362E-04
 17135.  0.58777E-04
 17140.  0.59039E-04
 17145.  0.57557E-04
 17150.  0.56614E-04
 17155.  0.56839E-04
 17160.  0.57077E-04
 17165.  0.56868E-04
 17170.  0.56531E-04
 17175.  0.56227E-04
 17180.  0.55871E-04
 17185.  0.55307E-04
 17190.  0.54654E-04
 17195.  0.55326E-04
 17200.  0.56963E-04
 17205.  0.58054E-04
 17210.  0.57162E-04
 17215.  0.55367E-04
 17220.  0.53967E-04
 17225.  0.54075E-04
 17230.  0.55307E-04
 17235.  0.57012E-04
 17240.  0.58240E-04
 17245.  0.58538E-04
 17250.  0.57875E-04
 17255.  0.57035E-04
 17260.  0.57370E-04
 17265.  0.58404E-04
 17270.  0.58274E-04
 17275.  0.56373E-04
 17280.  0.53708E-04
 17285.  0.52607E-04
 17290.  0.52857E-04
 17295.  0.53234E-04
 17300.  0.53061E-04
 17305.  0.53314E-04
 17310.  0.54309E-04
 17315.  0.55945E-04
 17320.  0.57076E-04
 17325.  0.57865E-04
 17330.  0.58470E-04
 17335.  0.59004E-04
 17340.  0.59201E-04
 17345.  0.59385E-04
 17350.  0.59488E-04
 17355.  0.59222E-04
 17360.  0.59205E-04
 17365.  0.59188E-04
 17370.  0.59184E-04
 17375.  0.58609E-04
 17380.  0.57520E-04
 17385.  0.57267E-04
 17390.  0.57589E-04
 17395.  0.57885E-04
 17400.  0.57894E-04
 17405.  0.57293E-04
 17410.  0.56618E-04
 17415.  0.57189E-04
 17420.  0.58686E-04
 17425.  0.59633E-04
 17430.  0.59790E-04
 17435.  0.59073E-04
 17440.  0.57584E-04
 17445.  0.55804E-04
 17450.  0.55117E-04
 17455.  0.56484E-04
 17460.  0.58090E-04
 17465.  0.58914E-04
 17470.  0.58721E-04
 17475.  0.58671E-04
 17480.  0.58767E-04
 17485.  0.58525E-04
 17490.  0.59122E-04
 17495.  0.58139E-04
 17500.  0.56923E-04
 17505.  0.56153E-04
 17510.  0.55658E-04
 17515.  0.55337E-04
 17520.  0.54464E-04
 17525.  0.53591E-04
 17530.  0.53033E-04
 17535.  0.53317E-04
 17540.  0.53793E-04
 17545.  0.54293E-04
 17550.  0.54892E-04
 17555.  0.55218E-04
 17560.  0.55361E-04
 17565.  0.56054E-04
 17570.  0.56640E-04
 17575.  0.56685E-04
 17580.  0.55013E-04
 17585.  0.53876E-04
 17590.  0.53526E-04
 17595.  0.54225E-04
 17600.  0.54768E-04
 17605.  0.55334E-04
 17610.  0.56424E-04
 17615.  0.57526E-04
 17620.  0.58126E-04
 17625.  0.57441E-04
 17630.  0.56687E-04
 17635.  0.56211E-04
 17640.  0.56329E-04
 17645.  0.56062E-04
 17650.  0.54579E-04
 17655.  0.51061E-04
 17660.  0.47197E-04
 17665.  0.44097E-04
 17670.  0.42573E-04
 17675.  0.43298E-04
 17680.  0.44180E-04
 17685.  0.44395E-04
 17690.  0.43324E-04
 17695.  0.42744E-04
 17700.  0.43063E-04
 17705.  0.43941E-04
 17710.  0.44664E-04
 17715.  0.45071E-04
 17720.  0.44995E-04
 17725.  0.45245E-04
 17730.  0.45601E-04
 17735.  0.45222E-04
 17740.  0.44515E-04
 17745.  0.43662E-04
 17750.  0.42833E-04
 17755.  0.41786E-04
 17760.  0.41010E-04
 17765.  0.41303E-04
 17770.  0.40967E-04
 17775.  0.40301E-04
 17780.  0.39583E-04
 17785.  0.39041E-04
 17790.  0.39084E-04
 17795.  0.40204E-04
 17800.  0.41787E-04
 17805.  0.42967E-04
 17810.  0.43267E-04
 17815.  0.43868E-04
 17820.  0.43884E-04
 17825.  0.42821E-04
 17830.  0.40703E-04
 17835.  0.39340E-04
 17840.  0.39388E-04
 17845.  0.41068E-04
 17850.  0.42417E-04
 17855.  0.42995E-04
 17860.  0.42702E-04
 17865.  0.42350E-04
 17870.  0.42164E-04
 17875.  0.42470E-04
 17880.  0.42784E-04
 17885.  0.42890E-04
 17890.  0.42370E-04
 17895.  0.42432E-04
 17900.  0.42693E-04
 17905.  0.42453E-04
 17910.  0.41945E-04
 17915.  0.41542E-04
 17920.  0.41727E-04
 17925.  0.42558E-04
 17930.  0.43906E-04
 17935.  0.45752E-04
 17940.  0.46218E-04
 17945.  0.45894E-04
 17950.  0.45036E-04
 17955.  0.44791E-04
 17960.  0.45002E-04
 17965.  0.45621E-04
 17970.  0.46017E-04
 17975.  0.46086E-04
 17980.  0.45616E-04
 17985.  0.43808E-04
 17990.  0.42653E-04
 17995.  0.42725E-04
 18000.  0.44245E-04
 18005.  0.46533E-04
 18010.  0.49009E-04
 18015.  0.50156E-04
 18020.  0.51370E-04
 18025.  0.52544E-04
 18030.  0.52856E-04
 18035.  0.52172E-04
 18040.  0.50015E-04
 18045.  0.44839E-04
 18050.  0.41206E-04
 18055.  0.39755E-04
 18060.  0.41876E-04
 18065.  0.44542E-04
 18070.  0.47065E-04
 18075.  0.48832E-04
 18080.  0.49788E-04
 18085.  0.49677E-04
 18090.  0.49566E-04
 18095.  0.49455E-04
 18100.  0.49344E-04
 18105.  0.49233E-04
 18110.  0.49122E-04
 18115.  0.49011E-04
 18120.  0.48900E-04
 18125.  0.48789E-04
 18130.  0.48678E-04
 18135.  0.48567E-04
 18140.  0.48457E-04
 18145.  0.48346E-04
 18150.  0.48235E-04
 18155.  0.48124E-04
 18160.  0.48013E-04
 18165.  0.47902E-04
 18170.  0.47791E-04
 18175.  0.47680E-04
 18180.  0.47569E-04
 18185.  0.47458E-04
 18190.  0.47347E-04
 18195.  0.47236E-04
 18200.  0.47125E-04
 18205.  0.47014E-04
 18210.  0.46903E-04
 18215.  0.46792E-04
 18220.  0.46681E-04
 18225.  0.46570E-04
 18230.  0.46459E-04
 18235.  0.46348E-04
 18240.  0.46237E-04
 18245.  0.46126E-04
 18250.  0.46015E-04
 18255.  0.45905E-04
 18260.  0.45794E-04
 18265.  0.45683E-04
 18270.  0.45572E-04
 18275.  0.45461E-04
 18280.  0.45350E-04
 18285.  0.45239E-04
 18290.  0.45128E-04
 18295.  0.45017E-04
 18300.  0.44906E-04
 18305.  0.44832E-04
 18310.  0.44921E-04
 18315.  0.45010E-04
 18320.  0.45099E-04
 18325.  0.45188E-04
 18330.  0.45277E-04
 18335.  0.45366E-04
 18340.  0.45455E-04
 18345.  0.45544E-04
 18350.  0.45633E-04
 18355.  0.45722E-04
 18360.  0.45811E-04
 18365.  0.45900E-04
 18370.  0.45990E-04
 18375.  0.46079E-04
 18380.  0.46168E-04
 18385.  0.46257E-04
 18390.  0.46346E-04
 18395.  0.46435E-04
 18400.  0.46524E-04
 18405.  0.46613E-04
 18410.  0.46702E-04
 18415.  0.46791E-04
 18420.  0.46880E-04
 18425.  0.46969E-04
 18430.  0.47058E-04
 18435.  0.47147E-04
 18440.  0.47236E-04
 18445.  0.47325E-04
 18450.  0.47414E-04
 18455.  0.47503E-04
 18460.  0.47592E-04
 18465.  0.47681E-04
 18470.  0.47770E-04
 18475.  0.47859E-04
 18480.  0.47948E-04
 18485.  0.48037E-04
 18490.  0.48126E-04
 18495.  0.48215E-04
 18500.  0.48304E-04
 18505.  0.48393E-04
 18510.  0.48482E-04
 18515.  0.48571E-04
 18520.  0.48660E-04
 18525.  0.48749E-04
 18530.  0.48838E-04
 18535.  0.48927E-04
 18540.  0.49016E-04
 18545.  0.49105E-04
 18550.  0.49194E-04
 18555.  0.49283E-04
 18560.  0.49372E-04
 18565.  0.49461E-04
 18570.  0.49551E-04
 18575.  0.49640E-04
 18580.  0.49729E-04
 18585.  0.49818E-04
 18590.  0.49907E-04
 18595.  0.49996E-04
 18600.  0.50085E-04
 18605.  0.50174E-04
 18610.  0.50263E-04
 18615.  0.50352E-04
 18620.  0.50441E-04
 18625.  0.50530E-04
 18630.  0.50619E-04
 18635.  0.50708E-04
 18640.  0.50797E-04
 18645.  0.50886E-04
 18650.  0.50975E-04
 18655.  0.51064E-04
 18660.  0.51153E-04
 18665.  0.51242E-04
 18670.  0.51331E-04
 18675.  0.51420E-04
 18680.  0.51509E-04
 18685.  0.51598E-04
 18690.  0.51687E-04
 18695.  0.51776E-04
 18700.  0.51865E-04
 18705.  0.51954E-04
 18710.  0.52043E-04
 18715.  0.52132E-04
 18720.  0.52221E-04
 18725.  0.52310E-04
 18730.  0.52399E-04
 18735.  0.52488E-04
 18740.  0.52577E-04
 18745.  0.52671E-04
 18750.  0.52659E-04
 18755.  0.52648E-04
 18760.  0.52636E-04
 18765.  0.52625E-04
 18770.  0.52613E-04
 18775.  0.52602E-04
 18780.  0.52591E-04
 18785.  0.52579E-04
 18790.  0.52568E-04
 18795.  0.52556E-04
 18800.  0.52545E-04
 18805.  0.52534E-04
 18810.  0.52522E-04
 18815.  0.52511E-04
 18820.  0.52499E-04
 18825.  0.52488E-04
 18830.  0.52476E-04
 18835.  0.52465E-04
 18840.  0.52454E-04
 18845.  0.52442E-04
 18850.  0.52431E-04
 18855.  0.52419E-04
 18860.  0.52408E-04
 18865.  0.52397E-04
 18870.  0.52385E-04
 18875.  0.52374E-04
 18880.  0.52362E-04
 18885.  0.52351E-04
 18890.  0.52339E-04
 18895.  0.52328E-04
 18900.  0.52317E-04
 18905.  0.52305E-04
 18910.  0.52294E-04
 18915.  0.52282E-04
 18920.  0.52271E-04
 18925.  0.52260E-04
 18930.  0.52248E-04
 18935.  0.52237E-04
 18940.  0.52225E-04
 18945.  0.52214E-04
 18950.  0.52202E-04
 18955.  0.52191E-04
 18960.  0.52180E-04
 18965.  0.52168E-04
 18970.  0.52157E-04
 18975.  0.52145E-04
 18980.  0.52134E-04
 18985.  0.52123E-04
 18990.  0.52111E-04
 18995.  0.52100E-04
 19000.  0.52088E-04
 19005.  0.52077E-04
 19010.  0.52065E-04
 19015.  0.52054E-04
 19020.  0.52043E-04
 19025.  0.52031E-04
 19030.  0.52020E-04
 19035.  0.52008E-04
 19040.  0.51997E-04
 19045.  0.51986E-04
 19050.  0.51974E-04
 19055.  0.51963E-04
 19060.  0.51951E-04
 19065.  0.51940E-04
 19070.  0.51928E-04
 19075.  0.51917E-04
 19080.  0.51906E-04
 19085.  0.51894E-04
 19090.  0.51883E-04
 19095.  0.51871E-04
 19100.  0.51860E-04
 19105.  0.51849E-04
 19110.  0.51837E-04
 19115.  0.51826E-04
 19120.  0.51814E-04
 19125.  0.51803E-04
 19130.  0.51791E-04
 19135.  0.51780E-04
 19140.  0.51769E-04
 19145.  0.51757E-04
 19150.  0.51746E-04
 19155.  0.51734E-04
 19160.  0.51723E-04
 19165.  0.51712E-04
 19170.  0.51700E-04
 19175.  0.51689E-04
 19180.  0.51677E-04
 19185.  0.51666E-04
 19190.  0.51654E-04
 19195.  0.51643E-04
 19200.  0.51632E-04
 19205.  0.51620E-04
 19210.  0.51609E-04
 19215.  0.51597E-04
 19220.  0.51586E-04
 19225.  0.51575E-04
 19230.  0.51563E-04
 19235.  0.51552E-04
 19240.  0.51540E-04
 19245.  0.51529E-04
 19250.  0.51517E-04
 19255.  0.51506E-04
 19260.  0.51495E-04
 19265.  0.51483E-04
 19270.  0.51472E-04
 19275.  0.51460E-04
 19280.  0.51449E-04
 19285.  0.51438E-04
 19290.  0.51426E-04
 19295.  0.51415E-04
 19300.  0.51403E-04
 19305.  0.51392E-04
 19310.  0.51380E-04
 19315.  0.51369E-04
 19320.  0.51358E-04
 19325.  0.51346E-04
 19330.  0.51335E-04
 19335.  0.48448E-04
 19340.  0.46617E-04
 19345.  0.46000E-04
 19350.  0.46035E-04
 19355.  0.45639E-04
 19360.  0.45147E-04
 19365.  0.45416E-04
 19370.  0.46603E-04
 19375.  0.47799E-04
 19380.  0.47717E-04
 19385.  0.47316E-04
 19390.  0.46690E-04
 19395.  0.45741E-04
 19400.  0.44080E-04
 19405.  0.42528E-04
 19410.  0.41810E-04
 19415.  0.42201E-04
 19420.  0.43702E-04
 19425.  0.46538E-04
 19430.  0.49539E-04
 19435.  0.51610E-04
 19440.  0.52197E-04
 19445.  0.52031E-04
 19450.  0.51683E-04
 19455.  0.51240E-04
 19460.  0.50310E-04
 19465.  0.49245E-04
 19470.  0.48241E-04
 19475.  0.47803E-04
 19480.  0.47269E-04
 19485.  0.46548E-04
 19490.  0.45647E-04
 19495.  0.45204E-04
 19500.  0.45222E-04
 19505.  0.45739E-04
 19510.  0.46205E-04
 19515.  0.46298E-04
 19520.  0.45381E-04
 19525.  0.43723E-04
 19530.  0.42092E-04
 19535.  0.41430E-04
 19540.  0.42169E-04
 19545.  0.43639E-04
 19550.  0.45459E-04
 19555.  0.46300E-04
 19560.  0.46797E-04
 19565.  0.47290E-04
 19570.  0.47897E-04
 19575.  0.47977E-04
 19580.  0.47174E-04
 19585.  0.46291E-04
 19590.  0.46137E-04
 19595.  0.46884E-04
 19600.  0.47123E-04
 19605.  0.46887E-04
 19610.  0.45874E-04
 19615.  0.42671E-04
 19620.  0.39865E-04
 19625.  0.38169E-04
 19630.  0.38623E-04
 19635.  0.40125E-04
 19640.  0.42152E-04
 19645.  0.44014E-04
 19650.  0.45126E-04
 19655.  0.45635E-04
 19660.  0.45634E-04
 19665.  0.45775E-04
 19670.  0.45976E-04
 19675.  0.46065E-04
 19680.  0.45769E-04
 19685.  0.45344E-04
 19690.  0.45030E-04
 19695.  0.45200E-04
 19700.  0.45447E-04
 19705.  0.45427E-04
 19710.  0.44507E-04
 19715.  0.43093E-04
 19720.  0.41335E-04
 19725.  0.39793E-04
 19730.  0.39034E-04
 19735.  0.39417E-04
 19740.  0.40693E-04
 19745.  0.41830E-04
 19750.  0.42435E-04
 19755.  0.42133E-04
 19760.  0.41613E-04
 19765.  0.41172E-04
 19770.  0.41436E-04
 19775.  0.42183E-04
 19780.  0.43119E-04
 19785.  0.43550E-04
 19790.  0.43326E-04
 19795.  0.42837E-04
 19800.  0.42835E-04
 19805.  0.43153E-04
 19810.  0.43605E-04
 19815.  0.43991E-04
 19820.  0.44354E-04
 19825.  0.44652E-04
 19830.  0.44789E-04
 19835.  0.44556E-04
 19840.  0.44041E-04
 19845.  0.43207E-04
 19850.  0.42116E-04
 19855.  0.41174E-04
 19860.  0.40735E-04
 19865.  0.41155E-04
 19870.  0.41748E-04
 19875.  0.42212E-04
 19880.  0.42432E-04
 19885.  0.42629E-04
 19890.  0.42844E-04
 19895.  0.42874E-04
 19900.  0.42776E-04
 19905.  0.42571E-04
 19910.  0.42313E-04
 19915.  0.42494E-04
 19920.  0.43098E-04
 19925.  0.43850E-04
 19930.  0.43755E-04
 19935.  0.42883E-04
 19940.  0.41434E-04
 19945.  0.40816E-04
 19950.  0.41028E-04
 19955.  0.42200E-04
 19960.  0.43333E-04
 19965.  0.44413E-04
 19970.  0.45460E-04
 19975.  0.45220E-04
 19980.  0.44423E-04
 19985.  0.43640E-04
 19990.  0.43234E-04
 19995.  0.43099E-04
 20000.  0.43245E-04
 20005.  0.43532E-04
 20010.  0.43602E-04
 20015.  0.43208E-04
 20020.  0.42509E-04
 20025.  0.42429E-04
 20030.  0.43384E-04
 20035.  0.44833E-04
 20040.  0.45564E-04
 20045.  0.45368E-04
 20050.  0.45355E-04
 20055.  0.45231E-04
 20060.  0.44837E-04
 20065.  0.43752E-04
 20070.  0.42848E-04
 20075.  0.42239E-04
 20080.  0.41943E-04
 20085.  0.41584E-04
 20090.  0.41621E-04
 20095.  0.43321E-04
 20100.  0.44961E-04
 20105.  0.45949E-04
 20110.  0.45309E-04
 20115.  0.44311E-04
 20120.  0.43594E-04
 20125.  0.43894E-04
 20130.  0.44420E-04
 20135.  0.44673E-04
 20140.  0.44181E-04
 20145.  0.43542E-04
 20150.  0.43006E-04
 20155.  0.42781E-04
 20160.  0.43133E-04
 20165.  0.43649E-04
 20170.  0.44126E-04
 20175.  0.44179E-04
 20180.  0.43989E-04
 20185.  0.43581E-04
 20190.  0.42917E-04
 20195.  0.42015E-04
 20200.  0.41019E-04
 20205.  0.40614E-04
 20210.  0.41187E-04
 20215.  0.42463E-04
 20220.  0.43455E-04
 20225.  0.43870E-04
 20230.  0.43738E-04
 20235.  0.42982E-04
 20240.  0.42536E-04
 20245.  0.42579E-04
 20250.  0.43491E-04
 20255.  0.44646E-04
 20260.  0.45598E-04
 20265.  0.45696E-04
 20270.  0.44566E-04
 20275.  0.43407E-04
 20280.  0.43422E-04
 20285.  0.44744E-04
 20290.  0.46393E-04
 20295.  0.47688E-04
 20300.  0.47570E-04
 20305.  0.46731E-04
 20310.  0.45475E-04
 20315.  0.44921E-04
 20320.  0.44962E-04
 20325.  0.45587E-04
 20330.  0.46300E-04
 20335.  0.46781E-04
 20340.  0.46906E-04
 20345.  0.46587E-04
 20350.  0.46011E-04
 20355.  0.45345E-04
 20360.  0.45091E-04
 20365.  0.45357E-04
 20370.  0.46041E-04
 20375.  0.46977E-04
 20380.  0.47624E-04
 20385.  0.47770E-04
 20390.  0.46858E-04
 20395.  0.45369E-04
 20400.  0.44012E-04
 20405.  0.43822E-04
 20410.  0.43296E-04
 20415.  0.42936E-04
 20420.  0.43409E-04
 20425.  0.42657E-04
 20430.  0.41251E-04
 20435.  0.39583E-04
 20440.  0.39080E-04
 20445.  0.39395E-04
 20450.  0.40484E-04
 20455.  0.41567E-04
 20460.  0.42600E-04
 20465.  0.43515E-04
 20470.  0.43981E-04
 20475.  0.43853E-04
 20480.  0.43068E-04
 20485.  0.42014E-04
 20490.  0.41290E-04
 20495.  0.41057E-04
 20500.  0.41365E-04
 20505.  0.42092E-04
 20510.  0.43097E-04
 20515.  0.44065E-04
 20520.  0.44172E-04
 20525.  0.43592E-04
 20530.  0.42703E-04
 20535.  0.42410E-04
 20540.  0.42376E-04
 20545.  0.41973E-04
 20550.  0.41260E-04
 20555.  0.40527E-04
 20560.  0.40134E-04
 20565.  0.39935E-04
 20570.  0.39735E-04
 20575.  0.39377E-04
 20580.  0.39178E-04
 20585.  0.39354E-04
 20590.  0.40142E-04
 20595.  0.40977E-04
 20600.  0.41742E-04
 20605.  0.42398E-04
 20610.  0.43220E-04
 20615.  0.43861E-04
 20620.  0.44106E-04
 20625.  0.43661E-04
 20630.  0.43142E-04
 20635.  0.42785E-04
 20640.  0.42951E-04
 20645.  0.43142E-04
 20650.  0.43218E-04
 20655.  0.43012E-04
 20660.  0.42794E-04
 20665.  0.42439E-04
 20670.  0.41419E-04
 20675.  0.40146E-04
 20680.  0.38978E-04
 20685.  0.38595E-04
 20690.  0.38837E-04
 20695.  0.39368E-04
 20700.  0.39872E-04
 20705.  0.40433E-04
 20710.  0.40921E-04
 20715.  0.41139E-04
 20720.  0.40850E-04
 20725.  0.40447E-04
 20730.  0.40236E-04
 20735.  0.40500E-04
 20740.  0.40830E-04
 20745.  0.41007E-04
 20750.  0.41142E-04
 20755.  0.41435E-04
 20760.  0.41950E-04
 20765.  0.42268E-04
 20770.  0.41933E-04
 20775.  0.40889E-04
 20780.  0.40114E-04
 20785.  0.40214E-04
 20790.  0.41135E-04
 20795.  0.41953E-04
 20800.  0.42344E-04
 20805.  0.42386E-04
 20810.  0.42399E-04
 20815.  0.42180E-04
 20820.  0.41807E-04
 20825.  0.41461E-04
 20830.  0.41346E-04
 20835.  0.41618E-04
 20840.  0.42701E-04
 20845.  0.43834E-04
 20850.  0.44568E-04
 20855.  0.44227E-04
 20860.  0.43467E-04
 20865.  0.42832E-04
 20870.  0.42811E-04
 20875.  0.42646E-04
 20880.  0.42013E-04
 20885.  0.40678E-04
 20890.  0.40280E-04
 20895.  0.40935E-04
 20900.  0.42779E-04
 20905.  0.44166E-04
 20910.  0.44849E-04
 20915.  0.44701E-04
 20920.  0.44226E-04
 20925.  0.43680E-04
 20930.  0.43087E-04
 20935.  0.42226E-04
 20940.  0.41473E-04
 20945.  0.41026E-04
 20950.  0.41407E-04
 20955.  0.42163E-04
 20960.  0.43017E-04
 20965.  0.43454E-04
 20970.  0.43626E-04
 20975.  0.43749E-04
 20980.  0.44178E-04
 20985.  0.44135E-04
 20990.  0.43507E-04
 20995.  0.41967E-04
 21000.  0.40811E-04
 21005.  0.40456E-04
 21010.  0.41605E-04
 21015.  0.43264E-04
 21020.  0.44573E-04
 21025.  0.44759E-04
 21030.  0.44159E-04
 21035.  0.43716E-04
 21040.  0.43973E-04
 21045.  0.44334E-04
 21050.  0.43901E-04
 21055.  0.42241E-04
 21060.  0.40278E-04
 21065.  0.38959E-04
 21070.  0.38735E-04
 21075.  0.40072E-04
 21080.  0.41764E-04
 21085.  0.43305E-04
 21090.  0.43635E-04
 21095.  0.43130E-04
 21100.  0.42095E-04
 21105.  0.41096E-04
 21110.  0.40599E-04
 21115.  0.40559E-04
 21120.  0.40950E-04
 21125.  0.41270E-04
 21130.  0.41404E-04
 21135.  0.41160E-04
 21140.  0.40913E-04
 21145.  0.40937E-04
 21150.  0.41667E-04
 21155.  0.42802E-04
 21160.  0.43868E-04
 21165.  0.44377E-04
 21170.  0.43911E-04
 21175.  0.42896E-04
 21180.  0.41501E-04
 21185.  0.40525E-04
 21190.  0.40255E-04
 21195.  0.40955E-04
 21200.  0.42115E-04
 21205.  0.43200E-04
 21210.  0.43966E-04
 21215.  0.44184E-04
 21220.  0.43795E-04
 21225.  0.42848E-04
 21230.  0.41820E-04
 21235.  0.41191E-04
 21240.  0.40987E-04
 21245.  0.41047E-04
 21250.  0.41121E-04
 21255.  0.41244E-04
 21260.  0.41629E-04
 21265.  0.41832E-04
 21270.  0.41850E-04
 21275.  0.41696E-04
 21280.  0.41985E-04
 21285.  0.42555E-04
 21290.  0.43212E-04
 21295.  0.42931E-04
 21300.  0.41965E-04
 21305.  0.40373E-04
 21310.  0.39238E-04
 21315.  0.38588E-04
 21320.  0.38560E-04
 21325.  0.38594E-04
 21330.  0.38677E-04
 21335.  0.38907E-04
 21340.  0.39996E-04
 21345.  0.41399E-04
 21350.  0.42813E-04
 21355.  0.43276E-04
 21360.  0.42969E-04
 21365.  0.41981E-04
 21370.  0.40934E-04
 21375.  0.40248E-04
 21380.  0.39995E-04
 21385.  0.40107E-04
 21390.  0.40517E-04
 21395.  0.41094E-04
 21400.  0.41534E-04
 21405.  0.41788E-04
 21410.  0.41879E-04
 21415.  0.41786E-04
 21420.  0.41321E-04
 21425.  0.40658E-04
 21430.  0.40010E-04
 21435.  0.39407E-04
 21440.  0.38917E-04
 21445.  0.38676E-04
 21450.  0.38682E-04
 21455.  0.38746E-04
 21460.  0.38715E-04
 21465.  0.38529E-04
 21470.  0.38317E-04
 21475.  0.38194E-04
 21480.  0.38577E-04
 21485.  0.39217E-04
 21490.  0.39996E-04
 21495.  0.40410E-04
 21500.  0.40545E-04
 21505.  0.40384E-04
 21510.  0.39892E-04
 21515.  0.39340E-04
 21520.  0.38851E-04
 21525.  0.38692E-04
 21530.  0.38760E-04
 21535.  0.38964E-04
 21540.  0.39077E-04
 21545.  0.39121E-04
 21550.  0.39217E-04
 21555.  0.39690E-04
 21560.  0.40100E-04
 21565.  0.40233E-04
 21570.  0.39639E-04
 21575.  0.38700E-04
 21580.  0.37836E-04
 21585.  0.37620E-04
 21590.  0.37804E-04
 21595.  0.38043E-04
 21600.  0.38012E-04
 21605.  0.37467E-04
 21610.  0.36773E-04
 21615.  0.36214E-04
 21620.  0.36522E-04
 21625.  0.37361E-04
 21630.  0.38607E-04
 21635.  0.39438E-04
 21640.  0.39916E-04
 21645.  0.39982E-04
 21650.  0.39539E-04
 21655.  0.38682E-04
 21660.  0.37531E-04
 21665.  0.36776E-04
 21670.  0.36633E-04
 21675.  0.37051E-04
 21680.  0.37653E-04
 21685.  0.38053E-04
 21690.  0.38256E-04
 21695.  0.38409E-04
 21700.  0.38773E-04
 21705.  0.39216E-04
 21710.  0.39417E-04
 21715.  0.39470E-04
 21720.  0.39359E-04
 21725.  0.38961E-04
 21730.  0.38429E-04
 21735.  0.37936E-04
 21740.  0.37686E-04
 21745.  0.37646E-04
 21750.  0.37863E-04
 21755.  0.38475E-04
 21760.  0.39157E-04
 21765.  0.39537E-04
 21770.  0.39302E-04
 21775.  0.38757E-04
 21780.  0.38551E-04
 21785.  0.39003E-04
 21790.  0.39494E-04
 21795.  0.39520E-04
 21800.  0.38926E-04
 21805.  0.38237E-04
 21810.  0.38100E-04
 21815.  0.38669E-04
 21820.  0.39810E-04
 21825.  0.40622E-04
 21830.  0.40942E-04
 21835.  0.40669E-04
 21840.  0.40324E-04
 21845.  0.39970E-04
 21850.  0.39562E-04
 21855.  0.39234E-04
 21860.  0.39169E-04
 21865.  0.39797E-04
 21870.  0.40364E-04
 21875.  0.40679E-04
 21880.  0.40457E-04
 21885.  0.40109E-04
 21890.  0.39870E-04
 21895.  0.40000E-04
 21900.  0.40352E-04
 21905.  0.40618E-04
 21910.  0.40516E-04
 21915.  0.39817E-04
 21920.  0.38957E-04
 21925.  0.38195E-04
 21930.  0.38123E-04
 21935.  0.38516E-04
 21940.  0.39284E-04
 21945.  0.39832E-04
 21950.  0.40083E-04
 21955.  0.40025E-04
 21960.  0.39831E-04
 21965.  0.39767E-04
 21970.  0.39877E-04
 21975.  0.40125E-04
 21980.  0.40113E-04
 21985.  0.39749E-04
 21990.  0.38828E-04
 21995.  0.38031E-04
 22000.  0.37532E-04
 22005.  0.37665E-04
 22010.  0.38259E-04
 22015.  0.39053E-04
 22020.  0.39759E-04
 22025.  0.39871E-04
 22030.  0.39461E-04
 22035.  0.38420E-04
 22040.  0.37434E-04
 22045.  0.36775E-04
 22050.  0.36795E-04
 22055.  0.37547E-04
 22060.  0.38588E-04
 22065.  0.39656E-04
 22070.  0.39937E-04
 22075.  0.39714E-04
 22080.  0.39126E-04
 22085.  0.39156E-04
 22090.  0.39755E-04
 22095.  0.40857E-04
 22100.  0.41711E-04
 22105.  0.41982E-04
 22110.  0.41607E-04
 22115.  0.40737E-04
 22120.  0.39857E-04
 22125.  0.39164E-04
 22130.  0.39083E-04
 22135.  0.39576E-04
 22140.  0.40447E-04
 22145.  0.41404E-04
 22150.  0.42006E-04
 22155.  0.42286E-04
 22160.  0.42211E-04
 22165.  0.41853E-04
 22170.  0.41278E-04
 22175.  0.40461E-04
 22180.  0.39672E-04
 22185.  0.39078E-04
 22190.  0.38910E-04
 22195.  0.39036E-04
 22200.  0.39323E-04
 22205.  0.39716E-04
 22210.  0.39839E-04
 22215.  0.39742E-04
 22220.  0.39449E-04
 22225.  0.39440E-04
 22230.  0.39712E-04
 22235.  0.40259E-04
 22240.  0.40700E-04
 22245.  0.40640E-04
 22250.  0.39961E-04
 22255.  0.38828E-04
 22260.  0.37947E-04
 22265.  0.37507E-04
 22270.  0.37732E-04
 22275.  0.38064E-04
 22280.  0.38374E-04
 22285.  0.38549E-04
 22290.  0.38799E-04
 22295.  0.39169E-04
 22300.  0.39756E-04
 22305.  0.40388E-04
 22310.  0.40989E-04
 22315.  0.41446E-04
 22320.  0.41537E-04
 22325.  0.41218E-04
 22330.  0.40272E-04
 22335.  0.39169E-04
 22340.  0.38308E-04
 22345.  0.38100E-04
 22350.  0.38455E-04
 22355.  0.38870E-04
 22360.  0.39059E-04
 22365.  0.39022E-04
 22370.  0.38908E-04
 22375.  0.38778E-04
 22380.  0.38726E-04
 22385.  0.38733E-04
 22390.  0.38756E-04
 22395.  0.38520E-04
 22400.  0.38242E-04
 22405.  0.38020E-04
 22410.  0.38076E-04
 22415.  0.38335E-04
 22420.  0.38608E-04
 22425.  0.38313E-04
 22430.  0.38244E-04
 22435.  0.38359E-04
 22440.  0.38374E-04
 22445.  0.38410E-04
 22450.  0.38531E-04
 22455.  0.38874E-04
 22460.  0.39337E-04
 22465.  0.39785E-04
 22470.  0.40037E-04
 22475.  0.40047E-04
 22480.  0.39906E-04
 22485.  0.39640E-04
 22490.  0.39311E-04
 22495.  0.38967E-04
 22500.  0.38646E-04
 22505.  0.38495E-04
 22510.  0.38565E-04
 22515.  0.38911E-04
 22520.  0.39237E-04
 22525.  0.39408E-04
 22530.  0.39381E-04
 22535.  0.39379E-04
 22540.  0.39237E-04
 22545.  0.38861E-04
 22550.  0.38066E-04
 22555.  0.37352E-04
 22560.  0.36871E-04
 22565.  0.36851E-04
 22570.  0.37027E-04
 22575.  0.37315E-04
 22580.  0.37653E-04
 22585.  0.38010E-04
 22590.  0.38335E-04
 22595.  0.38507E-04
 22600.  0.38382E-04
 22605.  0.38137E-04
 22610.  0.37999E-04
 22615.  0.38200E-04
 22620.  0.38572E-04
 22625.  0.38987E-04
 22630.  0.39300E-04
 22635.  0.39402E-04
 22640.  0.39128E-04
 22645.  0.38622E-04
 22650.  0.38229E-04
 22655.  0.38186E-04
 22660.  0.38419E-04
 22665.  0.38689E-04
 22670.  0.38890E-04
 22675.  0.38950E-04
 22680.  0.38852E-04
 22685.  0.38630E-04
 22690.  0.38631E-04
 22695.  0.38851E-04
 22700.  0.39233E-04
 22705.  0.39518E-04
 22710.  0.39568E-04
 22715.  0.39357E-04
 22720.  0.38789E-04
 22725.  0.38425E-04
 22730.  0.38282E-04
 22735.  0.38332E-04
 22740.  0.38410E-04
 22745.  0.38460E-04
 22750.  0.38412E-04
 22755.  0.38685E-04
 22760.  0.39112E-04
 22765.  0.39500E-04
 22770.  0.39327E-04
 22775.  0.38940E-04
 22780.  0.38616E-04
 22785.  0.38678E-04
 22790.  0.38899E-04
 22795.  0.39142E-04
 22800.  0.39067E-04
 22805.  0.38902E-04
 22810.  0.38785E-04
 22815.  0.39051E-04
 22820.  0.39424E-04
 22825.  0.39767E-04
 22830.  0.39736E-04
 22835.  0.39566E-04
 22840.  0.39321E-04
 22845.  0.39027E-04
 22850.  0.38717E-04
 22855.  0.38404E-04
 22860.  0.38108E-04
 22865.  0.37845E-04
 22870.  0.37677E-04
 22875.  0.37796E-04
 22880.  0.38204E-04
 22885.  0.38771E-04
 22890.  0.39316E-04
 22895.  0.39453E-04
 22900.  0.39201E-04
 22905.  0.38402E-04
 22910.  0.36469E-04
 22915.  0.33776E-04
 22920.  0.30486E-04
 22925.  0.28254E-04
 22930.  0.27119E-04
 22935.  0.27437E-04
 22940.  0.28232E-04
 22945.  0.29023E-04
 22950.  0.29570E-04
 22955.  0.30121E-04
 22960.  0.30671E-04
 22965.  0.31216E-04
 22970.  0.31751E-04
 22975.  0.32334E-04
 22980.  0.32978E-04
 22985.  0.33640E-04
 22990.  0.34024E-04
 22995.  0.34040E-04
 23000.  0.33575E-04
 23005.  0.32954E-04
 23010.  0.32344E-04
 23015.  0.32088E-04
 23020.  0.32272E-04
 23025.  0.32784E-04
 23030.  0.33498E-04
 23035.  0.34015E-04
 23040.  0.34282E-04
 23045.  0.34155E-04
 23050.  0.33979E-04
 23055.  0.33799E-04
 23060.  0.33639E-04
 23065.  0.33504E-04
 23070.  0.33427E-04
 23075.  0.33477E-04
 23080.  0.33732E-04
 23085.  0.34008E-04
 23090.  0.34183E-04
 23095.  0.34210E-04
 23100.  0.34188E-04
 23105.  0.34160E-04
 23110.  0.34162E-04
 23115.  0.34183E-04
 23120.  0.34219E-04
 23125.  0.34259E-04
 23130.  0.34288E-04
 23135.  0.34291E-04
 23140.  0.34216E-04
 23145.  0.34000E-04
 23150.  0.33711E-04
 23155.  0.33622E-04
 23160.  0.33758E-04
 23165.  0.34008E-04
 23170.  0.34123E-04
 23175.  0.34291E-04
 23180.  0.34488E-04
 23185.  0.34625E-04
 23190.  0.34222E-04
 23195.  0.33217E-04
 23200.  0.31274E-04
 23205.  0.29051E-04
 23210.  0.27095E-04
 23215.  0.26086E-04
 23220.  0.26161E-04
 23225.  0.26734E-04
 23230.  0.27525E-04
 23235.  0.28208E-04
 23240.  0.28820E-04
 23245.  0.29353E-04
 23250.  0.29688E-04
 23255.  0.29828E-04
 23260.  0.29794E-04
 23265.  0.30021E-04
 23270.  0.30329E-04
 23275.  0.30642E-04
 23280.  0.30818E-04
 23285.  0.30946E-04
 23290.  0.31066E-04
 23295.  0.31257E-04
 23300.  0.31435E-04
 23305.  0.31573E-04
 23310.  0.31620E-04
 23315.  0.31623E-04
 23320.  0.31611E-04
 23325.  0.31628E-04
 23330.  0.31625E-04
 23335.  0.31591E-04
 23340.  0.31497E-04
 23345.  0.31351E-04
 23350.  0.31183E-04
 23355.  0.31029E-04
 23360.  0.31116E-04
 23365.  0.31277E-04
 23370.  0.31370E-04
 23375.  0.31220E-04
 23380.  0.31033E-04
 23385.  0.30934E-04
 23390.  0.30933E-04
 23395.  0.31087E-04
 23400.  0.31442E-04
 23405.  0.31838E-04
 23410.  0.31997E-04
 23415.  0.31828E-04
 23420.  0.31597E-04
 23425.  0.31237E-04
 23430.  0.30763E-04
 23435.  0.30362E-04
 23440.  0.30384E-04
 23445.  0.30759E-04
 23450.  0.31079E-04
 23455.  0.31256E-04
 23460.  0.31271E-04
 23465.  0.31042E-04
 23470.  0.30602E-04
 23475.  0.30134E-04
 23480.  0.29958E-04
 23485.  0.29622E-04
 23490.  0.29012E-04
 23495.  0.27891E-04
 23500.  0.26645E-04
 23505.  0.25603E-04
 23510.  0.25174E-04
 23515.  0.25260E-04
 23520.  0.25607E-04
 23525.  0.26116E-04
 23530.  0.26616E-04
 23535.  0.27080E-04
 23540.  0.27490E-04
 23545.  0.27932E-04
 23550.  0.28313E-04
 23555.  0.28566E-04
 23560.  0.28578E-04
 23565.  0.28543E-04
 23570.  0.28524E-04
 23575.  0.28565E-04
 23580.  0.28705E-04
 23585.  0.28958E-04
 23590.  0.29373E-04
 23595.  0.29804E-04
 23600.  0.30094E-04
 23605.  0.29785E-04
 23610.  0.29308E-04
 23615.  0.28861E-04
 23620.  0.28768E-04
 23625.  0.28723E-04
 23630.  0.28664E-04
 23635.  0.28542E-04
 23640.  0.28374E-04
 23645.  0.28238E-04
 23650.  0.28255E-04
 23655.  0.28669E-04
 23660.  0.29428E-04
 23665.  0.30571E-04
 23670.  0.31311E-04
 23675.  0.31543E-04
 23680.  0.31094E-04
 23685.  0.30628E-04
 23690.  0.30553E-04
 23695.  0.31037E-04
 23700.  0.31156E-04
 23705.  0.30845E-04
 23710.  0.30145E-04
 23715.  0.29798E-04
 23720.  0.29484E-04
 23725.  0.29115E-04
 23730.  0.28644E-04
 23735.  0.28433E-04
 23740.  0.28583E-04
 23745.  0.29306E-04
 23750.  0.29807E-04
 23755.  0.29940E-04
 23760.  0.29467E-04
 23765.  0.29075E-04
 23770.  0.28962E-04
 23775.  0.29481E-04
 23780.  0.29750E-04
 23785.  0.29769E-04
 23790.  0.29520E-04
 23795.  0.29328E-04
 23800.  0.29159E-04
 23805.  0.28944E-04
 23810.  0.28253E-04
 23815.  0.27705E-04
 23820.  0.27811E-04
 23825.  0.28300E-04
 23830.  0.28644E-04
 23835.  0.28542E-04
 23840.  0.28282E-04
 23845.  0.28148E-04
 23850.  0.28268E-04
 23855.  0.28605E-04
 23860.  0.28875E-04
 23865.  0.28962E-04
 23870.  0.28712E-04
 23875.  0.28478E-04
 23880.  0.28355E-04
 23885.  0.28424E-04
 23890.  0.28500E-04
 23895.  0.28543E-04
 23900.  0.28519E-04
 23905.  0.28814E-04
 23910.  0.29302E-04
 23915.  0.29692E-04
 23920.  0.29571E-04
 23925.  0.29086E-04
 23930.  0.28366E-04
 23935.  0.28218E-04
 23940.  0.28514E-04
 23945.  0.29229E-04
 23950.  0.29712E-04
 23955.  0.29880E-04
 23960.  0.29608E-04
 23965.  0.29635E-04
 23970.  0.29682E-04
 23975.  0.29556E-04
 23980.  0.29202E-04
 23985.  0.29014E-04
 23990.  0.29224E-04
 23995.  0.29851E-04
 24000.  0.30413E-04
 24005.  0.30730E-04
 24010.  0.30759E-04
 24015.  0.30739E-04
 24020.  0.30652E-04
 24025.  0.30142E-04
 24030.  0.29506E-04
 24035.  0.28870E-04
 24040.  0.28470E-04
 24045.  0.28271E-04
 24050.  0.28211E-04
 24055.  0.28209E-04
 24060.  0.28260E-04
 24065.  0.28334E-04
 24070.  0.28393E-04
 24075.  0.28368E-04
 24080.  0.28303E-04
 24085.  0.28264E-04
 24090.  0.28663E-04
 24095.  0.29248E-04
 24100.  0.29796E-04
 24105.  0.29647E-04
 24110.  0.28959E-04
 24115.  0.27730E-04
 24120.  0.26900E-04
 24125.  0.26423E-04
 24130.  0.26335E-04
 24135.  0.26351E-04
 24140.  0.26449E-04
 24145.  0.26615E-04
 24150.  0.26714E-04
 24155.  0.26657E-04
 24160.  0.26445E-04
 24165.  0.26260E-04
 24170.  0.26361E-04
 24175.  0.26710E-04
 24180.  0.26981E-04
 24185.  0.27307E-04
 24190.  0.27656E-04
 24195.  0.27881E-04
 24200.  0.27653E-04
 24205.  0.27199E-04
 24210.  0.26965E-04
 24215.  0.27185E-04
 24220.  0.27602E-04
 24225.  0.27878E-04
 24230.  0.27615E-04
 24235.  0.27299E-04
 24240.  0.27471E-04
 24245.  0.27821E-04
 24250.  0.28133E-04
 24255.  0.28231E-04
 24260.  0.28230E-04
 24265.  0.28241E-04
 24270.  0.28321E-04
 24275.  0.28325E-04
 24280.  0.28220E-04
 24285.  0.27990E-04
 24290.  0.27801E-04
 24295.  0.27800E-04
 24300.  0.27976E-04
 24305.  0.27849E-04
 24310.  0.27387E-04
 24315.  0.26663E-04
 24320.  0.26067E-04
 24325.  0.26000E-04
 24330.  0.26415E-04
 24335.  0.27054E-04
 24340.  0.27368E-04
 24345.  0.27333E-04
 24350.  0.26906E-04
 24355.  0.26750E-04
 24360.  0.26841E-04
 24365.  0.27141E-04
 24370.  0.27342E-04
 24375.  0.27384E-04
 24380.  0.27147E-04
 24385.  0.26781E-04
 24390.  0.26456E-04
 24395.  0.26356E-04
 24400.  0.26609E-04
 24405.  0.26919E-04
 24410.  0.27032E-04
 24415.  0.26332E-04
 24420.  0.25248E-04
 24425.  0.23958E-04
 24430.  0.22930E-04
 24435.  0.22372E-04
 24440.  0.22458E-04
 24445.  0.23239E-04
 24450.  0.24008E-04
 24455.  0.24612E-04
 24460.  0.25257E-04
 24465.  0.25772E-04
 24470.  0.26005E-04
 24475.  0.25464E-04
 24480.  0.24896E-04
 24485.  0.24476E-04
 24490.  0.24413E-04
 24495.  0.24321E-04
 24500.  0.24082E-04
 24505.  0.23493E-04
 24510.  0.23152E-04
 24515.  0.23159E-04
 24520.  0.23753E-04
 24525.  0.24427E-04
 24530.  0.24945E-04
 24535.  0.25029E-04
 24540.  0.25076E-04
 24545.  0.25111E-04
 24550.  0.25129E-04
 24555.  0.25102E-04
 24560.  0.25047E-04
 24565.  0.24966E-04
 24570.  0.24867E-04
 24575.  0.24803E-04
 24580.  0.24788E-04
 24585.  0.24665E-04
 24590.  0.24356E-04
 24595.  0.23844E-04
 24600.  0.23307E-04
 24605.  0.23076E-04
 24610.  0.23192E-04
 24615.  0.23484E-04
 24620.  0.23704E-04
 24625.  0.23852E-04
 24630.  0.24059E-04
 24635.  0.24222E-04
 24640.  0.24355E-04
 24645.  0.24509E-04
 24650.  0.24679E-04
 24655.  0.24800E-04
 24660.  0.24733E-04
 24665.  0.24485E-04
 24670.  0.24137E-04
 24675.  0.23740E-04
 24680.  0.23315E-04
 24685.  0.22855E-04
 24690.  0.22356E-04
 24695.  0.22100E-04
 24700.  0.22395E-04
 24705.  0.23580E-04
 24710.  0.24829E-04
 24715.  0.25326E-04
 24720.  0.24581E-04
 24725.  0.23649E-04
 24730.  0.22847E-04
 24735.  0.22319E-04
 24740.  0.22125E-04
 24745.  0.22129E-04
 24750.  0.22267E-04
 24755.  0.22333E-04
 24760.  0.22167E-04
 24765.  0.21749E-04
 24770.  0.21089E-04
 24775.  0.20668E-04
 24780.  0.20715E-04
 24785.  0.21843E-04
 24790.  0.22859E-04
 24795.  0.23462E-04
 24800.  0.23132E-04
 24805.  0.22514E-04
 24810.  0.22027E-04
 24815.  0.22249E-04
 24820.  0.22739E-04
 24825.  0.23084E-04
 24830.  0.22793E-04
 24835.  0.21880E-04
 24840.  0.20971E-04
 24845.  0.20615E-04
 24850.  0.21345E-04
 24855.  0.22503E-04
 24860.  0.23744E-04
 24865.  0.24250E-04
 24870.  0.24276E-04
 24875.  0.23882E-04
 24880.  0.23446E-04
 24885.  0.22804E-04
 24890.  0.21974E-04
 24895.  0.21501E-04
 24900.  0.21978E-04
