  5100.  0.38178E-05
  5105.  0.38766E-05
  5110.  0.39172E-05
  5115.  0.39575E-05
  5120.  0.40068E-05
  5125.  0.40934E-05
  5130.  0.42066E-05
  5135.  0.43254E-05
  5140.  0.44457E-05
  5145.  0.45592E-05
  5150.  0.46773E-05
  5155.  0.47679E-05
  5160.  0.48076E-05
  5165.  0.47964E-05
  5170.  0.47415E-05
  5175.  0.46195E-05
  5180.  0.44128E-05
  5185.  0.41311E-05
  5190.  0.38170E-05
  5195.  0.34941E-05
  5200.  0.31553E-05
  5205.  0.28067E-05
  5210.  0.24773E-05
  5215.  0.22029E-05
  5220.  0.20438E-05
  5225.  0.20265E-05
  5230.  0.21046E-05
  5235.  0.22200E-05
  5240.  0.23320E-05
  5245.  0.24332E-05
  5250.  0.25406E-05
  5255.  0.26559E-05
  5260.  0.27635E-05
  5265.  0.28502E-05
  5270.  0.29222E-05
  5275.  0.30003E-05
  5280.  0.30894E-05
  5285.  0.31753E-05
  5290.  0.32647E-05
  5295.  0.33798E-05
  5300.  0.35111E-05
  5305.  0.36295E-05
  5310.  0.37297E-05
  5315.  0.38180E-05
  5320.  0.39046E-05
  5325.  0.40011E-05
  5330.  0.40931E-05
  5335.  0.41611E-05
  5340.  0.41942E-05
  5345.  0.41999E-05
  5350.  0.42099E-05
  5355.  0.42365E-05
  5360.  0.42741E-05
  5365.  0.43280E-05
  5370.  0.43921E-05
  5375.  0.44411E-05
  5380.  0.44690E-05
  5385.  0.45047E-05
  5390.  0.45612E-05
  5395.  0.46091E-05
  5400.  0.53338E-05
  5405.  0.52343E-05
  5410.  0.52515E-05
  5415.  0.53403E-05
  5420.  0.54356E-05
  5425.  0.55083E-05
  5430.  0.55461E-05
  5435.  0.55607E-05
  5440.  0.55661E-05
  5445.  0.55370E-05
  5450.  0.54494E-05
  5455.  0.53230E-05
  5460.  0.51518E-05
  5465.  0.49015E-05
  5470.  0.45848E-05
  5475.  0.42659E-05
  5480.  0.39966E-05
  5485.  0.37630E-05
  5490.  0.35700E-05
  5495.  0.34550E-05
  5500.  0.34218E-05
  5505.  0.34536E-05
  5510.  0.35266E-05
  5515.  0.36119E-05
  5520.  0.36882E-05
  5525.  0.37485E-05
  5530.  0.38064E-05
  5535.  0.38894E-05
  5540.  0.39972E-05
  5545.  0.41009E-05
  5550.  0.42037E-05
  5555.  0.43212E-05
  5560.  0.44287E-05
  5565.  0.45025E-05
  5570.  0.45480E-05
  5575.  0.45588E-05
  5580.  0.45279E-05
  5585.  0.44631E-05
  5590.  0.43788E-05
  5595.  0.42833E-05
  5600.  0.41685E-05
  5605.  0.40430E-05
  5610.  0.39297E-05
  5615.  0.38184E-05
  5620.  0.36948E-05
  5625.  0.35760E-05
  5630.  0.34817E-05
  5635.  0.34086E-05
  5640.  0.33551E-05
  5645.  0.33347E-05
  5650.  0.33555E-05
  5655.  0.34067E-05
  5660.  0.34806E-05
  5665.  0.35733E-05
  5670.  0.36659E-05
  5675.  0.37460E-05
  5680.  0.38266E-05
  5685.  0.39208E-05
  5690.  0.40150E-05
  5695.  0.40967E-05
  5700.  0.41869E-05
  5705.  0.43055E-05
  5710.  0.44445E-05
  5715.  0.45880E-05
  5720.  0.47292E-05
  5725.  0.48549E-05
  5730.  0.49529E-05
  5735.  0.50294E-05
  5740.  0.50925E-05
  5745.  0.51409E-05
  5750.  0.51732E-05
  5755.  0.51964E-05
  5760.  0.52278E-05
  5765.  0.52763E-05
  5770.  0.53225E-05
  5775.  0.53481E-05
  5780.  0.53686E-05
  5785.  0.54007E-05
  5790.  0.54472E-05
  5795.  0.55248E-05
  5800.  0.56455E-05
  5805.  0.57954E-05
  5810.  0.59394E-05
  5815.  0.60395E-05
  5820.  0.60686E-05
  5825.  0.60329E-05
  5830.  0.59405E-05
  5835.  0.57856E-05
  5840.  0.55841E-05
  5845.  0.53552E-05
  5850.  0.51026E-05
  5855.  0.48302E-05
  5860.  0.45403E-05
  5865.  0.42447E-05
  5870.  0.39597E-05
  5875.  0.36904E-05
  5880.  0.34579E-05
  5885.  0.32642E-05
  5890.  0.31114E-05
  5895.  0.29970E-05
  5900.  0.29180E-05
  5905.  0.28627E-05
  5910.  0.28059E-05
  5915.  0.27532E-05
  5920.  0.27338E-05
  5925.  0.27575E-05
  5930.  0.28132E-05
  5935.  0.28865E-05
  5940.  0.29747E-05
  5945.  0.30846E-05
  5950.  0.32084E-05
  5955.  0.33255E-05
  5960.  0.34258E-05
  5965.  0.35170E-05
  5970.  0.36044E-05
  5975.  0.36894E-05
  5980.  0.37910E-05
  5985.  0.39220E-05
  5990.  0.40696E-05
  5995.  0.42276E-05
  6000.  0.43951E-05
  6005.  0.45528E-05
  6010.  0.46885E-05
  6015.  0.48123E-05
  6020.  0.49311E-05
  6025.  0.50683E-05
  6030.  0.52341E-05
  6035.  0.53994E-05
  6040.  0.55451E-05
  6045.  0.56818E-05
  6050.  0.58292E-05
  6055.  0.59944E-05
  6060.  0.61591E-05
  6065.  0.63113E-05
  6070.  0.64541E-05
  6075.  0.65822E-05
  6080.  0.66825E-05
  6085.  0.67599E-05
  6090.  0.68389E-05
  6095.  0.69311E-05
  6100.  0.70288E-05
  6105.  0.71285E-05
  6110.  0.72431E-05
  6115.  0.73824E-05
  6120.  0.75426E-05
  6125.  0.77108E-05
  6130.  0.78549E-05
  6135.  0.79491E-05
  6140.  0.79930E-05
  6145.  0.79587E-05
  6150.  0.78127E-05
  6155.  0.75100E-05
  6160.  0.70330E-05
  6165.  0.64217E-05
  6170.  0.57337E-05
  6175.  0.50583E-05
  6180.  0.44762E-05
  6185.  0.40159E-05
  6190.  0.36886E-05
  6195.  0.34860E-05
  6200.  0.33804E-05
  6205.  0.33410E-05
  6210.  0.33254E-05
  6215.  0.33107E-05
  6220.  0.33096E-05
  6225.  0.33218E-05
  6230.  0.33278E-05
  6235.  0.33286E-05
  6240.  0.33488E-05
  6245.  0.34092E-05
  6250.  0.35210E-05
  6255.  0.36800E-05
  6260.  0.38718E-05
  6265.  0.40802E-05
  6270.  0.42811E-05
  6275.  0.44594E-05
  6280.  0.46227E-05
  6285.  0.47836E-05
  6290.  0.49407E-05
  6295.  0.50949E-05
  6300.  0.52615E-05
  6305.  0.54524E-05
  6310.  0.56665E-05
  6315.  0.58943E-05
  6320.  0.61270E-05
  6325.  0.63613E-05
  6330.  0.65826E-05
  6335.  0.67710E-05
  6340.  0.69176E-05
  6345.  0.70471E-05
  6350.  0.71797E-05
  6355.  0.72906E-05
  6360.  0.73639E-05
  6365.  0.74092E-05
  6370.  0.74615E-05
  6375.  0.75648E-05
  6380.  0.77231E-05
  6385.  0.79323E-05
  6390.  0.81884E-05
  6395.  0.84587E-05
  6400.  0.87234E-05
  6405.  0.89778E-05
  6410.  0.91770E-05
  6415.  0.93015E-05
  6420.  0.93643E-05
  6425.  0.93700E-05
  6430.  0.93541E-05
  6435.  0.93625E-05
  6440.  0.94260E-05
  6445.  0.95701E-05
  6450.  0.98168E-05
  6455.  0.10126E-04
  6460.  0.10412E-04
  6465.  0.10657E-04
  6470.  0.10881E-04
  6475.  0.11050E-04
  6480.  0.11137E-04
  6485.  0.11149E-04
  6490.  0.11088E-04
  6495.  0.11008E-04
  6500.  0.10988E-04
  6505.  0.11067E-04
  6510.  0.11251E-04
  6515.  0.11503E-04
  6520.  0.11784E-04
  6525.  0.12077E-04
  6530.  0.12348E-04
  6535.  0.12570E-04
  6540.  0.12727E-04
  6545.  0.12758E-04
  6550.  0.12633E-04
  6555.  0.12361E-04
  6560.  0.11977E-04
  6565.  0.11531E-04
  6570.  0.11099E-04
  6575.  0.10744E-04
  6580.  0.10477E-04
  6585.  0.10291E-04
  6590.  0.10185E-04
  6595.  0.10136E-04
  6600.  0.10090E-04
  6605.  0.10011E-04
  6610.  0.99076E-05
  6615.  0.97877E-05
  6620.  0.96431E-05
  6625.  0.94785E-05
  6630.  0.93070E-05
  6635.  0.91122E-05
  6640.  0.88716E-05
  6645.  0.85731E-05
  6650.  0.82294E-05
  6655.  0.78926E-05
  6660.  0.76061E-05
  6665.  0.73671E-05
  6670.  0.71668E-05
  6675.  0.70104E-05
  6680.  0.68882E-05
  6685.  0.67745E-05
  6690.  0.66651E-05
  6695.  0.65632E-05
  6700.  0.64705E-05
  6705.  0.64146E-05
  6710.  0.63926E-05
  6715.  0.63635E-05
  6720.  0.63151E-05
  6725.  0.62574E-05
  6730.  0.62150E-05
  6735.  0.62259E-05
  6740.  0.63126E-05
  6745.  0.64764E-05
  6750.  0.66910E-05
  6755.  0.69126E-05
  6760.  0.71218E-05
  6765.  0.73304E-05
  6770.  0.75338E-05
  6775.  0.77203E-05
  6780.  0.78846E-05
  6785.  0.80003E-05
  6790.  0.80502E-05
  6795.  0.80913E-05
  6800.  0.81898E-05
  6805.  0.83521E-05
  6810.  0.85717E-05
  6815.  0.88437E-05
  6820.  0.91465E-05
  6825.  0.94531E-05
  6830.  0.97410E-05
  6835.  0.10007E-04
  6840.  0.10264E-04
  6845.  0.10500E-04
  6850.  0.10699E-04
  6855.  0.10865E-04
  6860.  0.11011E-04
  6865.  0.11162E-04
  6870.  0.11408E-04
  6875.  0.11818E-04
  6880.  0.12300E-04
  6885.  0.12756E-04
  6890.  0.13207E-04
  6895.  0.13709E-04
  6900.  0.14256E-04
  6905.  0.14777E-04
  6910.  0.15227E-04
  6915.  0.15610E-04
  6920.  0.15935E-04
  6925.  0.16214E-04
  6930.  0.16463E-04
  6935.  0.16756E-04
  6940.  0.17202E-04
  6945.  0.17780E-04
  6950.  0.18407E-04
  6955.  0.19057E-04
  6960.  0.19722E-04
  6965.  0.20412E-04
  6970.  0.21126E-04
  6975.  0.21784E-04
  6980.  0.22320E-04
  6985.  0.22744E-04
  6990.  0.23051E-04
  6995.  0.23255E-04
  7000.  0.23406E-04
  7005.  0.23543E-04
  7010.  0.23694E-04
  7015.  0.23852E-04
  7020.  0.23989E-04
  7025.  0.24063E-04
  7030.  0.23995E-04
  7035.  0.23670E-04
  7040.  0.23032E-04
  7045.  0.22003E-04
  7050.  0.20537E-04
  7055.  0.18688E-04
  7060.  0.16593E-04
  7065.  0.14455E-04
  7070.  0.12605E-04
  7075.  0.11301E-04
  7080.  0.10490E-04
  7085.  0.99803E-05
  7090.  0.95905E-05
  7095.  0.92187E-05
  7100.  0.88612E-05
  7105.  0.86008E-05
  7110.  0.85007E-05
  7115.  0.84939E-05
  7120.  0.84688E-05
  7125.  0.83591E-05
  7130.  0.81514E-05
  7135.  0.79108E-05
  7140.  0.77228E-05
  7145.  0.76496E-05
  7150.  0.77486E-05
  7155.  0.80165E-05
  7160.  0.83776E-05
  7165.  0.87454E-05
  7170.  0.91024E-05
  7175.  0.94716E-05
  7180.  0.98567E-05
  7185.  0.10235E-04
  7190.  0.10559E-04
  7195.  0.10809E-04
  7200.  0.11018E-04
  7205.  0.11215E-04
  7210.  0.11445E-04
  7215.  0.11763E-04
  7220.  0.12173E-04
  7225.  0.12670E-04
  7230.  0.13263E-04
  7235.  0.13936E-04
  7240.  0.14655E-04
  7245.  0.15401E-04
  7250.  0.16180E-04
  7255.  0.16962E-04
  7260.  0.17690E-04
  7265.  0.18359E-04
  7270.  0.18983E-04
  7275.  0.19564E-04
  7280.  0.20161E-04
  7285.  0.20878E-04
  7290.  0.21789E-04
  7295.  0.22881E-04
  7300.  0.24094E-04
  7305.  0.25369E-04
  7310.  0.26676E-04
  7315.  0.27986E-04
  7320.  0.29224E-04
  7325.  0.30341E-04
  7330.  0.31345E-04
  7335.  0.32214E-04
  7340.  0.32937E-04
  7345.  0.33579E-04
  7350.  0.34175E-04
  7355.  0.34763E-04
  7360.  0.35456E-04
  7365.  0.36315E-04
  7370.  0.37258E-04
  7375.  0.38184E-04
  7380.  0.38972E-04
  7385.  0.39556E-04
  7390.  0.40005E-04
  7395.  0.40367E-04
  7400.  0.40659E-04
  7405.  0.40857E-04
  7410.  0.40894E-04
  7415.  0.40845E-04
  7420.  0.40874E-04
  7425.  0.40992E-04
  7430.  0.41126E-04
  7435.  0.41268E-04
  7440.  0.41417E-04
  7445.  0.41548E-04
  7450.  0.41687E-04
  7455.  0.41913E-04
  7460.  0.42229E-04
  7465.  0.42553E-04
  7470.  0.42883E-04
  7475.  0.43325E-04
  7480.  0.43887E-04
  7485.  0.44468E-04
  7490.  0.45014E-04
  7495.  0.45496E-04
  7500.  0.45903E-04
  7505.  0.46314E-04
  7510.  0.46765E-04
  7515.  0.47225E-04
  7520.  0.47746E-04
  7525.  0.48340E-04
  7530.  0.48886E-04
  7535.  0.49408E-04
  7540.  0.50079E-04
  7545.  0.50809E-04
  7550.  0.51325E-04
  7555.  0.51591E-04
  7560.  0.51647E-04
  7565.  0.51318E-04
  7570.  0.50512E-04
  7575.  0.49342E-04
  7580.  0.47828E-04
  7585.  0.45805E-04
  7590.  0.43248E-04
  7595.  0.40345E-04
  7600.  0.37321E-04
  7605.  0.34553E-04
  7610.  0.32389E-04
  7615.  0.30701E-04
  7620.  0.29561E-04
  7625.  0.28757E-04
  7630.  0.27835E-04
  7635.  0.26952E-04
  7640.  0.26340E-04
  7645.  0.25991E-04
  7650.  0.25729E-04
  7655.  0.25314E-04
  7660.  0.24659E-04
  7665.  0.23787E-04
  7670.  0.22783E-04
  7675.  0.21858E-04
  7680.  0.21241E-04
  7685.  0.21044E-04
  7690.  0.21187E-04
  7695.  0.21496E-04
  7700.  0.21822E-04
  7705.  0.22138E-04
  7710.  0.22493E-04
  7715.  0.22918E-04
  7720.  0.23403E-04
  7725.  0.23956E-04
  7730.  0.24540E-04
  7735.  0.24950E-04
  7740.  0.25007E-04
  7745.  0.24775E-04
  7750.  0.24431E-04
  7755.  0.24138E-04
  7760.  0.24061E-04
  7765.  0.24269E-04
  7770.  0.24660E-04
  7775.  0.25096E-04
  7780.  0.25557E-04
  7785.  0.26051E-04
  7790.  0.26607E-04
  7795.  0.27300E-04
  7800.  0.28123E-04
  7805.  0.28941E-04
  7810.  0.29582E-04
  7815.  0.29944E-04
  7820.  0.29954E-04
  7825.  0.29709E-04
  7830.  0.29315E-04
  7835.  0.28960E-04
  7840.  0.28797E-04
  7845.  0.28840E-04
  7850.  0.28992E-04
  7855.  0.29227E-04
  7860.  0.29538E-04
  7865.  0.29888E-04
  7870.  0.30245E-04
  7875.  0.30638E-04
  7880.  0.31034E-04
  7885.  0.31369E-04
  7890.  0.31608E-04
  7895.  0.31628E-04
  7900.  0.31405E-04
  7905.  0.31130E-04
  7910.  0.30967E-04
  7915.  0.30971E-04
  7920.  0.31175E-04
  7925.  0.31575E-04
  7930.  0.32143E-04
  7935.  0.32799E-04
  7940.  0.33356E-04
  7945.  0.33728E-04
  7950.  0.34143E-04
  7955.  0.34652E-04
  7960.  0.35130E-04
  7965.  0.35527E-04
  7970.  0.35883E-04
  7975.  0.36190E-04
  7980.  0.36385E-04
  7985.  0.36541E-04
  7990.  0.36850E-04
  7995.  0.37417E-04
  8000.  0.38237E-04
  8005.  0.39259E-04
  8010.  0.40432E-04
  8015.  0.41694E-04
  8020.  0.42907E-04
  8025.  0.43998E-04
  8030.  0.45099E-04
  8035.  0.46327E-04
  8040.  0.47585E-04
  8045.  0.48704E-04
  8050.  0.49718E-04
  8055.  0.50805E-04
  8060.  0.51976E-04
  8065.  0.53104E-04
  8070.  0.54155E-04
  8075.  0.55188E-04
  8080.  0.56255E-04
  8085.  0.57333E-04
  8090.  0.58386E-04
  8095.  0.59464E-04
  8100.  0.60619E-04
  8105.  0.61781E-04
  8110.  0.62882E-04
  8115.  0.63999E-04
  8120.  0.65175E-04
  8125.  0.66312E-04
  8130.  0.67355E-04
  8135.  0.68329E-04
  8140.  0.69209E-04
  8145.  0.69944E-04
  8150.  0.70577E-04
  8155.  0.71126E-04
  8160.  0.71449E-04
  8165.  0.71435E-04
  8170.  0.71121E-04
  8175.  0.70624E-04
  8180.  0.70034E-04
  8185.  0.69037E-04
  8190.  0.67294E-04
  8195.  0.65094E-04
  8200.  0.62989E-04
  8205.  0.61261E-04
  8210.  0.60059E-04
  8215.  0.59564E-04
  8220.  0.59777E-04
  8225.  0.60467E-04
  8230.  0.61247E-04
  8235.  0.61817E-04
  8240.  0.62189E-04
  8245.  0.62421E-04
  8250.  0.62344E-04
  8255.  0.61930E-04
  8260.  0.61426E-04
  8265.  0.60953E-04
  8270.  0.60290E-04
  8275.  0.59364E-04
  8280.  0.58408E-04
  8285.  0.57495E-04
  8290.  0.56473E-04
  8295.  0.55504E-04
  8300.  0.55017E-04
  8305.  0.54977E-04
  8310.  0.55140E-04
  8315.  0.55564E-04
  8320.  0.56176E-04
  8325.  0.56557E-04
  8330.  0.56569E-04
  8335.  0.56421E-04
  8340.  0.56197E-04
  8345.  0.55928E-04
  8350.  0.55765E-04
  8355.  0.55774E-04
  8360.  0.55864E-04
  8365.  0.55902E-04
  8370.  0.55778E-04
  8375.  0.55531E-04
  8380.  0.55320E-04
  8385.  0.55140E-04
  8390.  0.55038E-04
  8395.  0.55248E-04
  8400.  0.55679E-04
  8405.  0.55890E-04
  8410.  0.55579E-04
  8415.  0.54695E-04
  8420.  0.53175E-04
  8425.  0.51072E-04
  8430.  0.48454E-04
  8435.  0.45467E-04
  8440.  0.42389E-04
  8445.  0.39569E-04
  8450.  0.37220E-04
  8455.  0.35478E-04
  8460.  0.34479E-04
  8465.  0.34166E-04
  8470.  0.34294E-04
  8475.  0.34686E-04
  8480.  0.35266E-04
  8485.  0.35940E-04
  8490.  0.36501E-04
  8495.  0.36765E-04
  8500.  0.36799E-04
  8505.  0.36805E-04
  8510.  0.36902E-04
  8515.  0.37096E-04
  8520.  0.37323E-04
  8525.  0.37572E-04
  8530.  0.37953E-04
  8535.  0.38516E-04
  8540.  0.39174E-04
  8545.  0.39960E-04
  8550.  0.41026E-04
  8555.  0.42215E-04
  8560.  0.43212E-04
  8565.  0.44047E-04
  8570.  0.44710E-04
  8575.  0.45189E-04
  8580.  0.45637E-04
  8585.  0.46250E-04
  8590.  0.46919E-04
  8595.  0.47652E-04
  8600.  0.48626E-04
  8605.  0.49716E-04
  8610.  0.50733E-04
  8615.  0.51726E-04
  8620.  0.52692E-04
  8625.  0.53495E-04
  8630.  0.54012E-04
  8635.  0.54313E-04
  8640.  0.54501E-04
  8645.  0.54496E-04
  8650.  0.54311E-04
  8655.  0.54141E-04
  8660.  0.54102E-04
  8665.  0.54219E-04
  8670.  0.54654E-04
  8675.  0.55497E-04
  8680.  0.56527E-04
  8685.  0.57567E-04
  8690.  0.58609E-04
  8695.  0.59702E-04
  8700.  0.60844E-04
  8705.  0.62029E-04
  8710.  0.63134E-04
  8715.  0.64147E-04
  8720.  0.65070E-04
  8725.  0.65833E-04
  8730.  0.66399E-04
  8735.  0.66958E-04
  8740.  0.67624E-04
  8745.  0.68293E-04
  8750.  0.68955E-04
  8755.  0.69635E-04
  8760.  0.70303E-04
  8765.  0.70907E-04
  8770.  0.71356E-04
  8775.  0.71812E-04
  8780.  0.72482E-04
  8785.  0.73321E-04
  8790.  0.74183E-04
  8795.  0.74963E-04
  8800.  0.75601E-04
  8805.  0.76048E-04
  8810.  0.76339E-04
  8815.  0.76735E-04
  8820.  0.77249E-04
  8825.  0.77654E-04
  8830.  0.77932E-04
  8835.  0.78159E-04
  8840.  0.77987E-04
  8845.  0.76964E-04
  8850.  0.75091E-04
  8855.  0.72421E-04
  8860.  0.68842E-04
  8865.  0.64825E-04
  8870.  0.61145E-04
  8875.  0.58218E-04
  8880.  0.56460E-04
  8885.  0.56054E-04
  8890.  0.56609E-04
  8895.  0.57455E-04
  8900.  0.58435E-04
  8905.  0.59499E-04
  8910.  0.60556E-04
  8915.  0.61439E-04
  8920.  0.62168E-04
  8925.  0.62703E-04
  8930.  0.62850E-04
  8935.  0.62669E-04
  8940.  0.62392E-04
  8945.  0.62180E-04
  8950.  0.62170E-04
  8955.  0.62164E-04
  8960.  0.62044E-04
  8965.  0.62464E-04
  8970.  0.63691E-04
  8975.  0.65034E-04
  8980.  0.66029E-04
  8985.  0.66913E-04
  8990.  0.67988E-04
  8995.  0.69205E-04
  9000.  0.70226E-04
  9005.  0.70742E-04
  9010.  0.71149E-04
  9015.  0.71949E-04
  9020.  0.72642E-04
  9025.  0.72998E-04
  9030.  0.73645E-04
  9035.  0.74488E-04
  9040.  0.75324E-04
  9045.  0.76127E-04
  9050.  0.76793E-04
  9055.  0.77395E-04
  9060.  0.78079E-04
  9065.  0.78831E-04
  9070.  0.79342E-04
  9075.  0.79565E-04
  9080.  0.79772E-04
  9085.  0.80055E-04
  9090.  0.80243E-04
  9095.  0.80387E-04
  9100.  0.80666E-04
  9105.  0.81024E-04
  9110.  0.81322E-04
  9115.  0.81719E-04
  9120.  0.82303E-04
  9125.  0.82872E-04
  9130.  0.83244E-04
  9135.  0.83310E-04
  9140.  0.83231E-04
  9145.  0.83110E-04
  9150.  0.82871E-04
  9155.  0.82769E-04
  9160.  0.82907E-04
  9165.  0.82924E-04
  9170.  0.82747E-04
  9175.  0.82626E-04
  9180.  0.82735E-04
  9185.  0.82997E-04
  9190.  0.83204E-04
  9195.  0.83154E-04
  9200.  0.82847E-04
  9205.  0.82570E-04
  9210.  0.82182E-04
  9215.  0.81974E-04
  9220.  0.81730E-04
  9225.  0.81372E-04
  9230.  0.81026E-04
  9235.  0.80576E-04
  9240.  0.80121E-04
  9245.  0.79743E-04
  9250.  0.79604E-04
  9255.  0.79548E-04
  9260.  0.79236E-04
  9265.  0.78863E-04
  9270.  0.78567E-04
  9275.  0.77842E-04
  9280.  0.76317E-04
  9285.  0.74539E-04
  9290.  0.73198E-04
  9295.  0.72090E-04
  9300.  0.70865E-04
  9305.  0.70002E-04
  9310.  0.69993E-04
  9315.  0.70243E-04
  9320.  0.69925E-04
  9325.  0.69277E-04
  9330.  0.68895E-04
  9335.  0.68574E-04
  9340.  0.67884E-04
  9345.  0.67100E-04
  9350.  0.66599E-04
  9355.  0.66329E-04
  9360.  0.66381E-04
  9365.  0.66451E-04
  9370.  0.66229E-04
  9375.  0.65910E-04
  9380.  0.65703E-04
  9385.  0.65981E-04
  9390.  0.66731E-04
  9395.  0.67706E-04
  9400.  0.68703E-04
  9405.  0.69347E-04
  9410.  0.69558E-04
  9415.  0.69587E-04
  9420.  0.69651E-04
  9425.  0.69932E-04
  9430.  0.70469E-04
  9435.  0.70924E-04
  9440.  0.71254E-04
  9445.  0.71680E-04
  9450.  0.71947E-04
  9455.  0.71636E-04
  9460.  0.71103E-04
  9465.  0.71247E-04
  9470.  0.71923E-04
  9475.  0.72413E-04
  9480.  0.72892E-04
  9485.  0.73630E-04
  9490.  0.74347E-04
  9495.  0.74791E-04
  9500.  0.75076E-04
  9505.  0.75562E-04
  9510.  0.76428E-04
  9515.  0.77284E-04
  9520.  0.77961E-04
  9525.  0.78814E-04
  9530.  0.79648E-04
  9535.  0.79834E-04
  9540.  0.79917E-04
  9545.  0.80251E-04
  9550.  0.80134E-04
  9555.  0.79507E-04
  9560.  0.79211E-04
  9565.  0.79209E-04
  9570.  0.78813E-04
  9575.  0.78121E-04
  9580.  0.77565E-04
  9585.  0.77457E-04
  9590.  0.77430E-04
  9595.  0.76497E-04
  9600.  0.75042E-04
  9605.  0.74524E-04
  9610.  0.75050E-04
  9615.  0.75684E-04
  9620.  0.76188E-04
  9625.  0.76996E-04
  9630.  0.78038E-04
  9635.  0.78825E-04
  9640.  0.79192E-04
  9645.  0.78939E-04
  9650.  0.77684E-04
  9655.  0.75879E-04
  9660.  0.74845E-04
  9665.  0.74912E-04
  9670.  0.75102E-04
  9675.  0.75000E-04
  9680.  0.74811E-04
  9685.  0.74502E-04
  9690.  0.74269E-04
  9695.  0.74426E-04
  9700.  0.74762E-04
  9705.  0.75159E-04
  9710.  0.74882E-04
  9715.  0.75574E-04
  9720.  0.75405E-04
  9725.  0.75753E-04
  9730.  0.74470E-04
  9735.  0.74316E-04
  9740.  0.73796E-04
  9745.  0.73334E-04
  9750.  0.73040E-04
  9755.  0.74255E-04
  9760.  0.74849E-04
  9765.  0.74027E-04
  9770.  0.73387E-04
  9775.  0.74375E-04
  9780.  0.74113E-04
  9785.  0.72762E-04
  9790.  0.72951E-04
  9795.  0.74085E-04
  9800.  0.75065E-04
  9805.  0.75228E-04
  9810.  0.75030E-04
  9815.  0.75264E-04
  9820.  0.75426E-04
  9825.  0.75602E-04
  9830.  0.75330E-04
  9835.  0.75308E-04
  9840.  0.75970E-04
  9845.  0.76432E-04
  9850.  0.77031E-04
  9855.  0.77633E-04
  9860.  0.77816E-04
  9865.  0.77637E-04
  9870.  0.77326E-04
  9875.  0.77547E-04
  9880.  0.77409E-04
  9885.  0.77578E-04
  9890.  0.77988E-04
  9895.  0.77905E-04
  9900.  0.76951E-04
  9905.  0.76208E-04
  9910.  0.75702E-04
  9915.  0.75316E-04
  9920.  0.75620E-04
  9925.  0.75485E-04
  9930.  0.75737E-04
  9935.  0.76586E-04
  9940.  0.76827E-04
  9945.  0.76401E-04
  9950.  0.76200E-04
  9955.  0.78259E-04
  9960.  0.78295E-04
  9965.  0.78475E-04
  9970.  0.78721E-04
  9975.  0.78803E-04
  9980.  0.79100E-04
  9985.  0.79019E-04
  9990.  0.79012E-04
  9995.  0.78829E-04
 10000.  0.78105E-04
 10005.  0.78166E-04
 10010.  0.78726E-04
 10015.  0.79078E-04
 10020.  0.79805E-04
 10025.  0.79526E-04
 10030.  0.78344E-04
 10035.  0.76989E-04
 10040.  0.77458E-04
 10045.  0.79000E-04
 10050.  0.79176E-04
 10055.  0.77548E-04
 10060.  0.75944E-04
 10065.  0.76863E-04
 10070.  0.78018E-04
 10075.  0.78781E-04
 10080.  0.79321E-04
 10085.  0.79446E-04
 10090.  0.80108E-04
 10095.  0.80912E-04
 10100.  0.81619E-04
 10105.  0.81243E-04
 10110.  0.80676E-04
 10115.  0.79966E-04
 10120.  0.79822E-04
 10125.  0.80304E-04
 10130.  0.80543E-04
 10135.  0.80246E-04
 10140.  0.79580E-04
 10145.  0.78813E-04
 10150.  0.78921E-04
 10155.  0.79483E-04
 10160.  0.79966E-04
 10165.  0.79980E-04
 10170.  0.79770E-04
 10175.  0.80714E-04
 10180.  0.80994E-04
 10185.  0.80445E-04
 10190.  0.79743E-04
 10195.  0.79515E-04
 10200.  0.80080E-04
 10205.  0.81219E-04
 10210.  0.81527E-04
 10215.  0.81069E-04
 10220.  0.81330E-04
 10225.  0.82001E-04
 10230.  0.82228E-04
 10235.  0.82310E-04
 10240.  0.83030E-04
 10245.  0.82958E-04
 10250.  0.82509E-04
 10255.  0.82247E-04
 10260.  0.81514E-04
 10265.  0.81018E-04
 10270.  0.81604E-04
 10275.  0.82199E-04
 10280.  0.82565E-04
 10285.  0.82602E-04
 10290.  0.82531E-04
 10295.  0.82731E-04
 10300.  0.82765E-04
 10305.  0.83030E-04
 10310.  0.83349E-04
 10315.  0.83514E-04
 10320.  0.82953E-04
 10325.  0.81264E-04
 10330.  0.80423E-04
 10335.  0.81092E-04
 10340.  0.80486E-04
 10345.  0.80018E-04
 10350.  0.81272E-04
 10355.  0.82787E-04
 10360.  0.83524E-04
 10365.  0.83604E-04
 10370.  0.83151E-04
 10375.  0.82705E-04
 10380.  0.82782E-04
 10385.  0.82694E-04
 10390.  0.81814E-04
 10395.  0.79590E-04
 10400.  0.79655E-04
 10405.  0.81881E-04
 10410.  0.83340E-04
 10415.  0.83291E-04
 10420.  0.81918E-04
 10425.  0.81171E-04
 10430.  0.81710E-04
 10435.  0.82670E-04
 10440.  0.83136E-04
 10445.  0.83421E-04
 10450.  0.83275E-04
 10455.  0.82565E-04
 10460.  0.82027E-04
 10465.  0.82047E-04
 10470.  0.81933E-04
 10475.  0.81728E-04
 10480.  0.81503E-04
 10485.  0.81158E-04
 10490.  0.80650E-04
 10495.  0.79912E-04
 10500.  0.79739E-04
 10505.  0.79759E-04
 10510.  0.79502E-04
 10515.  0.80031E-04
 10520.  0.80678E-04
 10525.  0.80568E-04
 10530.  0.80000E-04
 10535.  0.80230E-04
 10540.  0.80564E-04
 10545.  0.80082E-04
 10550.  0.79814E-04
 10555.  0.79899E-04
 10560.  0.79762E-04
 10565.  0.79591E-04
 10570.  0.79469E-04
 10575.  0.79092E-04
 10580.  0.77626E-04
 10585.  0.76446E-04
 10590.  0.77490E-04
 10595.  0.79117E-04
 10600.  0.78939E-04
 10605.  0.77179E-04
 10610.  0.77066E-04
 10615.  0.78434E-04
 10620.  0.79527E-04
 10625.  0.79941E-04
 10630.  0.80392E-04
 10635.  0.80555E-04
 10640.  0.80337E-04
 10645.  0.79936E-04
 10650.  0.79444E-04
 10655.  0.78392E-04
 10660.  0.77102E-04
 10665.  0.77223E-04
 10670.  0.78118E-04
 10675.  0.78301E-04
 10680.  0.78727E-04
 10685.  0.78914E-04
 10690.  0.78670E-04
 10695.  0.78782E-04
 10700.  0.79355E-04
 10705.  0.79915E-04
 10710.  0.80132E-04
 10715.  0.80091E-04
 10720.  0.79209E-04
 10725.  0.77636E-04
 10730.  0.77037E-04
 10735.  0.78041E-04
 10740.  0.79140E-04
 10745.  0.79562E-04
 10750.  0.79549E-04
 10755.  0.79781E-04
 10760.  0.80382E-04
 10765.  0.80676E-04
 10770.  0.79932E-04
 10775.  0.79050E-04
 10780.  0.78751E-04
 10785.  0.78706E-04
 10790.  0.79086E-04
 10795.  0.79487E-04
 10800.  0.79610E-04
 10805.  0.79411E-04
 10810.  0.79048E-04
 10815.  0.78344E-04
 10820.  0.77651E-04
 10825.  0.77830E-04
 10830.  0.78718E-04
 10835.  0.79551E-04
 10840.  0.79896E-04
 10845.  0.79647E-04
 10850.  0.79357E-04
 10855.  0.79429E-04
 10860.  0.79173E-04
 10865.  0.78512E-04
 10870.  0.77919E-04
 10875.  0.77669E-04
 10880.  0.77547E-04
 10885.  0.77583E-04
 10890.  0.77778E-04
 10895.  0.77968E-04
 10900.  0.78281E-04
 10905.  0.78785E-04
 10910.  0.78810E-04
 10915.  0.77563E-04
 10920.  0.75026E-04
 10925.  0.73464E-04
 10930.  0.75452E-04
 10935.  0.77947E-04
 10940.  0.78585E-04
 10945.  0.77459E-04
 10950.  0.76093E-04
 10955.  0.74573E-04
 10960.  0.73819E-04
 10965.  0.73228E-04
 10970.  0.72511E-04
 10975.  0.72591E-04
 10980.  0.72961E-04
 10985.  0.73286E-04
 10990.  0.72829E-04
 10995.  0.71844E-04
 11000.  0.71212E-04
 11005.  0.71420E-04
 11010.  0.71424E-04
 11015.  0.71065E-04
 11020.  0.71189E-04
 11025.  0.71325E-04
 11030.  0.70840E-04
 11035.  0.70329E-04
 11040.  0.70747E-04
 11045.  0.71138E-04
 11050.  0.70978E-04
 11055.  0.70653E-04
 11060.  0.70654E-04
 11065.  0.70599E-04
 11070.  0.70482E-04
 11075.  0.70504E-04
 11080.  0.70923E-04
 11085.  0.71307E-04
 11090.  0.71351E-04
 11095.  0.70776E-04
 11100.  0.70170E-04
 11105.  0.69374E-04
 11110.  0.69441E-04
 11115.  0.70063E-04
 11120.  0.70355E-04
 11125.  0.70107E-04
 11130.  0.70211E-04
 11135.  0.70523E-04
 11140.  0.70539E-04
 11145.  0.70240E-04
 11150.  0.69983E-04
 11155.  0.68907E-04
 11160.  0.69002E-04
 11165.  0.69677E-04
 11170.  0.69191E-04
 11175.  0.69473E-04
 11180.  0.70719E-04
 11185.  0.71477E-04
 11190.  0.70912E-04
 11195.  0.69990E-04
 11200.  0.70736E-04
 11205.  0.70977E-04
 11210.  0.70546E-04
 11215.  0.69971E-04
 11220.  0.71315E-04
 11225.  0.70729E-04
 11230.  0.69363E-04
 11235.  0.71176E-04
 11240.  0.70737E-04
 11245.  0.69746E-04
 11250.  0.69911E-04
 11255.  0.69378E-04
 11260.  0.69549E-04
 11265.  0.71071E-04
 11270.  0.72629E-04
 11275.  0.72017E-04
 11280.  0.70819E-04
 11285.  0.71792E-04
 11290.  0.72350E-04
 11295.  0.72392E-04
 11300.  0.71941E-04
 11305.  0.71527E-04
 11310.  0.70870E-04
 11315.  0.70271E-04
 11320.  0.70874E-04
 11325.  0.71090E-04
 11330.  0.70151E-04
 11335.  0.68483E-04
 11340.  0.67376E-04
 11345.  0.69903E-04
 11350.  0.68203E-04
 11355.  0.68833E-04
 11360.  0.70910E-04
 11365.  0.70791E-04
 11370.  0.70464E-04
 11375.  0.69683E-04
 11380.  0.70546E-04
 11385.  0.70563E-04
 11390.  0.69540E-04
 11395.  0.70167E-04
 11400.  0.70647E-04
 11405.  0.71127E-04
 11410.  0.71439E-04
 11415.  0.71247E-04
 11420.  0.70974E-04
 11425.  0.70647E-04
 11430.  0.70355E-04
 11435.  0.70657E-04
 11440.  0.71315E-04
 11445.  0.71530E-04
 11450.  0.72003E-04
 11455.  0.71531E-04
 11460.  0.70906E-04
 11465.  0.71911E-04
 11470.  0.72452E-04
 11475.  0.71376E-04
 11480.  0.71194E-04
 11485.  0.72217E-04
 11490.  0.72402E-04
 11495.  0.73188E-04
 11500.  0.72947E-04
 11505.  0.72203E-04
 11510.  0.72106E-04
 11515.  0.71990E-04
 11520.  0.72162E-04
 11525.  0.71110E-04
 11530.  0.70297E-04
 11535.  0.71502E-04
 11540.  0.72428E-04
 11545.  0.72476E-04
 11550.  0.72721E-04
 11555.  0.72674E-04
 11560.  0.72343E-04
 11565.  0.72369E-04
 11570.  0.72312E-04
 11575.  0.72517E-04
 11580.  0.72478E-04
 11585.  0.72195E-04
 11590.  0.71334E-04
 11595.  0.70627E-04
 11600.  0.70484E-04
 11605.  0.69626E-04
 11610.  0.68910E-04
 11615.  0.69814E-04
 11620.  0.71568E-04
 11625.  0.72356E-04
 11630.  0.71829E-04
 11635.  0.70863E-04
 11640.  0.70525E-04
 11645.  0.71290E-04
 11650.  0.72019E-04
 11655.  0.71870E-04
 11660.  0.71798E-04
 11665.  0.72073E-04
 11670.  0.72217E-04
 11675.  0.72376E-04
 11680.  0.72082E-04
 11685.  0.71243E-04
 11690.  0.70770E-04
 11695.  0.71252E-04
 11700.  0.72638E-04
 11705.  0.73587E-04
 11710.  0.73519E-04
 11715.  0.73186E-04
 11720.  0.73369E-04
 11725.  0.73213E-04
 11730.  0.72589E-04
 11735.  0.72772E-04
 11740.  0.73862E-04
 11745.  0.74310E-04
 11750.  0.74202E-04
 11755.  0.73919E-04
 11760.  0.73644E-04
 11765.  0.72685E-04
 11770.  0.71374E-04
 11775.  0.70942E-04
 11780.  0.70889E-04
 11785.  0.71355E-04
 11790.  0.72351E-04
 11795.  0.72814E-04
 11800.  0.72874E-04
 11805.  0.73333E-04
 11810.  0.73639E-04
 11815.  0.73740E-04
 11820.  0.73407E-04
 11825.  0.71821E-04
 11830.  0.70623E-04
 11835.  0.71533E-04
 11840.  0.73595E-04
 11845.  0.74587E-04
 11850.  0.74376E-04
 11855.  0.74156E-04
 11860.  0.74329E-04
 11865.  0.74585E-04
 11870.  0.74311E-04
 11875.  0.73473E-04
 11880.  0.71445E-04
 11885.  0.69925E-04
 11890.  0.70396E-04
 11895.  0.71997E-04
 11900.  0.73258E-04
 11905.  0.73564E-04
 11910.  0.73521E-04
 11915.  0.73734E-04
 11920.  0.73859E-04
 11925.  0.73713E-04
 11930.  0.73802E-04
 11935.  0.73738E-04
 11940.  0.73304E-04
 11945.  0.72974E-04
 11950.  0.72679E-04
 11955.  0.73201E-04
 11960.  0.73723E-04
 11965.  0.73442E-04
 11970.  0.71818E-04
 11975.  0.70120E-04
 11980.  0.70600E-04
 11985.  0.71903E-04
 11990.  0.72341E-04
 11995.  0.72560E-04
 12000.  0.72931E-04
 12005.  0.73024E-04
 12010.  0.73247E-04
 12015.  0.73555E-04
 12020.  0.73278E-04
 12025.  0.72510E-04
 12030.  0.71828E-04
 12035.  0.72350E-04
 12040.  0.72693E-04
 12045.  0.72761E-04
 12050.  0.73278E-04
 12055.  0.73643E-04
 12060.  0.73668E-04
 12065.  0.73534E-04
 12070.  0.73441E-04
 12075.  0.73355E-04
 12080.  0.72849E-04
 12085.  0.72431E-04
 12090.  0.72826E-04
 12095.  0.73203E-04
 12100.  0.72917E-04
 12105.  0.72505E-04
 12110.  0.72575E-04
 12115.  0.72948E-04
 12120.  0.73303E-04
 12125.  0.73479E-04
 12130.  0.73346E-04
 12135.  0.73602E-04
 12140.  0.74077E-04
 12145.  0.74345E-04
 12150.  0.74284E-04
 12155.  0.74080E-04
 12160.  0.74023E-04
 12165.  0.74042E-04
 12170.  0.74081E-04
 12175.  0.74136E-04
 12180.  0.74156E-04
 12185.  0.74066E-04
 12190.  0.74058E-04
 12195.  0.74063E-04
 12200.  0.74103E-04
 12205.  0.74053E-04
 12210.  0.73963E-04
 12215.  0.73953E-04
 12220.  0.73752E-04
 12225.  0.73512E-04
 12230.  0.73588E-04
 12235.  0.73836E-04
 12240.  0.73851E-04
 12245.  0.73860E-04
 12250.  0.74029E-04
 12255.  0.74081E-04
 12260.  0.73847E-04
 12265.  0.73342E-04
 12270.  0.72849E-04
 12275.  0.73107E-04
 12280.  0.73719E-04
 12285.  0.73795E-04
 12290.  0.73440E-04
 12295.  0.73042E-04
 12300.  0.73232E-04
 12305.  0.73646E-04
 12310.  0.73635E-04
 12315.  0.73365E-04
 12320.  0.73233E-04
 12325.  0.73406E-04
 12330.  0.73579E-04
 12335.  0.73390E-04
 12340.  0.73071E-04
 12345.  0.73122E-04
 12350.  0.73440E-04
 12355.  0.73443E-04
 12360.  0.73273E-04
 12365.  0.73478E-04
 12370.  0.73634E-04
 12375.  0.73570E-04
 12380.  0.73492E-04
 12385.  0.73262E-04
 12390.  0.72736E-04
 12395.  0.72474E-04
 12400.  0.72766E-04
 12405.  0.73338E-04
 12410.  0.73680E-04
 12415.  0.73534E-04
 12420.  0.73253E-04
 12425.  0.73147E-04
 12430.  0.72831E-04
 12435.  0.72711E-04
 12440.  0.73199E-04
 12445.  0.73652E-04
 12450.  0.73911E-04
 12455.  0.74015E-04
 12460.  0.73898E-04
 12465.  0.73951E-04
 12470.  0.73577E-04
 12475.  0.73387E-04
 12480.  0.73170E-04
 12485.  0.73143E-04
 12490.  0.73316E-04
 12495.  0.73577E-04
 12500.  0.73664E-04
 12505.  0.73494E-04
 12510.  0.73320E-04
 12515.  0.72885E-04
 12520.  0.72135E-04
 12525.  0.71928E-04
 12530.  0.72177E-04
 12535.  0.72526E-04
 12540.  0.72952E-04
 12545.  0.73189E-04
 12550.  0.73174E-04
 12555.  0.72996E-04
 12560.  0.73072E-04
 12565.  0.73218E-04
 12570.  0.73430E-04
 12575.  0.73408E-04
 12580.  0.73461E-04
 12585.  0.73545E-04
 12590.  0.73428E-04
 12595.  0.73014E-04
 12600.  0.72542E-04
 12605.  0.72526E-04
 12610.  0.72935E-04
 12615.  0.73214E-04
 12620.  0.73300E-04
 12625.  0.73270E-04
 12630.  0.73036E-04
 12635.  0.72480E-04
 12640.  0.72140E-04
 12645.  0.71956E-04
 12650.  0.72033E-04
 12655.  0.72371E-04
 12660.  0.72848E-04
 12665.  0.72811E-04
 12670.  0.72498E-04
 12675.  0.71928E-04
 12680.  0.71315E-04
 12685.  0.71642E-04
 12690.  0.72398E-04
 12695.  0.73032E-04
 12700.  0.73434E-04
 12705.  0.73569E-04
 12710.  0.73594E-04
 12715.  0.73596E-04
 12720.  0.73625E-04
 12725.  0.73510E-04
 12730.  0.72953E-04
 12735.  0.72115E-04
 12740.  0.71493E-04
 12745.  0.71658E-04
 12750.  0.72311E-04
 12755.  0.72910E-04
 12760.  0.73044E-04
 12765.  0.72916E-04
 12770.  0.72919E-04
 12775.  0.72846E-04
 12780.  0.72815E-04
 12785.  0.73027E-04
 12790.  0.73241E-04
 12795.  0.73149E-04
 12800.  0.72890E-04
 12805.  0.73102E-04
 12810.  0.74235E-04
 12815.  0.74926E-04
 12820.  0.73891E-04
 12825.  0.71908E-04
 12830.  0.70873E-04
 12835.  0.71344E-04
 12840.  0.71451E-04
 12845.  0.71421E-04
 12850.  0.71853E-04
 12855.  0.72540E-04
 12860.  0.73054E-04
 12865.  0.73273E-04
 12870.  0.73105E-04
 12875.  0.72195E-04
 12880.  0.71342E-04
 12885.  0.71224E-04
 12890.  0.71199E-04
 12895.  0.69777E-04
 12900.  0.68323E-04
 12905.  0.68492E-04
 12910.  0.69771E-04
 12915.  0.70564E-04
 12920.  0.70617E-04
 12925.  0.70646E-04
 12930.  0.70547E-04
 12935.  0.70412E-04
 12940.  0.70602E-04
 12945.  0.70963E-04
 12950.  0.71299E-04
 12955.  0.71673E-04
 12960.  0.72078E-04
 12965.  0.72191E-04
 12970.  0.71433E-04
 12975.  0.70379E-04
 12980.  0.70081E-04
 12985.  0.70684E-04
 12990.  0.71346E-04
 12995.  0.71281E-04
 13000.  0.70735E-04
 13005.  0.70005E-04
 13010.  0.69408E-04
 13015.  0.69777E-04
 13020.  0.70914E-04
 13025.  0.71408E-04
 13030.  0.70996E-04
 13035.  0.70878E-04
 13040.  0.71100E-04
 13045.  0.71055E-04
 13050.  0.71009E-04
 13055.  0.71120E-04
 13060.  0.71151E-04
 13065.  0.71319E-04
 13070.  0.70852E-04
 13075.  0.70468E-04
 13080.  0.70352E-04
 13085.  0.70149E-04
 13090.  0.70383E-04
 13095.  0.70587E-04
 13100.  0.70590E-04
 13105.  0.70649E-04
 13110.  0.70457E-04
 13115.  0.69658E-04
 13120.  0.68357E-04
 13125.  0.67676E-04
 13130.  0.68652E-04
 13135.  0.69849E-04
 13140.  0.69806E-04
 13145.  0.68890E-04
 13150.  0.68125E-04
 13155.  0.68797E-04
 13160.  0.70137E-04
 13165.  0.71249E-04
 13170.  0.71248E-04
 13175.  0.70523E-04
 13180.  0.70428E-04
 13185.  0.70568E-04
 13190.  0.70509E-04
 13195.  0.70275E-04
 13200.  0.70036E-04
 13205.  0.69409E-04
 13210.  0.69261E-04
 13215.  0.69042E-04
 13220.  0.68978E-04
 13225.  0.69659E-04
 13230.  0.69943E-04
 13235.  0.70012E-04
 13240.  0.69982E-04
 13245.  0.69256E-04
 13250.  0.68870E-04
 13255.  0.68917E-04
 13260.  0.68656E-04
 13265.  0.68925E-04
 13270.  0.68837E-04
 13275.  0.67899E-04
 13280.  0.67187E-04
 13285.  0.66355E-04
 13290.  0.65142E-04
 13295.  0.64480E-04
 13300.  0.64959E-04
 13305.  0.65550E-04
 13310.  0.65056E-04
 13315.  0.62300E-04
 13320.  0.60386E-04
 13325.  0.60914E-04
 13330.  0.63124E-04
 13335.  0.64032E-04
 13340.  0.61381E-04
 13345.  0.57843E-04
 13350.  0.55856E-04
 13355.  0.56054E-04
 13360.  0.55397E-04
 13365.  0.54378E-04
 13370.  0.53954E-04
 13375.  0.53980E-04
 13380.  0.54517E-04
 13385.  0.55296E-04
 13390.  0.55532E-04
 13395.  0.55739E-04
 13400.  0.56792E-04
 13405.  0.56753E-04
 13410.  0.55855E-04
 13415.  0.54110E-04
 13420.  0.52590E-04
 13425.  0.52183E-04
 13430.  0.52382E-04
 13435.  0.53302E-04
 13440.  0.54245E-04
 13445.  0.53621E-04
 13450.  0.53724E-04
 13455.  0.55255E-04
 13460.  0.55224E-04
 13465.  0.53210E-04
 13470.  0.51940E-04
 13475.  0.52662E-04
 13480.  0.53897E-04
 13485.  0.54023E-04
 13490.  0.54023E-04
 13495.  0.54010E-04
 13500.  0.52698E-04
 13505.  0.52668E-04
 13510.  0.52638E-04
 13515.  0.52608E-04
 13520.  0.52578E-04
 13525.  0.52548E-04
 13530.  0.52518E-04
 13535.  0.52488E-04
 13540.  0.52458E-04
 13545.  0.52428E-04
 13550.  0.52398E-04
 13555.  0.52368E-04
 13560.  0.52338E-04
 13565.  0.52308E-04
 13570.  0.52278E-04
 13575.  0.52248E-04
 13580.  0.52218E-04
 13585.  0.52188E-04
 13590.  0.52158E-04
 13595.  0.52128E-04
 13600.  0.52098E-04
 13605.  0.52068E-04
 13610.  0.52038E-04
 13615.  0.52008E-04
 13620.  0.51978E-04
 13625.  0.51948E-04
 13630.  0.51918E-04
 13635.  0.51888E-04
 13640.  0.51858E-04
 13645.  0.51828E-04
 13650.  0.51798E-04
 13655.  0.51768E-04
 13660.  0.51738E-04
 13665.  0.51708E-04
 13670.  0.51678E-04
 13675.  0.51648E-04
 13680.  0.51618E-04
 13685.  0.51588E-04
 13690.  0.51558E-04
 13695.  0.51528E-04
 13700.  0.51498E-04
 13705.  0.51468E-04
 13710.  0.51438E-04
 13715.  0.51408E-04
 13720.  0.51378E-04
 13725.  0.51348E-04
 13730.  0.51318E-04
 13735.  0.51288E-04
 13740.  0.51258E-04
 13745.  0.51228E-04
 13750.  0.51198E-04
 13755.  0.51168E-04
 13760.  0.51138E-04
 13765.  0.51108E-04
 13770.  0.51078E-04
 13775.  0.51048E-04
 13780.  0.51018E-04
 13785.  0.50988E-04
 13790.  0.50958E-04
 13795.  0.50928E-04
 13800.  0.50898E-04
 13805.  0.50868E-04
 13810.  0.50838E-04
 13815.  0.50808E-04
 13820.  0.50778E-04
 13825.  0.50747E-04
 13830.  0.50718E-04
 13835.  0.50687E-04
 13840.  0.50658E-04
 13845.  0.50627E-04
 13850.  0.50597E-04
 13855.  0.50567E-04
 13860.  0.50537E-04
 13865.  0.50507E-04
 13870.  0.50477E-04
 13875.  0.50447E-04
 13880.  0.50417E-04
 13885.  0.50387E-04
 13890.  0.50357E-04
 13895.  0.50327E-04
 13900.  0.50297E-04
 13905.  0.50267E-04
 13910.  0.50237E-04
 13915.  0.50207E-04
 13920.  0.50177E-04
 13925.  0.50147E-04
 13930.  0.50117E-04
 13935.  0.50087E-04
 13940.  0.50057E-04
 13945.  0.50027E-04
 13950.  0.49997E-04
 13955.  0.49967E-04
 13960.  0.49937E-04
 13965.  0.49907E-04
 13970.  0.49877E-04
 13975.  0.49847E-04
 13980.  0.49817E-04
 13985.  0.49787E-04
 13990.  0.49757E-04
 13995.  0.49727E-04
 14000.  0.49697E-04
 14005.  0.49667E-04
 14010.  0.49637E-04
 14015.  0.49607E-04
 14020.  0.49577E-04
 14025.  0.49547E-04
 14030.  0.49517E-04
 14035.  0.49487E-04
 14040.  0.49457E-04
 14045.  0.49427E-04
 14050.  0.49397E-04
 14055.  0.49367E-04
 14060.  0.49337E-04
 14065.  0.49307E-04
 14070.  0.49277E-04
 14075.  0.49247E-04
 14080.  0.49217E-04
 14085.  0.49187E-04
 14090.  0.49157E-04
 14095.  0.49127E-04
 14100.  0.49097E-04
 14105.  0.49067E-04
 14110.  0.49037E-04
 14115.  0.49007E-04
 14120.  0.48977E-04
 14125.  0.48947E-04
 14130.  0.48917E-04
 14135.  0.48887E-04
 14140.  0.48857E-04
 14145.  0.48827E-04
 14150.  0.48797E-04
 14155.  0.48767E-04
 14160.  0.48737E-04
 14165.  0.45989E-04
 14170.  0.45920E-04
 14175.  0.44681E-04
 14180.  0.43880E-04
 14185.  0.46061E-04
 14190.  0.50366E-04
 14195.  0.51287E-04
 14200.  0.49608E-04
 14205.  0.49491E-04
 14210.  0.49912E-04
 14215.  0.48820E-04
 14220.  0.47017E-04
 14225.  0.46026E-04
 14230.  0.47187E-04
 14235.  0.48753E-04
 14240.  0.47399E-04
 14245.  0.46206E-04
 14250.  0.46903E-04
 14255.  0.46872E-04
 14260.  0.44770E-04
 14265.  0.44202E-04
 14270.  0.45465E-04
 14275.  0.47136E-04
 14280.  0.47826E-04
 14285.  0.46399E-04
 14290.  0.46708E-04
 14295.  0.49724E-04
 14300.  0.51403E-04
 14305.  0.51320E-04
 14310.  0.50997E-04
 14315.  0.50617E-04
 14320.  0.50426E-04
 14325.  0.49288E-04
 14330.  0.46844E-04
 14335.  0.46227E-04
 14340.  0.47670E-04
 14345.  0.47059E-04
 14350.  0.45906E-04
 14355.  0.46031E-04
 14360.  0.46364E-04
 14365.  0.46958E-04
 14370.  0.48262E-04
 14375.  0.49770E-04
 14380.  0.50201E-04
 14385.  0.49590E-04
 14390.  0.48424E-04
 14395.  0.46594E-04
 14400.  0.45667E-04
 14405.  0.47228E-04
 14410.  0.48671E-04
 14415.  0.48589E-04
 14420.  0.49287E-04
 14425.  0.51753E-04
 14430.  0.51394E-04
 14435.  0.50066E-04
 14440.  0.47700E-04
 14445.  0.45452E-04
 14450.  0.47570E-04
 14455.  0.50434E-04
 14460.  0.49857E-04
 14465.  0.49291E-04
 14470.  0.50854E-04
 14475.  0.50762E-04
 14480.  0.51255E-04
 14485.  0.52076E-04
 14490.  0.51637E-04
 14495.  0.50773E-04
 14500.  0.52345E-04
 14505.  0.52645E-04
 14510.  0.50917E-04
 14515.  0.50390E-04
 14520.  0.52339E-04
 14525.  0.52845E-04
 14530.  0.51707E-04
 14535.  0.49976E-04
 14540.  0.49245E-04
 14545.  0.49200E-04
 14550.  0.49009E-04
 14555.  0.47618E-04
 14560.  0.46207E-04
 14565.  0.46616E-04
 14570.  0.49361E-04
 14575.  0.52215E-04
 14580.  0.53935E-04
 14585.  0.54721E-04
 14590.  0.54420E-04
 14595.  0.52213E-04
 14600.  0.48067E-04
 14605.  0.44134E-04
 14610.  0.43005E-04
 14615.  0.43248E-04
 14620.  0.43782E-04
 14625.  0.46088E-04
 14630.  0.49444E-04
 14635.  0.51145E-04
 14640.  0.51510E-04
 14645.  0.51256E-04
 14650.  0.50064E-04
 14655.  0.48845E-04
 14660.  0.48983E-04
 14665.  0.49182E-04
 14670.  0.48368E-04
 14675.  0.47126E-04
 14680.  0.45917E-04
 14685.  0.45675E-04
 14690.  0.45696E-04
 14695.  0.44994E-04
 14700.  0.45383E-04
 14705.  0.47358E-04
 14710.  0.48514E-04
 14715.  0.50178E-04
 14720.  0.53377E-04
 14725.  0.54507E-04
 14730.  0.53544E-04
 14735.  0.51651E-04
 14740.  0.49516E-04
 14745.  0.48806E-04
 14750.  0.49575E-04
 14755.  0.50518E-04
 14760.  0.50394E-04
 14765.  0.49044E-04
 14770.  0.48471E-04
 14775.  0.49832E-04
 14780.  0.51426E-04
 14785.  0.52297E-04
 14790.  0.52043E-04
 14795.  0.51252E-04
 14800.  0.50675E-04
 14805.  0.50381E-04
 14810.  0.50057E-04
 14815.  0.51714E-04
 14820.  0.52196E-04
 14825.  0.52365E-04
 14830.  0.52840E-04
 14835.  0.53542E-04
 14840.  0.54146E-04
 14845.  0.53885E-04
 14850.  0.53397E-04
 14855.  0.53604E-04
 14860.  0.54192E-04
 14865.  0.54991E-04
 14870.  0.53997E-04
 14875.  0.51821E-04
 14880.  0.49800E-04
 14885.  0.49792E-04
 14890.  0.52147E-04
 14895.  0.53795E-04
 14900.  0.52648E-04
 14905.  0.51181E-04
 14910.  0.52134E-04
 14915.  0.53994E-04
 14920.  0.55222E-04
 14925.  0.55553E-04
 14930.  0.54953E-04
 14935.  0.54457E-04
 14940.  0.54595E-04
 14945.  0.54927E-04
 14950.  0.55064E-04
 14955.  0.55101E-04
 14960.  0.55778E-04
 14965.  0.56154E-04
 14970.  0.56076E-04
 14975.  0.56031E-04
 14980.  0.55956E-04
 14985.  0.56245E-04
 14990.  0.56722E-04
 14995.  0.56207E-04
 15000.  0.54594E-04
 15005.  0.53419E-04
 15010.  0.53005E-04
 15015.  0.52202E-04
 15020.  0.50983E-04
 15025.  0.50692E-04
 15030.  0.52200E-04
 15035.  0.54350E-04
 15040.  0.55571E-04
 15045.  0.55421E-04
 15050.  0.54665E-04
 15055.  0.54418E-04
 15060.  0.54919E-04
 15065.  0.55500E-04
 15070.  0.55662E-04
 15075.  0.55711E-04
 15080.  0.56013E-04
 15085.  0.57094E-04
 15090.  0.57631E-04
 15095.  0.57264E-04
 15100.  0.56735E-04
 15105.  0.56518E-04
 15110.  0.56719E-04
 15115.  0.56881E-04
 15120.  0.56414E-04
 15125.  0.55124E-04
 15130.  0.53662E-04
 15135.  0.53701E-04
 15140.  0.54839E-04
 15145.  0.55798E-04
 15150.  0.56392E-04
 15155.  0.56628E-04
 15160.  0.56390E-04
 15165.  0.55816E-04
 15170.  0.55532E-04
 15175.  0.55701E-04
 15180.  0.55942E-04
 15185.  0.56397E-04
 15190.  0.57154E-04
 15195.  0.58040E-04
 15200.  0.59029E-04
 15205.  0.59793E-04
 15210.  0.59902E-04
 15215.  0.59190E-04
 15220.  0.58389E-04
 15225.  0.58534E-04
 15230.  0.59499E-04
 15235.  0.59906E-04
 15240.  0.59358E-04
 15245.  0.59065E-04
 15250.  0.59107E-04
 15255.  0.58649E-04
 15260.  0.57317E-04
 15265.  0.56020E-04
 15270.  0.55704E-04
 15275.  0.55683E-04
 15280.  0.55308E-04
 15285.  0.55661E-04
 15290.  0.57074E-04
 15295.  0.58999E-04
 15300.  0.60654E-04
 15305.  0.61841E-04
 15310.  0.62088E-04
 15315.  0.61195E-04
 15320.  0.59868E-04
 15325.  0.58975E-04
 15330.  0.59005E-04
 15335.  0.59784E-04
 15340.  0.60514E-04
 15345.  0.60934E-04
 15350.  0.61090E-04
 15355.  0.61128E-04
 15360.  0.60814E-04
 15365.  0.59625E-04
 15370.  0.57748E-04
 15375.  0.56399E-04
 15380.  0.56159E-04
 15385.  0.56706E-04
 15390.  0.57251E-04
 15395.  0.57277E-04
 15400.  0.56829E-04
 15405.  0.56501E-04
 15410.  0.56801E-04
 15415.  0.57036E-04
 15420.  0.55866E-04
 15425.  0.54385E-04
 15430.  0.54804E-04
 15435.  0.57569E-04
 15440.  0.61119E-04
 15445.  0.63731E-04
 15450.  0.64646E-04
 15455.  0.64045E-04
 15460.  0.62922E-04
 15465.  0.62401E-04
 15470.  0.62530E-04
 15475.  0.63134E-04
 15480.  0.64104E-04
 15485.  0.64559E-04
 15490.  0.63957E-04
 15495.  0.62436E-04
 15500.  0.60763E-04
 15505.  0.59901E-04
 15510.  0.60413E-04
 15515.  0.62099E-04
 15520.  0.64090E-04
 15525.  0.64973E-04
 15530.  0.63927E-04
 15535.  0.61739E-04
 15540.  0.60275E-04
 15545.  0.60440E-04
 15550.  0.61141E-04
 15555.  0.60700E-04
 15560.  0.59415E-04
 15565.  0.58153E-04
 15570.  0.56931E-04
 15575.  0.55519E-04
 15580.  0.54634E-04
 15585.  0.54983E-04
 15590.  0.56226E-04
 15595.  0.57509E-04
 15600.  0.58594E-04
 15605.  0.59547E-04
 15610.  0.60546E-04
 15615.  0.61306E-04
 15620.  0.61412E-04
 15625.  0.60960E-04
 15630.  0.60731E-04
 15635.  0.61210E-04
 15640.  0.61778E-04
 15645.  0.61487E-04
 15650.  0.60509E-04
 15655.  0.60284E-04
 15660.  0.61506E-04
 15665.  0.63266E-04
 15670.  0.64406E-04
 15675.  0.64586E-04
 15680.  0.64090E-04
 15685.  0.63562E-04
 15690.  0.63359E-04
 15695.  0.63552E-04
 15700.  0.64097E-04
 15705.  0.64700E-04
 15710.  0.64484E-04
 15715.  0.62993E-04
 15720.  0.61194E-04
 15725.  0.60460E-04
 15730.  0.61217E-04
 15735.  0.62800E-04
 15740.  0.64195E-04
 15745.  0.64598E-04
 15750.  0.64046E-04
 15755.  0.62855E-04
 15760.  0.61296E-04
 15765.  0.58792E-04
 15770.  0.56240E-04
 15775.  0.54129E-04
 15780.  0.53205E-04
 15785.  0.54239E-04
 15790.  0.56445E-04
 15795.  0.58535E-04
 15800.  0.59965E-04
 15805.  0.60763E-04
 15810.  0.61088E-04
 15815.  0.61036E-04
 15820.  0.60696E-04
 15825.  0.60212E-04
 15830.  0.59834E-04
 15835.  0.59920E-04
 15840.  0.60683E-04
 15845.  0.62031E-04
 15850.  0.63598E-04
 15855.  0.64666E-04
 15860.  0.64836E-04
 15865.  0.64690E-04
 15870.  0.64741E-04
 15875.  0.64396E-04
 15880.  0.62494E-04
 15885.  0.59058E-04
 15890.  0.56004E-04
 15895.  0.55449E-04
 15900.  0.57289E-04
 15905.  0.59479E-04
 15910.  0.60769E-04
 15915.  0.61352E-04
 15920.  0.62035E-04
 15925.  0.63123E-04
 15930.  0.64232E-04
 15935.  0.64998E-04
 15940.  0.65369E-04
 15945.  0.65613E-04
 15950.  0.65357E-04
 15955.  0.64386E-04
 15960.  0.63207E-04
 15965.  0.62302E-04
 15970.  0.61306E-04
 15975.  0.59312E-04
 15980.  0.57014E-04
 15985.  0.56339E-04
 15990.  0.57402E-04
 15995.  0.58579E-04
 16000.  0.59064E-04
 16005.  0.59179E-04
 16010.  0.59456E-04
 16015.  0.60138E-04
 16020.  0.61062E-04
 16025.  0.61841E-04
 16030.  0.62123E-04
 16035.  0.61815E-04
 16040.  0.61694E-04
 16045.  0.61958E-04
 16050.  0.62103E-04
 16055.  0.61492E-04
 16060.  0.60151E-04
 16065.  0.58932E-04
 16070.  0.58701E-04
 16075.  0.59994E-04
 16080.  0.62445E-04
 16085.  0.64767E-04
 16090.  0.65931E-04
 16095.  0.65883E-04
 16100.  0.65633E-04
 16105.  0.66416E-04
 16110.  0.66738E-04
 16115.  0.65984E-04
 16120.  0.64263E-04
 16125.  0.63008E-04
 16130.  0.62911E-04
 16135.  0.63876E-04
 16140.  0.64948E-04
 16145.  0.65139E-04
 16150.  0.64544E-04
 16155.  0.63967E-04
 16160.  0.64190E-04
 16165.  0.65129E-04
 16170.  0.65614E-04
 16175.  0.64565E-04
 16180.  0.61680E-04
 16185.  0.57373E-04
 16190.  0.54068E-04
 16195.  0.52520E-04
 16200.  0.52905E-04
 16205.  0.53968E-04
 16210.  0.55270E-04
 16215.  0.56710E-04
 16220.  0.57862E-04
 16225.  0.58615E-04
 16230.  0.59152E-04
 16235.  0.59506E-04
 16240.  0.59163E-04
 16245.  0.58088E-04
 16250.  0.57074E-04
 16255.  0.57066E-04
 16260.  0.58460E-04
 16265.  0.60717E-04
 16270.  0.62761E-04
 16275.  0.64148E-04
 16280.  0.64787E-04
 16285.  0.64950E-04
 16290.  0.64919E-04
 16295.  0.64940E-04
 16300.  0.64748E-04
 16305.  0.64298E-04
 16310.  0.63635E-04
 16315.  0.63217E-04
 16320.  0.63226E-04
 16325.  0.63638E-04
 16330.  0.63840E-04
 16335.  0.63891E-04
 16340.  0.63701E-04
 16345.  0.63165E-04
 16350.  0.62618E-04
 16355.  0.62259E-04
 16360.  0.62452E-04
 16365.  0.62905E-04
 16370.  0.63290E-04
 16375.  0.63645E-04
 16380.  0.63787E-04
 16385.  0.63560E-04
 16390.  0.62563E-04
 16395.  0.60874E-04
 16400.  0.58829E-04
 16405.  0.58010E-04
 16410.  0.58610E-04
 16415.  0.59983E-04
 16420.  0.61110E-04
 16425.  0.61504E-04
 16430.  0.61062E-04
 16435.  0.60091E-04
 16440.  0.58815E-04
 16445.  0.57634E-04
 16450.  0.57335E-04
 16455.  0.58620E-04
 16460.  0.60613E-04
 16465.  0.61884E-04
 16470.  0.61851E-04
 16475.  0.61528E-04
 16480.  0.61870E-04
 16485.  0.62669E-04
 16490.  0.63516E-04
 16495.  0.64202E-04
 16500.  0.65243E-04
 16505.  0.66049E-04
 16510.  0.65722E-04
 16515.  0.64078E-04
 16520.  0.61806E-04
 16525.  0.59762E-04
 16530.  0.58665E-04
 16535.  0.58474E-04
 16540.  0.58962E-04
 16545.  0.60261E-04
 16550.  0.62260E-04
 16555.  0.64134E-04
 16560.  0.64425E-04
 16565.  0.64483E-04
 16570.  0.64586E-04
 16575.  0.64015E-04
 16580.  0.63279E-04
 16585.  0.62816E-04
 16590.  0.62896E-04
 16595.  0.62997E-04
 16600.  0.62480E-04
 16605.  0.60608E-04
 16610.  0.58053E-04
 16615.  0.55969E-04
 16620.  0.55430E-04
 16625.  0.56273E-04
 16630.  0.57691E-04
 16635.  0.58788E-04
 16640.  0.59267E-04
 16645.  0.58982E-04
 16650.  0.57930E-04
 16655.  0.56949E-04
 16660.  0.56754E-04
 16665.  0.57727E-04
 16670.  0.59012E-04
 16675.  0.59930E-04
 16680.  0.60378E-04
 16685.  0.60639E-04
 16690.  0.61144E-04
 16695.  0.61758E-04
 16700.  0.61750E-04
 16705.  0.60988E-04
 16710.  0.59876E-04
 16715.  0.59076E-04
 16720.  0.58803E-04
 16725.  0.59159E-04
 16730.  0.60111E-04
 16735.  0.60828E-04
 16740.  0.60644E-04
 16745.  0.59328E-04
 16750.  0.58190E-04
 16755.  0.58020E-04
 16760.  0.59219E-04
 16765.  0.61046E-04
 16770.  0.62749E-04
 16775.  0.63913E-04
 16780.  0.64409E-04
 16785.  0.64454E-04
 16790.  0.64318E-04
 16795.  0.64193E-04
 16800.  0.64077E-04
 16805.  0.63943E-04
 16810.  0.63776E-04
 16815.  0.63678E-04
 16820.  0.63482E-04
 16825.  0.62819E-04
 16830.  0.61200E-04
 16835.  0.58824E-04
 16840.  0.57506E-04
 16845.  0.57629E-04
 16850.  0.58728E-04
 16855.  0.59157E-04
 16860.  0.58654E-04
 16865.  0.57598E-04
 16870.  0.56980E-04
 16875.  0.56906E-04
 16880.  0.57101E-04
 16885.  0.57250E-04
 16890.  0.57298E-04
 16895.  0.57095E-04
 16900.  0.56742E-04
 16905.  0.56863E-04
 16910.  0.57695E-04
 16915.  0.59377E-04
 16920.  0.60726E-04
 16925.  0.61272E-04
 16930.  0.61108E-04
 16935.  0.61108E-04
 16940.  0.61178E-04
 16945.  0.61045E-04
 16950.  0.60669E-04
 16955.  0.59999E-04
 16960.  0.59246E-04
 16965.  0.59039E-04
 16970.  0.59440E-04
 16975.  0.60232E-04
 16980.  0.60777E-04
 16985.  0.60901E-04
 16990.  0.60502E-04
 16995.  0.59922E-04
 17000.  0.59253E-04
 17005.  0.58762E-04
 17010.  0.58959E-04
 17015.  0.59626E-04
 17020.  0.60463E-04
 17025.  0.60958E-04
 17030.  0.61064E-04
 17035.  0.60916E-04
 17040.  0.60752E-04
 17045.  0.60290E-04
 17050.  0.59279E-04
 17055.  0.57520E-04
 17060.  0.55563E-04
 17065.  0.53760E-04
 17070.  0.52716E-04
 17075.  0.52809E-04
 17080.  0.53893E-04
 17085.  0.55287E-04
 17090.  0.55671E-04
 17095.  0.54888E-04
 17100.  0.53212E-04
 17105.  0.52032E-04
 17110.  0.52181E-04
 17115.  0.53810E-04
 17120.  0.55848E-04
 17125.  0.57221E-04
 17130.  0.57706E-04
 17135.  0.57988E-04
 17140.  0.58335E-04
 17145.  0.58772E-04
 17150.  0.58934E-04
 17155.  0.58650E-04
 17160.  0.57904E-04
 17165.  0.57156E-04
 17170.  0.56487E-04
 17175.  0.55940E-04
 17180.  0.55678E-04
 17185.  0.55573E-04
 17190.  0.55695E-04
 17195.  0.55988E-04
 17200.  0.56129E-04
 17205.  0.56306E-04
 17210.  0.56609E-04
 17215.  0.56570E-04
 17220.  0.56015E-04
 17225.  0.55107E-04
 17230.  0.54511E-04
 17235.  0.54316E-04
 17240.  0.54741E-04
 17245.  0.55444E-04
 17250.  0.56043E-04
 17255.  0.56436E-04
 17260.  0.56369E-04
 17265.  0.56258E-04
 17270.  0.56391E-04
 17275.  0.56532E-04
 17280.  0.56377E-04
 17285.  0.55733E-04
 17290.  0.54757E-04
 17295.  0.53905E-04
 17300.  0.53296E-04
 17305.  0.52590E-04
 17310.  0.51656E-04
 17315.  0.50995E-04
 17320.  0.51278E-04
 17325.  0.51988E-04
 17330.  0.52870E-04
 17335.  0.53374E-04
 17340.  0.53468E-04
 17345.  0.53366E-04
 17350.  0.53450E-04
 17355.  0.53968E-04
 17360.  0.54865E-04
 17365.  0.56048E-04
 17370.  0.56952E-04
 17375.  0.57187E-04
 17380.  0.56679E-04
 17385.  0.56008E-04
 17390.  0.55184E-04
 17395.  0.53995E-04
 17400.  0.52591E-04
 17405.  0.51632E-04
 17410.  0.51274E-04
 17415.  0.51462E-04
 17420.  0.51715E-04
 17425.  0.51826E-04
 17430.  0.52078E-04
 17435.  0.52769E-04
 17440.  0.53436E-04
 17445.  0.53510E-04
 17450.  0.53265E-04
 17455.  0.52886E-04
 17460.  0.52411E-04
 17465.  0.52163E-04
 17470.  0.51930E-04
 17475.  0.52117E-04
 17480.  0.51914E-04
 17485.  0.52672E-04
 17490.  0.49104E-04
 17495.  0.51431E-04
 17500.  0.50314E-04
 17505.  0.49833E-04
 17510.  0.49976E-04
 17515.  0.50229E-04
 17520.  0.50414E-04
 17525.  0.49936E-04
 17530.  0.48928E-04
 17535.  0.47639E-04
 17540.  0.46999E-04
 17545.  0.46747E-04
 17550.  0.46979E-04
 17555.  0.47316E-04
 17560.  0.47814E-04
 17565.  0.48162E-04
 17570.  0.48170E-04
 17575.  0.48017E-04
 17580.  0.48087E-04
 17585.  0.48350E-04
 17590.  0.48644E-04
 17595.  0.48755E-04
 17600.  0.48298E-04
 17605.  0.47822E-04
 17610.  0.47380E-04
 17615.  0.47129E-04
 17620.  0.47361E-04
 17625.  0.47738E-04
 17630.  0.48372E-04
 17635.  0.48775E-04
 17640.  0.49176E-04
 17645.  0.49617E-04
 17650.  0.50043E-04
 17655.  0.49741E-04
 17660.  0.48731E-04
 17665.  0.47405E-04
 17670.  0.46060E-04
 17675.  0.44821E-04
 17680.  0.44506E-04
 17685.  0.45038E-04
 17690.  0.46469E-04
 17695.  0.47534E-04
 17700.  0.47788E-04
 17705.  0.47218E-04
 17710.  0.46526E-04
 17715.  0.45867E-04
 17720.  0.45380E-04
 17725.  0.45546E-04
 17730.  0.46103E-04
 17735.  0.46546E-04
 17740.  0.45964E-04
 17745.  0.45040E-04
 17750.  0.44191E-04
 17755.  0.43502E-04
 17760.  0.43146E-04
 17765.  0.43192E-04
 17770.  0.43550E-04
 17775.  0.43808E-04
 17780.  0.43729E-04
 17785.  0.43587E-04
 17790.  0.44089E-04
 17795.  0.45137E-04
 17800.  0.45641E-04
 17805.  0.44852E-04
 17810.  0.43155E-04
 17815.  0.42039E-04
 17820.  0.41985E-04
 17825.  0.42601E-04
 17830.  0.43412E-04
 17835.  0.43543E-04
 17840.  0.42584E-04
 17845.  0.40602E-04
 17850.  0.39243E-04
 17855.  0.38964E-04
 17860.  0.39492E-04
 17865.  0.40151E-04
 17870.  0.40940E-04
 17875.  0.42123E-04
 17880.  0.43851E-04
 17885.  0.45343E-04
 17890.  0.46295E-04
 17895.  0.46163E-04
 17900.  0.44919E-04
 17905.  0.42993E-04
 17910.  0.41838E-04
 17915.  0.41744E-04
 17920.  0.42042E-04
 17925.  0.41965E-04
 17930.  0.41485E-04
 17935.  0.41025E-04
 17940.  0.41382E-04
 17945.  0.42121E-04
 17950.  0.42427E-04
 17955.  0.41743E-04
 17960.  0.41312E-04
 17965.  0.41418E-04
 17970.  0.42387E-04
 17975.  0.43528E-04
 17980.  0.44667E-04
 17985.  0.45213E-04
 17990.  0.44420E-04
 17995.  0.42213E-04
 18000.  0.38467E-04
 18005.  0.35524E-04
 18010.  0.34522E-04
 18015.  0.35305E-04
 18020.  0.36485E-04
 18025.  0.37713E-04
 18030.  0.38660E-04
 18035.  0.39178E-04
 18040.  0.39975E-04
 18045.  0.41216E-04
 18050.  0.42351E-04
 18055.  0.42097E-04
 18060.  0.39946E-04
 18065.  0.38467E-04
 18070.  0.38081E-04
 18075.  0.38982E-04
 18080.  0.40413E-04
 18085.  0.41784E-04
 18090.  0.43155E-04
 18095.  0.43933E-04
 18100.  0.42825E-04
 18105.  0.40309E-04
 18110.  0.37845E-04
 18115.  0.38456E-04
 18120.  0.40230E-04
 18125.  0.41434E-04
 18130.  0.41407E-04
 18135.  0.41381E-04
 18140.  0.41354E-04
 18145.  0.41327E-04
 18150.  0.41300E-04
 18155.  0.41273E-04
 18160.  0.41246E-04
 18165.  0.41219E-04
 18170.  0.41193E-04
 18175.  0.41166E-04
 18180.  0.41139E-04
 18185.  0.41112E-04
 18190.  0.41085E-04
 18195.  0.41058E-04
 18200.  0.41031E-04
 18205.  0.41005E-04
 18210.  0.40978E-04
 18215.  0.40951E-04
 18220.  0.40924E-04
 18225.  0.40897E-04
 18230.  0.40870E-04
 18235.  0.40843E-04
 18240.  0.40817E-04
 18245.  0.40790E-04
 18250.  0.40763E-04
 18255.  0.40736E-04
 18260.  0.40709E-04
 18265.  0.40682E-04
 18270.  0.40655E-04
 18275.  0.40629E-04
 18280.  0.40602E-04
 18285.  0.40575E-04
 18290.  0.40548E-04
 18295.  0.40521E-04
 18300.  0.40494E-04
 18305.  0.40467E-04
 18310.  0.40441E-04
 18315.  0.40414E-04
 18320.  0.40387E-04
 18325.  0.40360E-04
 18330.  0.40333E-04
 18335.  0.40306E-04
 18340.  0.40279E-04
 18345.  0.40253E-04
 18350.  0.40226E-04
 18355.  0.40199E-04
 18360.  0.40172E-04
 18365.  0.40145E-04
 18370.  0.40118E-04
 18375.  0.40091E-04
 18380.  0.40065E-04
 18385.  0.40038E-04
 18390.  0.40011E-04
 18395.  0.39984E-04
 18400.  0.39957E-04
 18405.  0.39930E-04
 18410.  0.39903E-04
 18415.  0.39877E-04
 18420.  0.39850E-04
 18425.  0.39823E-04
 18430.  0.39796E-04
 18435.  0.39769E-04
 18440.  0.39742E-04
 18445.  0.39715E-04
 18450.  0.39689E-04
 18455.  0.39662E-04
 18460.  0.39635E-04
 18465.  0.39608E-04
 18470.  0.39581E-04
 18475.  0.39554E-04
 18480.  0.39527E-04
 18485.  0.39501E-04
 18490.  0.39474E-04
 18495.  0.39447E-04
 18500.  0.39420E-04
 18505.  0.39393E-04
 18510.  0.39366E-04
 18515.  0.39339E-04
 18520.  0.39313E-04
 18525.  0.39286E-04
 18530.  0.39259E-04
 18535.  0.39232E-04
 18540.  0.39205E-04
 18545.  0.39178E-04
 18550.  0.39151E-04
 18555.  0.39125E-04
 18560.  0.39098E-04
 18565.  0.39071E-04
 18570.  0.39044E-04
 18575.  0.39017E-04
 18580.  0.38990E-04
 18585.  0.38963E-04
 18590.  0.38937E-04
 18595.  0.38910E-04
 18600.  0.38883E-04
 18605.  0.38856E-04
 18610.  0.38829E-04
 18615.  0.38802E-04
 18620.  0.38775E-04
 18625.  0.38749E-04
 18630.  0.38722E-04
 18635.  0.38695E-04
 18640.  0.38668E-04
 18645.  0.38641E-04
 18650.  0.38614E-04
 18655.  0.38587E-04
 18660.  0.38561E-04
 18665.  0.38534E-04
 18670.  0.38507E-04
 18675.  0.38480E-04
 18680.  0.38453E-04
 18685.  0.38426E-04
 18690.  0.38399E-04
 18695.  0.38373E-04
 18700.  0.38346E-04
 18705.  0.38319E-04
 18710.  0.38292E-04
 18715.  0.38265E-04
 18720.  0.38238E-04
 18725.  0.38211E-04
 18730.  0.38185E-04
 18735.  0.38158E-04
 18740.  0.38131E-04
 18745.  0.38104E-04
 18750.  0.38077E-04
 18755.  0.38050E-04
 18760.  0.38023E-04
 18765.  0.37997E-04
 18770.  0.37970E-04
 18775.  0.37943E-04
 18780.  0.37916E-04
 18785.  0.37889E-04
 18790.  0.37862E-04
 18795.  0.37835E-04
 18800.  0.37809E-04
 18805.  0.37782E-04
 18810.  0.37755E-04
 18815.  0.37728E-04
 18820.  0.37701E-04
 18825.  0.37674E-04
 18830.  0.37647E-04
 18835.  0.37621E-04
 18840.  0.37594E-04
 18845.  0.37567E-04
 18850.  0.37540E-04
 18855.  0.37513E-04
 18860.  0.37486E-04
 18865.  0.37459E-04
 18870.  0.37433E-04
 18875.  0.37406E-04
 18880.  0.37379E-04
 18885.  0.37352E-04
 18890.  0.37325E-04
 18895.  0.37298E-04
 18900.  0.37271E-04
 18905.  0.37245E-04
 18910.  0.37218E-04
 18915.  0.37191E-04
 18920.  0.37164E-04
 18925.  0.37137E-04
 18930.  0.37110E-04
 18935.  0.37083E-04
 18940.  0.37057E-04
 18945.  0.37030E-04
 18950.  0.37003E-04
 18955.  0.36976E-04
 18960.  0.36949E-04
 18965.  0.36922E-04
 18970.  0.36895E-04
 18975.  0.36869E-04
 18980.  0.36842E-04
 18985.  0.36815E-04
 18990.  0.36788E-04
 18995.  0.36761E-04
 19000.  0.36734E-04
 19005.  0.36707E-04
 19010.  0.36681E-04
 19015.  0.36654E-04
 19020.  0.36627E-04
 19025.  0.36600E-04
 19030.  0.36573E-04
 19035.  0.36546E-04
 19040.  0.36519E-04
 19045.  0.36493E-04
 19050.  0.36466E-04
 19055.  0.36439E-04
 19060.  0.36412E-04
 19065.  0.36385E-04
 19070.  0.36358E-04
 19075.  0.36331E-04
 19080.  0.36305E-04
 19085.  0.36278E-04
 19090.  0.36251E-04
 19095.  0.36224E-04
 19100.  0.36197E-04
 19105.  0.36170E-04
 19110.  0.36143E-04
 19115.  0.36117E-04
 19120.  0.36090E-04
 19125.  0.36063E-04
 19130.  0.36036E-04
 19135.  0.36009E-04
 19140.  0.35982E-04
 19145.  0.35955E-04
 19150.  0.35929E-04
 19155.  0.35902E-04
 19160.  0.35875E-04
 19165.  0.35848E-04
 19170.  0.35821E-04
 19175.  0.35794E-04
 19180.  0.35767E-04
 19185.  0.35741E-04
 19190.  0.35714E-04
 19195.  0.35687E-04
 19200.  0.35660E-04
 19205.  0.35633E-04
 19210.  0.35606E-04
 19215.  0.35579E-04
 19220.  0.35553E-04
 19225.  0.35526E-04
 19230.  0.35499E-04
 19235.  0.35472E-04
 19240.  0.35445E-04
 19245.  0.35418E-04
 19250.  0.35391E-04
 19255.  0.35365E-04
 19260.  0.35338E-04
 19265.  0.35311E-04
 19270.  0.35284E-04
 19275.  0.35257E-04
 19280.  0.35230E-04
 19285.  0.35203E-04
 19290.  0.35177E-04
 19295.  0.35150E-04
 19300.  0.35123E-04
 19305.  0.35096E-04
 19310.  0.35069E-04
 19315.  0.35042E-04
 19320.  0.35015E-04
 19325.  0.34989E-04
 19330.  0.34962E-04
 19335.  0.34935E-04
 19340.  0.34908E-04
 19345.  0.34881E-04
 19350.  0.34854E-04
 19355.  0.34828E-04
 19360.  0.34801E-04
 19365.  0.34774E-04
 19370.  0.34747E-04
 19375.  0.34720E-04
 19380.  0.34693E-04
 19385.  0.34666E-04
 19390.  0.34640E-04
 19395.  0.34613E-04
 19400.  0.34586E-04
 19405.  0.34559E-04
 19410.  0.34532E-04
 19415.  0.34505E-04
 19420.  0.34478E-04
 19425.  0.34452E-04
 19430.  0.34425E-04
 19435.  0.34398E-04
 19440.  0.34371E-04
 19445.  0.34344E-04
 19450.  0.34317E-04
 19455.  0.34290E-04
 19460.  0.34264E-04
 19465.  0.34237E-04
 19470.  0.35307E-04
 19475.  0.33629E-04
 19480.  0.32496E-04
 19485.  0.32090E-04
 19490.  0.32238E-04
 19495.  0.32316E-04
 19500.  0.32254E-04
 19505.  0.32115E-04
 19510.  0.32331E-04
 19515.  0.32945E-04
 19520.  0.33681E-04
 19525.  0.33777E-04
 19530.  0.33514E-04
 19535.  0.32995E-04
 19540.  0.32458E-04
 19545.  0.31802E-04
 19550.  0.31185E-04
 19555.  0.30600E-04
 19560.  0.30399E-04
 19565.  0.30611E-04
 19570.  0.31251E-04
 19575.  0.31946E-04
 19580.  0.32239E-04
 19585.  0.32091E-04
 19590.  0.31551E-04
 19595.  0.31218E-04
 19600.  0.31053E-04
 19605.  0.31094E-04
 19610.  0.31173E-04
 19615.  0.31387E-04
 19620.  0.31305E-04
 19625.  0.30773E-04
 19630.  0.29878E-04
 19635.  0.29385E-04
 19640.  0.29394E-04
 19645.  0.30046E-04
 19650.  0.31113E-04
 19655.  0.32031E-04
 19660.  0.32680E-04
 19665.  0.32826E-04
 19670.  0.32500E-04
 19675.  0.31981E-04
 19680.  0.31861E-04
 19685.  0.32583E-04
 19690.  0.33574E-04
 19695.  0.34319E-04
 19700.  0.34415E-04
 19705.  0.34125E-04
 19710.  0.33426E-04
 19715.  0.32720E-04
 19720.  0.32338E-04
 19725.  0.32225E-04
 19730.  0.32091E-04
 19735.  0.31587E-04
 19740.  0.30908E-04
 19745.  0.30131E-04
 19750.  0.29717E-04
 19755.  0.29593E-04
 19760.  0.29973E-04
 19765.  0.30393E-04
 19770.  0.30724E-04
 19775.  0.30911E-04
 19780.  0.31411E-04
 19785.  0.32262E-04
 19790.  0.32661E-04
 19795.  0.31995E-04
 19800.  0.30822E-04
 19805.  0.30039E-04
 19810.  0.30080E-04
 19815.  0.30483E-04
 19820.  0.30805E-04
 19825.  0.30987E-04
 19830.  0.31302E-04
 19835.  0.31775E-04
 19840.  0.32188E-04
 19845.  0.32203E-04
 19850.  0.31963E-04
 19855.  0.31858E-04
 19860.  0.31877E-04
 19865.  0.32012E-04
 19870.  0.31994E-04
 19875.  0.31877E-04
 19880.  0.31676E-04
 19885.  0.31265E-04
 19890.  0.30605E-04
 19895.  0.29710E-04
 19900.  0.29110E-04
 19905.  0.28891E-04
 19910.  0.29092E-04
 19915.  0.29451E-04
 19920.  0.29924E-04
 19925.  0.30422E-04
 19930.  0.30943E-04
 19935.  0.31170E-04
 19940.  0.31180E-04
 19945.  0.31027E-04
 19950.  0.31070E-04
 19955.  0.31217E-04
 19960.  0.31301E-04
 19965.  0.31149E-04
 19970.  0.30891E-04
 19975.  0.30735E-04
 19980.  0.30820E-04
 19985.  0.30932E-04
 19990.  0.30905E-04
 19995.  0.30607E-04
 20000.  0.30353E-04
 20005.  0.30331E-04
 20010.  0.30725E-04
 20015.  0.31086E-04
 20020.  0.31149E-04
 20025.  0.31002E-04
 20030.  0.30859E-04
 20035.  0.30946E-04
 20040.  0.31022E-04
 20045.  0.31007E-04
 20050.  0.30765E-04
 20055.  0.30508E-04
 20060.  0.30316E-04
 20065.  0.30224E-04
 20070.  0.30082E-04
 20075.  0.29799E-04
 20080.  0.29518E-04
 20085.  0.29426E-04
 20090.  0.29684E-04
 20095.  0.29961E-04
 20100.  0.30153E-04
 20105.  0.30097E-04
 20110.  0.30049E-04
 20115.  0.30147E-04
 20120.  0.30503E-04
 20125.  0.30861E-04
 20130.  0.31136E-04
 20135.  0.31458E-04
 20140.  0.31805E-04
 20145.  0.32053E-04
 20150.  0.31840E-04
 20155.  0.31418E-04
 20160.  0.30890E-04
 20165.  0.30670E-04
 20170.  0.30574E-04
 20175.  0.30620E-04
 20180.  0.30443E-04
 20185.  0.29894E-04
 20190.  0.29125E-04
 20195.  0.28624E-04
 20200.  0.28913E-04
 20205.  0.29718E-04
 20210.  0.30736E-04
 20215.  0.31451E-04
 20220.  0.31872E-04
 20225.  0.32096E-04
 20230.  0.32378E-04
 20235.  0.32582E-04
 20240.  0.32549E-04
 20245.  0.32018E-04
 20250.  0.31337E-04
 20255.  0.30720E-04
 20260.  0.30479E-04
 20265.  0.30544E-04
 20270.  0.30787E-04
 20275.  0.30856E-04
 20280.  0.30655E-04
 20285.  0.30287E-04
 20290.  0.30057E-04
 20295.  0.30160E-04
 20300.  0.30596E-04
 20305.  0.31272E-04
 20310.  0.32023E-04
 20315.  0.32728E-04
 20320.  0.33123E-04
 20325.  0.33238E-04
 20330.  0.33160E-04
 20335.  0.32898E-04
 20340.  0.32423E-04
 20345.  0.31888E-04
 20350.  0.31398E-04
 20355.  0.31335E-04
 20360.  0.31642E-04
 20365.  0.32350E-04
 20370.  0.32974E-04
 20375.  0.33251E-04
 20380.  0.33079E-04
 20385.  0.32772E-04
 20390.  0.32411E-04
 20395.  0.32147E-04
 20400.  0.32263E-04
 20405.  0.32392E-04
 20410.  0.32470E-04
 20415.  0.32813E-04
 20420.  0.33208E-04
 20425.  0.33425E-04
 20430.  0.33003E-04
 20435.  0.32282E-04
 20440.  0.31517E-04
 20445.  0.31121E-04
 20450.  0.31164E-04
 20455.  0.31549E-04
 20460.  0.32156E-04
 20465.  0.32742E-04
 20470.  0.33155E-04
 20475.  0.33235E-04
 20480.  0.32965E-04
 20485.  0.32544E-04
 20490.  0.32176E-04
 20495.  0.32134E-04
 20500.  0.32380E-04
 20505.  0.32770E-04
 20510.  0.32954E-04
 20515.  0.32887E-04
 20520.  0.32618E-04
 20525.  0.32296E-04
 20530.  0.31992E-04
 20535.  0.31645E-04
 20540.  0.31336E-04
 20545.  0.31151E-04
 20550.  0.31193E-04
 20555.  0.31457E-04
 20560.  0.31825E-04
 20565.  0.32213E-04
 20570.  0.32549E-04
 20575.  0.32845E-04
 20580.  0.33087E-04
 20585.  0.33107E-04
 20590.  0.33010E-04
 20595.  0.32909E-04
 20600.  0.32954E-04
 20605.  0.33026E-04
 20610.  0.33040E-04
 20615.  0.32969E-04
 20620.  0.32647E-04
 20625.  0.32132E-04
 20630.  0.31584E-04
 20635.  0.31355E-04
 20640.  0.31435E-04
 20645.  0.31768E-04
 20650.  0.32231E-04
 20655.  0.32662E-04
 20660.  0.32993E-04
 20665.  0.33116E-04
 20670.  0.33109E-04
 20675.  0.33027E-04
 20680.  0.32934E-04
 20685.  0.32856E-04
 20690.  0.32805E-04
 20695.  0.32818E-04
 20700.  0.32802E-04
 20705.  0.32682E-04
 20710.  0.32432E-04
 20715.  0.32207E-04
 20720.  0.32057E-04
 20725.  0.31971E-04
 20730.  0.31954E-04
 20735.  0.31991E-04
 20740.  0.32154E-04
 20745.  0.32406E-04
 20750.  0.32729E-04
 20755.  0.32955E-04
 20760.  0.33170E-04
 20765.  0.33336E-04
 20770.  0.33530E-04
 20775.  0.33641E-04
 20780.  0.33667E-04
 20785.  0.33528E-04
 20790.  0.33302E-04
 20795.  0.33047E-04
 20800.  0.32846E-04
 20805.  0.32744E-04
 20810.  0.32712E-04
 20815.  0.32730E-04
 20820.  0.32769E-04
 20825.  0.32800E-04
 20830.  0.32845E-04
 20835.  0.32838E-04
 20840.  0.32798E-04
 20845.  0.32761E-04
 20850.  0.32785E-04
 20855.  0.32835E-04
 20860.  0.32894E-04
 20865.  0.32888E-04
 20870.  0.32847E-04
 20875.  0.32864E-04
 20880.  0.33054E-04
 20885.  0.33130E-04
 20890.  0.33111E-04
 20895.  0.33125E-04
 20900.  0.33260E-04
 20905.  0.33483E-04
 20910.  0.33773E-04
 20915.  0.33923E-04
 20920.  0.33887E-04
 20925.  0.33609E-04
 20930.  0.33304E-04
 20935.  0.33066E-04
 20940.  0.33024E-04
 20945.  0.33080E-04
 20950.  0.33125E-04
 20955.  0.33108E-04
 20960.  0.33063E-04
 20965.  0.33043E-04
 20970.  0.33070E-04
 20975.  0.33216E-04
 20980.  0.33368E-04
 20985.  0.33483E-04
 20990.  0.33506E-04
 20995.  0.33556E-04
 21000.  0.33619E-04
 21005.  0.33643E-04
 21010.  0.33572E-04
 21015.  0.33469E-04
 21020.  0.33496E-04
 21025.  0.33654E-04
 21030.  0.33858E-04
 21035.  0.33914E-04
 21040.  0.33860E-04
 21045.  0.33702E-04
 21050.  0.33506E-04
 21055.  0.33394E-04
 21060.  0.33361E-04
 21065.  0.33352E-04
 21070.  0.33286E-04
 21075.  0.33251E-04
 21080.  0.33181E-04
 21085.  0.33165E-04
 21090.  0.33174E-04
 21095.  0.33315E-04
 21100.  0.33447E-04
 21105.  0.33537E-04
 21110.  0.33542E-04
 21115.  0.33511E-04
 21120.  0.33502E-04
 21125.  0.33539E-04
 21130.  0.33599E-04
 21135.  0.33670E-04
 21140.  0.33741E-04
 21145.  0.33668E-04
 21150.  0.33445E-04
 21155.  0.33145E-04
 21160.  0.32868E-04
 21165.  0.32684E-04
 21170.  0.32650E-04
 21175.  0.32834E-04
 21180.  0.33067E-04
 21185.  0.33227E-04
 21190.  0.33216E-04
 21195.  0.33137E-04
 21200.  0.33045E-04
 21205.  0.33029E-04
 21210.  0.32975E-04
 21215.  0.32986E-04
 21220.  0.33129E-04
 21225.  0.33357E-04
 21230.  0.33444E-04
 21235.  0.33364E-04
 21240.  0.33340E-04
 21245.  0.33343E-04
 21250.  0.33370E-04
 21255.  0.33367E-04
 21260.  0.33370E-04
 21265.  0.33340E-04
 21270.  0.33263E-04
 21275.  0.33108E-04
 21280.  0.32947E-04
 21285.  0.32887E-04
 21290.  0.32946E-04
 21295.  0.33099E-04
 21300.  0.33280E-04
 21305.  0.33389E-04
 21310.  0.33375E-04
 21315.  0.33276E-04
 21320.  0.33167E-04
 21325.  0.33064E-04
 21330.  0.32890E-04
 21335.  0.32714E-04
 21340.  0.32552E-04
 21345.  0.32491E-04
 21350.  0.32483E-04
 21355.  0.32530E-04
 21360.  0.32698E-04
 21365.  0.32887E-04
 21370.  0.33046E-04
 21375.  0.33119E-04
 21380.  0.33121E-04
 21385.  0.33071E-04
 21390.  0.32984E-04
 21395.  0.32890E-04
 21400.  0.32816E-04
 21405.  0.32774E-04
 21410.  0.32754E-04
 21415.  0.32733E-04
 21420.  0.32695E-04
 21425.  0.32701E-04
 21430.  0.32748E-04
 21435.  0.32801E-04
 21440.  0.32759E-04
 21445.  0.32658E-04
 21450.  0.32548E-04
 21455.  0.32509E-04
 21460.  0.32565E-04
 21465.  0.32678E-04
 21470.  0.32760E-04
 21475.  0.32723E-04
 21480.  0.32566E-04
 21485.  0.32364E-04
 21490.  0.32239E-04
 21495.  0.32266E-04
 21500.  0.32450E-04
 21505.  0.32638E-04
 21510.  0.32689E-04
 21515.  0.32626E-04
 21520.  0.32523E-04
 21525.  0.32403E-04
 21530.  0.32279E-04
 21535.  0.32223E-04
 21540.  0.32230E-04
 21545.  0.32282E-04
 21550.  0.32269E-04
 21555.  0.32200E-04
 21560.  0.32085E-04
 21565.  0.32087E-04
 21570.  0.32174E-04
 21575.  0.32352E-04
 21580.  0.32454E-04
 21585.  0.32439E-04
 21590.  0.32269E-04
 21595.  0.32147E-04
 21600.  0.32157E-04
 21605.  0.32276E-04
 21610.  0.32342E-04
 21615.  0.32236E-04
 21620.  0.31995E-04
 21625.  0.31765E-04
 21630.  0.31812E-04
 21635.  0.32066E-04
 21640.  0.32406E-04
 21645.  0.32627E-04
 21650.  0.32703E-04
 21655.  0.32634E-04
 21660.  0.32487E-04
 21665.  0.32296E-04
 21670.  0.32032E-04
 21675.  0.31813E-04
 21680.  0.31721E-04
 21685.  0.31837E-04
 21690.  0.32022E-04
 21695.  0.32173E-04
 21700.  0.32226E-04
 21705.  0.32217E-04
 21710.  0.32176E-04
 21715.  0.32114E-04
 21720.  0.31948E-04
 21725.  0.31734E-04
 21730.  0.31524E-04
 21735.  0.31423E-04
 21740.  0.31412E-04
 21745.  0.31464E-04
 21750.  0.31496E-04
 21755.  0.31489E-04
 21760.  0.31415E-04
 21765.  0.31266E-04
 21770.  0.31017E-04
 21775.  0.30697E-04
 21780.  0.30372E-04
 21785.  0.30233E-04
 21790.  0.30300E-04
 21795.  0.30585E-04
 21800.  0.30839E-04
 21805.  0.30997E-04
 21810.  0.30968E-04
 21815.  0.30838E-04
 21820.  0.30719E-04
 21825.  0.30721E-04
 21830.  0.30825E-04
 21835.  0.30919E-04
 21840.  0.30916E-04
 21845.  0.30882E-04
 21850.  0.30825E-04
 21855.  0.30777E-04
 21860.  0.30741E-04
 21865.  0.30734E-04
 21870.  0.30715E-04
 21875.  0.30665E-04
 21880.  0.30575E-04
 21885.  0.30492E-04
 21890.  0.30411E-04
 21895.  0.30367E-04
 21900.  0.30360E-04
 21905.  0.30482E-04
 21910.  0.30703E-04
 21915.  0.30984E-04
 21920.  0.31132E-04
 21925.  0.31131E-04
 21930.  0.31011E-04
 21935.  0.30845E-04
 21940.  0.30760E-04
 21945.  0.30754E-04
 21950.  0.30829E-04
 21955.  0.30809E-04
 21960.  0.30762E-04
 21965.  0.30727E-04
 21970.  0.30695E-04
 21975.  0.30642E-04
 21980.  0.30564E-04
 21985.  0.30476E-04
 21990.  0.30360E-04
 21995.  0.30198E-04
 22000.  0.29960E-04
 22005.  0.29701E-04
 22010.  0.29491E-04
 22015.  0.29375E-04
 22020.  0.29377E-04
 22025.  0.29482E-04
 22030.  0.29703E-04
 22035.  0.29901E-04
 22040.  0.29953E-04
 22045.  0.29701E-04
 22050.  0.29231E-04
 22055.  0.28717E-04
 22060.  0.28401E-04
 22065.  0.28407E-04
 22070.  0.28647E-04
 22075.  0.28972E-04
 22080.  0.29196E-04
 22085.  0.29317E-04
 22090.  0.29373E-04
 22095.  0.29448E-04
 22100.  0.29590E-04
 22105.  0.29815E-04
 22110.  0.30047E-04
 22115.  0.30249E-04
 22120.  0.30370E-04
 22125.  0.30308E-04
 22130.  0.30191E-04
 22135.  0.30059E-04
 22140.  0.30035E-04
 22145.  0.30058E-04
 22150.  0.30117E-04
 22155.  0.30147E-04
 22160.  0.30182E-04
 22165.  0.30227E-04
 22170.  0.30239E-04
 22175.  0.30194E-04
 22180.  0.30117E-04
 22185.  0.30013E-04
 22190.  0.29876E-04
 22195.  0.29685E-04
 22200.  0.29449E-04
 22205.  0.29241E-04
 22210.  0.29075E-04
 22215.  0.29035E-04
 22220.  0.29071E-04
 22225.  0.29147E-04
 22230.  0.29179E-04
 22235.  0.29183E-04
 22240.  0.29165E-04
 22245.  0.29164E-04
 22250.  0.29105E-04
 22255.  0.28938E-04
 22260.  0.28633E-04
 22265.  0.28294E-04
 22270.  0.28039E-04
 22275.  0.27977E-04
 22280.  0.28145E-04
 22285.  0.28410E-04
 22290.  0.28673E-04
 22295.  0.28786E-04
 22300.  0.28782E-04
 22305.  0.28705E-04
 22310.  0.28673E-04
 22315.  0.28709E-04
 22320.  0.28804E-04
 22325.  0.28925E-04
 22330.  0.29010E-04
 22335.  0.29017E-04
 22340.  0.28958E-04
 22345.  0.28903E-04
 22350.  0.28867E-04
 22355.  0.28855E-04
 22360.  0.28835E-04
 22365.  0.28786E-04
 22370.  0.28667E-04
 22375.  0.28457E-04
 22380.  0.28210E-04
 22385.  0.27968E-04
 22390.  0.27844E-04
 22395.  0.27814E-04
 22400.  0.27898E-04
 22405.  0.27998E-04
 22410.  0.28084E-04
 22415.  0.28125E-04
 22420.  0.28001E-04
 22425.  0.27917E-04
 22430.  0.27990E-04
 22435.  0.28098E-04
 22440.  0.28125E-04
 22445.  0.28074E-04
 22450.  0.28029E-04
 22455.  0.28056E-04
 22460.  0.28139E-04
 22465.  0.28211E-04
 22470.  0.28205E-04
 22475.  0.28137E-04
 22480.  0.28010E-04
 22485.  0.27940E-04
 22490.  0.27927E-04
 22495.  0.27966E-04
 22500.  0.27981E-04
 22505.  0.27976E-04
 22510.  0.27953E-04
 22515.  0.27933E-04
 22520.  0.27933E-04
 22525.  0.27968E-04
 22530.  0.28005E-04
 22535.  0.28016E-04
 22540.  0.27993E-04
 22545.  0.27983E-04
 22550.  0.28015E-04
 22555.  0.28081E-04
 22560.  0.28068E-04
 22565.  0.27997E-04
 22570.  0.27888E-04
 22575.  0.27824E-04
 22580.  0.27793E-04
 22585.  0.27812E-04
 22590.  0.27844E-04
 22595.  0.27856E-04
 22600.  0.27807E-04
 22605.  0.27642E-04
 22610.  0.27344E-04
 22615.  0.26941E-04
 22620.  0.26488E-04
 22625.  0.26165E-04
 22630.  0.26037E-04
 22635.  0.26147E-04
 22640.  0.26286E-04
 22645.  0.26337E-04
 22650.  0.26272E-04
 22655.  0.26206E-04
 22660.  0.26235E-04
 22665.  0.26448E-04
 22670.  0.26796E-04
 22675.  0.27134E-04
 22680.  0.27276E-04
 22685.  0.27204E-04
 22690.  0.27075E-04
 22695.  0.26995E-04
 22700.  0.26977E-04
 22705.  0.27000E-04
 22710.  0.27070E-04
 22715.  0.27149E-04
 22720.  0.27188E-04
 22725.  0.27167E-04
 22730.  0.27079E-04
 22735.  0.27014E-04
 22740.  0.26991E-04
 22745.  0.27035E-04
 22750.  0.27074E-04
 22755.  0.27102E-04
 22760.  0.27131E-04
 22765.  0.27141E-04
 22770.  0.27141E-04
 22775.  0.27090E-04
 22780.  0.26979E-04
 22785.  0.26829E-04
 22790.  0.26663E-04
 22795.  0.26536E-04
 22800.  0.26471E-04
 22805.  0.26472E-04
 22810.  0.26458E-04
 22815.  0.26483E-04
 22820.  0.26613E-04
 22825.  0.26659E-04
 22830.  0.26603E-04
 22835.  0.26492E-04
 22840.  0.26489E-04
 22845.  0.26526E-04
 22850.  0.26530E-04
 22855.  0.26472E-04
 22860.  0.26418E-04
 22865.  0.26417E-04
 22870.  0.26430E-04
 22875.  0.26451E-04
 22880.  0.26465E-04
 22885.  0.26471E-04
 22890.  0.26433E-04
 22895.  0.26334E-04
 22900.  0.26242E-04
 22905.  0.26219E-04
 22910.  0.26193E-04
 22915.  0.25867E-04
 22920.  0.25025E-04
 22925.  0.23725E-04
 22930.  0.22017E-04
 22935.  0.20473E-04
 22940.  0.19290E-04
 22945.  0.18857E-04
 22950.  0.18998E-04
 22955.  0.19395E-04
 22960.  0.19817E-04
 22965.  0.20230E-04
 22970.  0.20646E-04
 22975.  0.21058E-04
 22980.  0.21380E-04
 22985.  0.21607E-04
 22990.  0.21819E-04
 22995.  0.22092E-04
 23000.  0.22384E-04
 23005.  0.22636E-04
 23010.  0.22788E-04
 23015.  0.22863E-04
 23020.  0.22868E-04
 23025.  0.22872E-04
 23030.  0.22861E-04
 23035.  0.22832E-04
 23040.  0.22750E-04
 23045.  0.22668E-04
 23050.  0.22626E-04
 23055.  0.22612E-04
 23060.  0.22608E-04
 23065.  0.22593E-04
 23070.  0.22598E-04
 23075.  0.22614E-04
 23080.  0.22649E-04
 23085.  0.22695E-04
 23090.  0.22738E-04
 23095.  0.22777E-04
 23100.  0.22824E-04
 23105.  0.22880E-04
 23110.  0.22942E-04
 23115.  0.22994E-04
 23120.  0.22959E-04
 23125.  0.22872E-04
 23130.  0.22772E-04
 23135.  0.22698E-04
 23140.  0.22635E-04
 23145.  0.22605E-04
 23150.  0.22689E-04
 23155.  0.22803E-04
 23160.  0.22840E-04
 23165.  0.22739E-04
 23170.  0.22571E-04
 23175.  0.22445E-04
 23180.  0.22470E-04
 23185.  0.22625E-04
 23190.  0.22848E-04
 23195.  0.23027E-04
 23200.  0.23023E-04
 23205.  0.22783E-04
 23210.  0.22126E-04
 23215.  0.21049E-04
 23220.  0.19691E-04
 23225.  0.18344E-04
 23230.  0.17502E-04
 23235.  0.17213E-04
 23240.  0.17500E-04
 23245.  0.18061E-04
 23250.  0.18647E-04
 23255.  0.19149E-04
 23260.  0.19468E-04
 23265.  0.19685E-04
 23270.  0.19809E-04
 23275.  0.19856E-04
 23280.  0.19850E-04
 23285.  0.19841E-04
 23290.  0.19911E-04
 23295.  0.20067E-04
 23300.  0.20272E-04
 23305.  0.20526E-04
 23310.  0.20790E-04
 23315.  0.21072E-04
 23320.  0.21268E-04
 23325.  0.21406E-04
 23330.  0.21499E-04
 23335.  0.21545E-04
 23340.  0.21549E-04
 23345.  0.21505E-04
 23350.  0.21420E-04
 23355.  0.21307E-04
 23360.  0.21212E-04
 23365.  0.21160E-04
 23370.  0.21131E-04
 23375.  0.21083E-04
 23380.  0.21019E-04
 23385.  0.20982E-04
 23390.  0.20928E-04
 23395.  0.20805E-04
 23400.  0.20663E-04
 23405.  0.20571E-04
 23410.  0.20668E-04
 23415.  0.20829E-04
 23420.  0.20969E-04
 23425.  0.20966E-04
 23430.  0.20718E-04
 23435.  0.20248E-04
 23440.  0.19571E-04
 23445.  0.18858E-04
 23450.  0.18420E-04
 23455.  0.18390E-04
 23460.  0.18775E-04
 23465.  0.19245E-04
 23470.  0.19620E-04
 23475.  0.19817E-04
 23480.  0.19866E-04
 23485.  0.19832E-04
 23490.  0.19766E-04
 23495.  0.19664E-04
 23500.  0.19471E-04
 23505.  0.19066E-04
 23510.  0.18493E-04
 23515.  0.17775E-04
 23520.  0.16983E-04
 23525.  0.16316E-04
 23530.  0.15928E-04
 23535.  0.15936E-04
 23540.  0.16233E-04
 23545.  0.16646E-04
 23550.  0.17027E-04
 23555.  0.17269E-04
 23560.  0.17427E-04
 23565.  0.17583E-04
 23570.  0.17749E-04
 23575.  0.17879E-04
 23580.  0.17909E-04
 23585.  0.17883E-04
 23590.  0.17895E-04
 23595.  0.18020E-04
 23600.  0.18290E-04
 23605.  0.18564E-04
 23610.  0.18743E-04
 23615.  0.18731E-04
 23620.  0.18599E-04
 23625.  0.18416E-04
 23630.  0.18365E-04
 23635.  0.18429E-04
 23640.  0.18572E-04
 23645.  0.18688E-04
 23650.  0.18733E-04
 23655.  0.18748E-04
 23660.  0.18732E-04
 23665.  0.18742E-04
 23670.  0.18812E-04
 23675.  0.19055E-04
 23680.  0.19435E-04
 23685.  0.19782E-04
 23690.  0.19901E-04
 23695.  0.19905E-04
 23700.  0.19770E-04
 23705.  0.19525E-04
 23710.  0.19283E-04
 23715.  0.19131E-04
 23720.  0.18967E-04
 23725.  0.18688E-04
 23730.  0.18290E-04
 23735.  0.17843E-04
 23740.  0.17437E-04
 23745.  0.17211E-04
 23750.  0.17222E-04
 23755.  0.17466E-04
 23760.  0.17740E-04
 23765.  0.17912E-04
 23770.  0.17876E-04
 23775.  0.17733E-04
 23780.  0.17592E-04
 23785.  0.17624E-04
 23790.  0.17783E-04
 23795.  0.17977E-04
 23800.  0.18027E-04
 23805.  0.17954E-04
 23810.  0.17804E-04
 23815.  0.17561E-04
 23820.  0.17196E-04
 23825.  0.16698E-04
 23830.  0.16078E-04
 23835.  0.15711E-04
 23840.  0.15681E-04
 23845.  0.15925E-04
 23850.  0.16157E-04
 23855.  0.16255E-04
 23860.  0.16236E-04
 23865.  0.16310E-04
 23870.  0.16458E-04
 23875.  0.16661E-04
 23880.  0.16877E-04
 23885.  0.17097E-04
 23890.  0.17317E-04
 23895.  0.17533E-04
 23900.  0.17632E-04
 23905.  0.17540E-04
 23910.  0.17257E-04
 23915.  0.17008E-04
 23920.  0.16968E-04
 23925.  0.17197E-04
 23930.  0.17486E-04
 23935.  0.17681E-04
 23940.  0.17668E-04
 23945.  0.17546E-04
 23950.  0.17482E-04
 23955.  0.17606E-04
 23960.  0.17847E-04
 23965.  0.18048E-04
 23970.  0.18144E-04
 23975.  0.18163E-04
 23980.  0.18243E-04
 23985.  0.18409E-04
 23990.  0.18460E-04
 23995.  0.18313E-04
 24000.  0.17994E-04
 24005.  0.17701E-04
 24010.  0.17596E-04
 24015.  0.17675E-04
 24020.  0.17847E-04
 24025.  0.17936E-04
 24030.  0.17818E-04
 24035.  0.17364E-04
 24040.  0.16794E-04
 24045.  0.16330E-04
 24050.  0.16233E-04
 24055.  0.16368E-04
 24060.  0.16547E-04
 24065.  0.16541E-04
 24070.  0.16315E-04
 24075.  0.16050E-04
 24080.  0.15900E-04
 24085.  0.15955E-04
 24090.  0.16108E-04
 24095.  0.16275E-04
 24100.  0.16397E-04
 24105.  0.16548E-04
 24110.  0.16766E-04
 24115.  0.16802E-04
 24120.  0.16693E-04
 24125.  0.16364E-04
 24130.  0.15939E-04
 24135.  0.15391E-04
 24140.  0.14945E-04
 24145.  0.14759E-04
 24150.  0.14706E-04
 24155.  0.14656E-04
 24160.  0.14624E-04
 24165.  0.14713E-04
 24170.  0.14960E-04
 24175.  0.15204E-04
 24180.  0.15278E-04
 24185.  0.15077E-04
 24190.  0.14904E-04
 24195.  0.14912E-04
 24200.  0.15142E-04
 24205.  0.15490E-04
 24210.  0.15734E-04
 24215.  0.15781E-04
 24220.  0.15656E-04
 24225.  0.15586E-04
 24230.  0.15643E-04
 24235.  0.15908E-04
 24240.  0.16123E-04
 24245.  0.16204E-04
 24250.  0.16063E-04
 24255.  0.15971E-04
 24260.  0.15883E-04
 24265.  0.15799E-04
 24270.  0.15767E-04
 24275.  0.15804E-04
 24280.  0.15903E-04
 24285.  0.16015E-04
 24290.  0.16087E-04
 24295.  0.16075E-04
 24300.  0.15959E-04
 24305.  0.15859E-04
 24310.  0.15879E-04
 24315.  0.16160E-04
 24320.  0.16366E-04
 24325.  0.16226E-04
 24330.  0.15812E-04
 24335.  0.15302E-04
 24340.  0.14918E-04
 24345.  0.14615E-04
 24350.  0.14486E-04
 24355.  0.14337E-04
 24360.  0.14166E-04
 24365.  0.14018E-04
 24370.  0.14091E-04
 24375.  0.14480E-04
 24380.  0.14953E-04
 24385.  0.15359E-04
 24390.  0.15576E-04
 24395.  0.15555E-04
 24400.  0.15414E-04
 24405.  0.15230E-04
 24410.  0.15125E-04
 24415.  0.15139E-04
 24420.  0.15242E-04
 24425.  0.15248E-04
 24430.  0.15094E-04
 24435.  0.14799E-04
 24440.  0.14625E-04
 24445.  0.14520E-04
 24450.  0.14400E-04
 24455.  0.14134E-04
 24460.  0.13720E-04
 24465.  0.13300E-04
 24470.  0.13085E-04
 24475.  0.13114E-04
 24480.  0.13423E-04
 24485.  0.13836E-04
 24490.  0.14259E-04
 24495.  0.14514E-04
 24500.  0.14438E-04
 24505.  0.14026E-04
 24510.  0.13598E-04
 24515.  0.13391E-04
 24520.  0.13329E-04
 24525.  0.13343E-04
 24530.  0.13325E-04
 24535.  0.13427E-04
 24540.  0.13568E-04
 24545.  0.13822E-04
 24550.  0.14149E-04
 24555.  0.14562E-04
 24560.  0.15018E-04
 24565.  0.15357E-04
 24570.  0.15540E-04
 24575.  0.15566E-04
 24580.  0.15436E-04
 24585.  0.15156E-04
 24590.  0.14671E-04
 24595.  0.14093E-04
 24600.  0.13629E-04
 24605.  0.13350E-04
 24610.  0.13288E-04
 24615.  0.13439E-04
 24620.  0.13644E-04
 24625.  0.14214E-04
 24630.  0.14762E-04
 24635.  0.15134E-04
 24640.  0.15035E-04
 24645.  0.14763E-04
 24650.  0.14472E-04
 24655.  0.14196E-04
 24660.  0.13947E-04
 24665.  0.13708E-04
 24670.  0.13476E-04
 24675.  0.13339E-04
 24680.  0.13321E-04
 24685.  0.13532E-04
 24690.  0.13795E-04
 24695.  0.13983E-04
 24700.  0.14093E-04
 24705.  0.14281E-04
 24710.  0.14863E-04
 24715.  0.15167E-04
 24720.  0.14449E-04
 24725.  0.13551E-04
 24730.  0.12970E-04
 24735.  0.12610E-04
 24740.  0.12460E-04
 24745.  0.12469E-04
 24750.  0.12737E-04
 24755.  0.13141E-04
 24760.  0.13631E-04
 24765.  0.13986E-04
 24770.  0.14060E-04
 24775.  0.13839E-04
 24780.  0.13355E-04
 24785.  0.12849E-04
 24790.  0.12469E-04
 24795.  0.12443E-04
 24800.  0.12810E-04
 24805.  0.13047E-04
 24810.  0.12606E-04
 24815.  0.12007E-04
 24820.  0.11761E-04
 24825.  0.12419E-04
 24830.  0.13706E-04
 24835.  0.14483E-04
 24840.  0.14639E-04
 24845.  0.14531E-04
 24850.  0.14375E-04
 24855.  0.14233E-04
 24860.  0.13978E-04
 24865.  0.13642E-04
 24870.  0.13071E-04
 24875.  0.12320E-04
 24880.  0.11657E-04
 24885.  0.11135E-04
 24890.  0.10156E-04
 24895.  0.99923E-05
 24900.  0.93710E-05
