  5100.  0.34987E-04
  5105.  0.34876E-04
  5110.  0.34817E-04
  5115.  0.34793E-04
  5120.  0.34913E-04
  5125.  0.34908E-04
  5130.  0.34685E-04
  5135.  0.34442E-04
  5140.  0.34236E-04
  5145.  0.34112E-04
  5150.  0.33955E-04
  5155.  0.33576E-04
  5160.  0.33083E-04
  5165.  0.32470E-04
  5170.  0.31847E-04
  5175.  0.31329E-04
  5180.  0.30821E-04
  5185.  0.30274E-04
  5190.  0.29762E-04
  5195.  0.29411E-04
  5200.  0.29325E-04
  5205.  0.29561E-04
  5210.  0.29990E-04
  5215.  0.30689E-04
  5220.  0.31491E-04
  5225.  0.32194E-04
  5230.  0.32797E-04
  5235.  0.33375E-04
  5240.  0.34009E-04
  5245.  0.34573E-04
  5250.  0.34994E-04
  5255.  0.35262E-04
  5260.  0.35418E-04
  5265.  0.35540E-04
  5270.  0.35785E-04
  5275.  0.36065E-04
  5280.  0.36333E-04
  5285.  0.36561E-04
  5290.  0.36873E-04
  5295.  0.37548E-04
  5300.  0.38519E-04
  5305.  0.39283E-04
  5310.  0.39786E-04
  5315.  0.40146E-04
  5320.  0.40457E-04
  5325.  0.40700E-04
  5330.  0.40876E-04
  5335.  0.41015E-04
  5340.  0.41176E-04
  5345.  0.41277E-04
  5350.  0.41331E-04
  5355.  0.41477E-04
  5360.  0.41738E-04
  5365.  0.42140E-04
  5370.  0.42565E-04
  5375.  0.42946E-04
  5380.  0.43206E-04
  5385.  0.43332E-04
  5390.  0.43209E-04
  5395.  0.42936E-04
  5400.  0.45685E-04
  5405.  0.45600E-04
  5410.  0.45398E-04
  5415.  0.45608E-04
  5420.  0.45573E-04
  5425.  0.45461E-04
  5430.  0.45554E-04
  5435.  0.45799E-04
  5440.  0.46063E-04
  5445.  0.46065E-04
  5450.  0.45713E-04
  5455.  0.45346E-04
  5460.  0.45078E-04
  5465.  0.44580E-04
  5470.  0.43893E-04
  5475.  0.43260E-04
  5480.  0.42625E-04
  5485.  0.42217E-04
  5490.  0.42208E-04
  5495.  0.42625E-04
  5500.  0.43120E-04
  5505.  0.43337E-04
  5510.  0.43635E-04
  5515.  0.44278E-04
  5520.  0.44825E-04
  5525.  0.45040E-04
  5530.  0.45270E-04
  5535.  0.45772E-04
  5540.  0.46515E-04
  5545.  0.47342E-04
  5550.  0.47987E-04
  5555.  0.48517E-04
  5560.  0.49048E-04
  5565.  0.49589E-04
  5570.  0.49933E-04
  5575.  0.49914E-04
  5580.  0.49823E-04
  5585.  0.49553E-04
  5590.  0.49206E-04
  5595.  0.48821E-04
  5600.  0.48407E-04
  5605.  0.48065E-04
  5610.  0.47869E-04
  5615.  0.47665E-04
  5620.  0.47299E-04
  5625.  0.46965E-04
  5630.  0.46785E-04
  5635.  0.46645E-04
  5640.  0.46564E-04
  5645.  0.46597E-04
  5650.  0.46711E-04
  5655.  0.46887E-04
  5660.  0.47091E-04
  5665.  0.47327E-04
  5670.  0.47608E-04
  5675.  0.47954E-04
  5680.  0.48419E-04
  5685.  0.48914E-04
  5690.  0.49199E-04
  5695.  0.49372E-04
  5700.  0.49532E-04
  5705.  0.49679E-04
  5710.  0.49922E-04
  5715.  0.50201E-04
  5720.  0.50464E-04
  5725.  0.50712E-04
  5730.  0.51007E-04
  5735.  0.51391E-04
  5740.  0.51867E-04
  5745.  0.52388E-04
  5750.  0.52867E-04
  5755.  0.53191E-04
  5760.  0.53343E-04
  5765.  0.53530E-04
  5770.  0.53748E-04
  5775.  0.53762E-04
  5780.  0.53548E-04
  5785.  0.53361E-04
  5790.  0.53310E-04
  5795.  0.53320E-04
  5800.  0.53503E-04
  5805.  0.54103E-04
  5810.  0.54860E-04
  5815.  0.55356E-04
  5820.  0.55658E-04
  5825.  0.55649E-04
  5830.  0.55304E-04
  5835.  0.54832E-04
  5840.  0.54299E-04
  5845.  0.53820E-04
  5850.  0.53358E-04
  5855.  0.52890E-04
  5860.  0.52286E-04
  5865.  0.51419E-04
  5870.  0.50518E-04
  5875.  0.49682E-04
  5880.  0.48869E-04
  5885.  0.48254E-04
  5890.  0.47583E-04
  5895.  0.46914E-04
  5900.  0.46387E-04
  5905.  0.45994E-04
  5910.  0.45723E-04
  5915.  0.45596E-04
  5920.  0.45809E-04
  5925.  0.46110E-04
  5930.  0.46335E-04
  5935.  0.46694E-04
  5940.  0.47229E-04
  5945.  0.47726E-04
  5950.  0.48200E-04
  5955.  0.48508E-04
  5960.  0.48788E-04
  5965.  0.49144E-04
  5970.  0.49544E-04
  5975.  0.49997E-04
  5980.  0.50446E-04
  5985.  0.50852E-04
  5990.  0.51332E-04
  5995.  0.51944E-04
  6000.  0.52552E-04
  6005.  0.53140E-04
  6010.  0.53685E-04
  6015.  0.54047E-04
  6020.  0.54342E-04
  6025.  0.54610E-04
  6030.  0.55055E-04
  6035.  0.55784E-04
  6040.  0.56600E-04
  6045.  0.57395E-04
  6050.  0.58089E-04
  6055.  0.58718E-04
  6060.  0.59287E-04
  6065.  0.59723E-04
  6070.  0.59913E-04
  6075.  0.60019E-04
  6080.  0.60224E-04
  6085.  0.60442E-04
  6090.  0.60513E-04
  6095.  0.60563E-04
  6100.  0.60735E-04
  6105.  0.60963E-04
  6110.  0.61180E-04
  6115.  0.61450E-04
  6120.  0.61734E-04
  6125.  0.61889E-04
  6130.  0.61904E-04
  6135.  0.61722E-04
  6140.  0.61448E-04
  6145.  0.61248E-04
  6150.  0.60934E-04
  6155.  0.60163E-04
  6160.  0.59047E-04
  6165.  0.57615E-04
  6170.  0.55816E-04
  6175.  0.53610E-04
  6180.  0.51612E-04
  6185.  0.50294E-04
  6190.  0.49469E-04
  6195.  0.48840E-04
  6200.  0.48411E-04
  6205.  0.48076E-04
  6210.  0.47688E-04
  6215.  0.47301E-04
  6220.  0.46835E-04
  6225.  0.46391E-04
  6230.  0.46085E-04
  6235.  0.45803E-04
  6240.  0.45716E-04
  6245.  0.45876E-04
  6250.  0.46270E-04
  6255.  0.46813E-04
  6260.  0.47476E-04
  6265.  0.48260E-04
  6270.  0.49214E-04
  6275.  0.50209E-04
  6280.  0.51121E-04
  6285.  0.52065E-04
  6290.  0.53040E-04
  6295.  0.53730E-04
  6300.  0.54322E-04
  6305.  0.55158E-04
  6310.  0.56152E-04
  6315.  0.57059E-04
  6320.  0.57878E-04
  6325.  0.58802E-04
  6330.  0.59859E-04
  6335.  0.60784E-04
  6340.  0.61404E-04
  6345.  0.61893E-04
  6350.  0.62342E-04
  6355.  0.62755E-04
  6360.  0.63082E-04
  6365.  0.63283E-04
  6370.  0.63431E-04
  6375.  0.63585E-04
  6380.  0.63917E-04
  6385.  0.64449E-04
  6390.  0.65041E-04
  6395.  0.65492E-04
  6400.  0.65553E-04
  6405.  0.65421E-04
  6410.  0.65395E-04
  6415.  0.65502E-04
  6420.  0.65604E-04
  6425.  0.65682E-04
  6430.  0.65493E-04
  6435.  0.65343E-04
  6440.  0.65381E-04
  6445.  0.65388E-04
  6450.  0.65398E-04
  6455.  0.65682E-04
  6460.  0.66080E-04
  6465.  0.66386E-04
  6470.  0.66635E-04
  6475.  0.66786E-04
  6480.  0.66750E-04
  6485.  0.66345E-04
  6490.  0.65760E-04
  6495.  0.65202E-04
  6500.  0.64860E-04
  6505.  0.64927E-04
  6510.  0.65448E-04
  6515.  0.66265E-04
  6520.  0.67164E-04
  6525.  0.67966E-04
  6530.  0.68746E-04
  6535.  0.69495E-04
  6540.  0.70072E-04
  6545.  0.70474E-04
  6550.  0.70999E-04
  6555.  0.71607E-04
  6560.  0.72200E-04
  6565.  0.72501E-04
  6570.  0.72560E-04
  6575.  0.72214E-04
  6580.  0.71116E-04
  6585.  0.69838E-04
  6590.  0.68738E-04
  6595.  0.68032E-04
  6600.  0.67602E-04
  6605.  0.67399E-04
  6610.  0.67246E-04
  6615.  0.66989E-04
  6620.  0.66735E-04
  6625.  0.66458E-04
  6630.  0.66038E-04
  6635.  0.65483E-04
  6640.  0.65021E-04
  6645.  0.64687E-04
  6650.  0.64315E-04
  6655.  0.63946E-04
  6660.  0.63559E-04
  6665.  0.62819E-04
  6670.  0.62105E-04
  6675.  0.61619E-04
  6680.  0.61302E-04
  6685.  0.61053E-04
  6690.  0.60726E-04
  6695.  0.60218E-04
  6700.  0.59881E-04
  6705.  0.59735E-04
  6710.  0.59366E-04
  6715.  0.58925E-04
  6720.  0.58511E-04
  6725.  0.58143E-04
  6730.  0.57992E-04
  6735.  0.57963E-04
  6740.  0.58086E-04
  6745.  0.58336E-04
  6750.  0.58579E-04
  6755.  0.58955E-04
  6760.  0.59524E-04
  6765.  0.60143E-04
  6770.  0.60731E-04
  6775.  0.61169E-04
  6780.  0.61576E-04
  6785.  0.61766E-04
  6790.  0.61656E-04
  6795.  0.61601E-04
  6800.  0.61687E-04
  6805.  0.61987E-04
  6810.  0.62532E-04
  6815.  0.63077E-04
  6820.  0.63555E-04
  6825.  0.64114E-04
  6830.  0.64688E-04
  6835.  0.65290E-04
  6840.  0.65898E-04
  6845.  0.66492E-04
  6850.  0.66991E-04
  6855.  0.67290E-04
  6860.  0.67397E-04
  6865.  0.67356E-04
  6870.  0.67627E-04
  6875.  0.68079E-04
  6880.  0.68729E-04
  6885.  0.69700E-04
  6890.  0.70367E-04
  6895.  0.70891E-04
  6900.  0.71661E-04
  6905.  0.72392E-04
  6910.  0.72918E-04
  6915.  0.73182E-04
  6920.  0.73238E-04
  6925.  0.73344E-04
  6930.  0.73448E-04
  6935.  0.73488E-04
  6940.  0.73584E-04
  6945.  0.73924E-04
  6950.  0.74495E-04
  6955.  0.75302E-04
  6960.  0.76138E-04
  6965.  0.76658E-04
  6970.  0.77054E-04
  6975.  0.77512E-04
  6980.  0.77988E-04
  6985.  0.78409E-04
  6990.  0.78746E-04
  6995.  0.78960E-04
  7000.  0.79001E-04
  7005.  0.78988E-04
  7010.  0.79167E-04
  7015.  0.79447E-04
  7020.  0.79683E-04
  7025.  0.79994E-04
  7030.  0.80332E-04
  7035.  0.80498E-04
  7040.  0.80334E-04
  7045.  0.79743E-04
  7050.  0.78574E-04
  7055.  0.76808E-04
  7060.  0.74467E-04
  7065.  0.71936E-04
  7070.  0.69653E-04
  7075.  0.67750E-04
  7080.  0.66447E-04
  7085.  0.65402E-04
  7090.  0.64440E-04
  7095.  0.63669E-04
  7100.  0.62801E-04
  7105.  0.62099E-04
  7110.  0.61851E-04
  7115.  0.61610E-04
  7120.  0.61128E-04
  7125.  0.60445E-04
  7130.  0.59793E-04
  7135.  0.59079E-04
  7140.  0.58542E-04
  7145.  0.58669E-04
  7150.  0.59283E-04
  7155.  0.60182E-04
  7160.  0.61200E-04
  7165.  0.62089E-04
  7170.  0.62942E-04
  7175.  0.63824E-04
  7180.  0.64581E-04
  7185.  0.65340E-04
  7190.  0.66002E-04
  7195.  0.66284E-04
  7200.  0.66315E-04
  7205.  0.66541E-04
  7210.  0.67015E-04
  7215.  0.67711E-04
  7220.  0.68745E-04
  7225.  0.69998E-04
  7230.  0.71226E-04
  7235.  0.72375E-04
  7240.  0.73445E-04
  7245.  0.74248E-04
  7250.  0.74995E-04
  7255.  0.76049E-04
  7260.  0.77128E-04
  7265.  0.77960E-04
  7270.  0.78656E-04
  7275.  0.79118E-04
  7280.  0.79418E-04
  7285.  0.79640E-04
  7290.  0.79828E-04
  7295.  0.80246E-04
  7300.  0.80905E-04
  7305.  0.81599E-04
  7310.  0.82251E-04
  7315.  0.82883E-04
  7320.  0.83392E-04
  7325.  0.83838E-04
  7330.  0.84276E-04
  7335.  0.84535E-04
  7340.  0.84704E-04
  7345.  0.84897E-04
  7350.  0.84926E-04
  7355.  0.84780E-04
  7360.  0.84680E-04
  7365.  0.84790E-04
  7370.  0.85230E-04
  7375.  0.85651E-04
  7380.  0.85754E-04
  7385.  0.85733E-04
  7390.  0.85712E-04
  7395.  0.85722E-04
  7400.  0.85655E-04
  7405.  0.85445E-04
  7410.  0.85345E-04
  7415.  0.85487E-04
  7420.  0.85606E-04
  7425.  0.85714E-04
  7430.  0.85935E-04
  7435.  0.86195E-04
  7440.  0.86442E-04
  7445.  0.86608E-04
  7450.  0.86694E-04
  7455.  0.86816E-04
  7460.  0.86980E-04
  7465.  0.87077E-04
  7470.  0.87127E-04
  7475.  0.87165E-04
  7480.  0.87107E-04
  7485.  0.86985E-04
  7490.  0.86923E-04
  7495.  0.86969E-04
  7500.  0.87098E-04
  7505.  0.87172E-04
  7510.  0.87180E-04
  7515.  0.87203E-04
  7520.  0.87252E-04
  7525.  0.87418E-04
  7530.  0.87692E-04
  7535.  0.87950E-04
  7540.  0.88233E-04
  7545.  0.88593E-04
  7550.  0.88813E-04
  7555.  0.88867E-04
  7560.  0.89006E-04
  7565.  0.89168E-04
  7570.  0.89083E-04
  7575.  0.89057E-04
  7580.  0.88947E-04
  7585.  0.89049E-04
  7590.  0.88972E-04
  7595.  0.89091E-04
  7600.  0.88815E-04
  7605.  0.88112E-04
  7610.  0.87060E-04
  7615.  0.85672E-04
  7620.  0.84812E-04
  7625.  0.84104E-04
  7630.  0.83324E-04
  7635.  0.83003E-04
  7640.  0.82779E-04
  7645.  0.82657E-04
  7650.  0.82582E-04
  7655.  0.82461E-04
  7660.  0.82265E-04
  7665.  0.82052E-04
  7670.  0.81941E-04
  7675.  0.81753E-04
  7680.  0.81438E-04
  7685.  0.81036E-04
  7690.  0.80672E-04
  7695.  0.80605E-04
  7700.  0.80771E-04
  7705.  0.80945E-04
  7710.  0.81067E-04
  7715.  0.81256E-04
  7720.  0.81727E-04
  7725.  0.82438E-04
  7730.  0.82962E-04
  7735.  0.83143E-04
  7740.  0.83315E-04
  7745.  0.83445E-04
  7750.  0.83286E-04
  7755.  0.83080E-04
  7760.  0.82896E-04
  7765.  0.82829E-04
  7770.  0.83079E-04
  7775.  0.83465E-04
  7780.  0.83779E-04
  7785.  0.83960E-04
  7790.  0.84035E-04
  7795.  0.84179E-04
  7800.  0.84588E-04
  7805.  0.85178E-04
  7810.  0.85759E-04
  7815.  0.86199E-04
  7820.  0.86508E-04
  7825.  0.86586E-04
  7830.  0.86383E-04
  7835.  0.85931E-04
  7840.  0.85390E-04
  7845.  0.85134E-04
  7850.  0.85085E-04
  7855.  0.85134E-04
  7860.  0.85387E-04
  7865.  0.85586E-04
  7870.  0.85520E-04
  7875.  0.85396E-04
  7880.  0.85404E-04
  7885.  0.85511E-04
  7890.  0.85434E-04
  7895.  0.85141E-04
  7900.  0.84766E-04
  7905.  0.84273E-04
  7910.  0.83765E-04
  7915.  0.83378E-04
  7920.  0.83008E-04
  7925.  0.82747E-04
  7930.  0.82890E-04
  7935.  0.83290E-04
  7940.  0.83557E-04
  7945.  0.83652E-04
  7950.  0.83833E-04
  7955.  0.84136E-04
  7960.  0.84488E-04
  7965.  0.84863E-04
  7970.  0.85163E-04
  7975.  0.85414E-04
  7980.  0.85666E-04
  7985.  0.85747E-04
  7990.  0.85759E-04
  7995.  0.85777E-04
  8000.  0.85802E-04
  8005.  0.85882E-04
  8010.  0.86077E-04
  8015.  0.86173E-04
  8020.  0.86032E-04
  8025.  0.85945E-04
  8030.  0.85972E-04
  8035.  0.85873E-04
  8040.  0.85728E-04
  8045.  0.85716E-04
  8050.  0.85783E-04
  8055.  0.85942E-04
  8060.  0.86052E-04
  8065.  0.85877E-04
  8070.  0.85500E-04
  8075.  0.85136E-04
  8080.  0.84918E-04
  8085.  0.85042E-04
  8090.  0.85139E-04
  8095.  0.85042E-04
  8100.  0.84814E-04
  8105.  0.84644E-04
  8110.  0.84780E-04
  8115.  0.85003E-04
  8120.  0.85170E-04
  8125.  0.85344E-04
  8130.  0.85491E-04
  8135.  0.85560E-04
  8140.  0.85639E-04
  8145.  0.85569E-04
  8150.  0.85229E-04
  8155.  0.84915E-04
  8160.  0.84844E-04
  8165.  0.84909E-04
  8170.  0.84817E-04
  8175.  0.84398E-04
  8180.  0.83804E-04
  8185.  0.83317E-04
  8190.  0.83006E-04
  8195.  0.83011E-04
  8200.  0.83330E-04
  8205.  0.83959E-04
  8210.  0.84597E-04
  8215.  0.84956E-04
  8220.  0.84972E-04
  8225.  0.84787E-04
  8230.  0.84745E-04
  8235.  0.85037E-04
  8240.  0.85639E-04
  8245.  0.86007E-04
  8250.  0.86111E-04
  8255.  0.86332E-04
  8260.  0.86875E-04
  8265.  0.87349E-04
  8270.  0.87353E-04
  8275.  0.87176E-04
  8280.  0.87268E-04
  8285.  0.87596E-04
  8290.  0.87619E-04
  8295.  0.87269E-04
  8300.  0.86758E-04
  8305.  0.86313E-04
  8310.  0.85960E-04
  8315.  0.85840E-04
  8320.  0.85918E-04
  8325.  0.85893E-04
  8330.  0.85852E-04
  8335.  0.85941E-04
  8340.  0.85995E-04
  8345.  0.85969E-04
  8350.  0.85883E-04
  8355.  0.85601E-04
  8360.  0.85248E-04
  8365.  0.85089E-04
  8370.  0.85046E-04
  8375.  0.85005E-04
  8380.  0.84802E-04
  8385.  0.84540E-04
  8390.  0.84718E-04
  8395.  0.85480E-04
  8400.  0.86055E-04
  8405.  0.86059E-04
  8410.  0.86111E-04
  8415.  0.86259E-04
  8420.  0.85997E-04
  8425.  0.85277E-04
  8430.  0.84469E-04
  8435.  0.83913E-04
  8440.  0.83793E-04
  8445.  0.84113E-04
  8450.  0.84409E-04
  8455.  0.84556E-04
  8460.  0.84494E-04
  8465.  0.84218E-04
  8470.  0.83931E-04
  8475.  0.83883E-04
  8480.  0.83965E-04
  8485.  0.83842E-04
  8490.  0.83572E-04
  8495.  0.83608E-04
  8500.  0.83730E-04
  8505.  0.83518E-04
  8510.  0.83283E-04
  8515.  0.83253E-04
  8520.  0.82989E-04
  8525.  0.82378E-04
  8530.  0.81811E-04
  8535.  0.81235E-04
  8540.  0.80628E-04
  8545.  0.80564E-04
  8550.  0.81267E-04
  8555.  0.82807E-04
  8560.  0.84371E-04
  8565.  0.85126E-04
  8570.  0.85621E-04
  8575.  0.86228E-04
  8580.  0.86698E-04
  8585.  0.86711E-04
  8590.  0.86204E-04
  8595.  0.85749E-04
  8600.  0.85890E-04
  8605.  0.86004E-04
  8610.  0.85844E-04
  8615.  0.86050E-04
  8620.  0.86734E-04
  8625.  0.87284E-04
  8630.  0.87455E-04
  8635.  0.87298E-04
  8640.  0.86800E-04
  8645.  0.86127E-04
  8650.  0.85284E-04
  8655.  0.84553E-04
  8660.  0.83736E-04
  8665.  0.82955E-04
  8670.  0.82637E-04
  8675.  0.82909E-04
  8680.  0.83481E-04
  8685.  0.83756E-04
  8690.  0.83810E-04
  8695.  0.84079E-04
  8700.  0.84498E-04
  8705.  0.84680E-04
  8710.  0.85075E-04
  8715.  0.85776E-04
  8720.  0.86161E-04
  8725.  0.86102E-04
  8730.  0.86299E-04
  8735.  0.86837E-04
  8740.  0.86851E-04
  8745.  0.86338E-04
  8750.  0.86146E-04
  8755.  0.86276E-04
  8760.  0.86214E-04
  8765.  0.86063E-04
  8770.  0.86040E-04
  8775.  0.85837E-04
  8780.  0.85614E-04
  8785.  0.85729E-04
  8790.  0.85834E-04
  8795.  0.85647E-04
  8800.  0.85270E-04
  8805.  0.85095E-04
  8810.  0.85006E-04
  8815.  0.84874E-04
  8820.  0.85028E-04
  8825.  0.85614E-04
  8830.  0.86224E-04
  8835.  0.86541E-04
  8840.  0.86613E-04
  8845.  0.86544E-04
  8850.  0.86368E-04
  8855.  0.86234E-04
  8860.  0.85777E-04
  8865.  0.84775E-04
  8870.  0.83873E-04
  8875.  0.83789E-04
  8880.  0.83812E-04
  8885.  0.83486E-04
  8890.  0.83173E-04
  8895.  0.83216E-04
  8900.  0.83504E-04
  8905.  0.83758E-04
  8910.  0.83997E-04
  8915.  0.84312E-04
  8920.  0.84435E-04
  8925.  0.84371E-04
  8930.  0.84448E-04
  8935.  0.84468E-04
  8940.  0.83943E-04
  8945.  0.83343E-04
  8950.  0.83321E-04
  8955.  0.83447E-04
  8960.  0.83685E-04
  8965.  0.83793E-04
  8970.  0.83413E-04
  8975.  0.83223E-04
  8980.  0.83368E-04
  8985.  0.83206E-04
  8990.  0.82918E-04
  8995.  0.83082E-04
  9000.  0.83388E-04
  9005.  0.82901E-04
  9010.  0.81939E-04
  9015.  0.81656E-04
  9020.  0.81779E-04
  9025.  0.82153E-04
  9030.  0.82735E-04
  9035.  0.83254E-04
  9040.  0.83631E-04
  9045.  0.83951E-04
  9050.  0.84400E-04
  9055.  0.84976E-04
  9060.  0.85068E-04
  9065.  0.84601E-04
  9070.  0.84803E-04
  9075.  0.85412E-04
  9080.  0.84558E-04
  9085.  0.82934E-04
  9090.  0.82372E-04
  9095.  0.82572E-04
  9100.  0.82819E-04
  9105.  0.83076E-04
  9110.  0.83262E-04
  9115.  0.83486E-04
  9120.  0.83739E-04
  9125.  0.83729E-04
  9130.  0.83125E-04
  9135.  0.82080E-04
  9140.  0.81195E-04
  9145.  0.80653E-04
  9150.  0.80109E-04
  9155.  0.79524E-04
  9160.  0.78908E-04
  9165.  0.78249E-04
  9170.  0.77648E-04
  9175.  0.77078E-04
  9180.  0.76546E-04
  9185.  0.76432E-04
  9190.  0.76564E-04
  9195.  0.76501E-04
  9200.  0.76431E-04
  9205.  0.76580E-04
  9210.  0.76667E-04
  9215.  0.76616E-04
  9220.  0.77077E-04
  9225.  0.78154E-04
  9230.  0.78803E-04
  9235.  0.78854E-04
  9240.  0.78987E-04
  9245.  0.79096E-04
  9250.  0.79101E-04
  9255.  0.79044E-04
  9260.  0.78787E-04
  9265.  0.78638E-04
  9270.  0.79108E-04
  9275.  0.79529E-04
  9280.  0.79028E-04
  9285.  0.78046E-04
  9290.  0.77309E-04
  9295.  0.76888E-04
  9300.  0.76929E-04
  9305.  0.77283E-04
  9310.  0.77774E-04
  9315.  0.78063E-04
  9320.  0.78058E-04
  9325.  0.77777E-04
  9330.  0.77386E-04
  9335.  0.77579E-04
  9340.  0.77893E-04
  9345.  0.77213E-04
  9350.  0.76346E-04
  9355.  0.76606E-04
  9360.  0.77143E-04
  9365.  0.75458E-04
  9370.  0.73259E-04
  9375.  0.72632E-04
  9380.  0.72838E-04
  9385.  0.73326E-04
  9390.  0.73865E-04
  9395.  0.74951E-04
  9400.  0.76798E-04
  9405.  0.78336E-04
  9410.  0.78114E-04
  9415.  0.76958E-04
  9420.  0.77003E-04
  9425.  0.77333E-04
  9430.  0.76142E-04
  9435.  0.74666E-04
  9440.  0.74586E-04
  9445.  0.75238E-04
  9450.  0.75229E-04
  9455.  0.75152E-04
  9460.  0.75718E-04
  9465.  0.76088E-04
  9470.  0.75539E-04
  9475.  0.74952E-04
  9480.  0.75503E-04
  9485.  0.77103E-04
  9490.  0.78299E-04
  9495.  0.77676E-04
  9500.  0.76711E-04
  9505.  0.77261E-04
  9510.  0.78215E-04
  9515.  0.77934E-04
  9520.  0.77227E-04
  9525.  0.77091E-04
  9530.  0.76976E-04
  9535.  0.76626E-04
  9540.  0.76876E-04
  9545.  0.78153E-04
  9550.  0.79139E-04
  9555.  0.78759E-04
  9560.  0.78020E-04
  9565.  0.77490E-04
  9570.  0.76710E-04
  9575.  0.75862E-04
  9580.  0.75648E-04
  9585.  0.75638E-04
  9590.  0.75215E-04
  9595.  0.74548E-04
  9600.  0.73725E-04
  9605.  0.73112E-04
  9610.  0.73137E-04
  9615.  0.73352E-04
  9620.  0.73312E-04
  9625.  0.73413E-04
  9630.  0.73829E-04
  9635.  0.74568E-04
  9640.  0.75282E-04
  9645.  0.75392E-04
  9650.  0.74843E-04
  9655.  0.73770E-04
  9660.  0.72481E-04
  9665.  0.71517E-04
  9670.  0.71084E-04
  9675.  0.70491E-04
  9680.  0.70110E-04
  9685.  0.70405E-04
  9690.  0.70893E-04
  9695.  0.71173E-04
  9700.  0.70224E-04
  9705.  0.69359E-04
  9710.  0.70023E-04
  9715.  0.71164E-04
  9720.  0.71471E-04
  9725.  0.70861E-04
  9730.  0.70337E-04
  9735.  0.71302E-04
  9740.  0.71562E-04
  9745.  0.71350E-04
  9750.  0.71097E-04
  9755.  0.70972E-04
  9760.  0.71954E-04
  9765.  0.72304E-04
  9770.  0.71575E-04
  9775.  0.70558E-04
  9780.  0.69755E-04
  9785.  0.70486E-04
  9790.  0.70795E-04
  9795.  0.70981E-04
  9800.  0.71204E-04
  9805.  0.71343E-04
  9810.  0.71618E-04
  9815.  0.72209E-04
  9820.  0.73161E-04
  9825.  0.73170E-04
  9830.  0.73216E-04
  9835.  0.73131E-04
  9840.  0.72972E-04
  9845.  0.72851E-04
  9850.  0.72684E-04
  9855.  0.72886E-04
  9860.  0.72562E-04
  9865.  0.72305E-04
  9870.  0.72100E-04
  9875.  0.71785E-04
  9880.  0.72162E-04
  9885.  0.71738E-04
  9890.  0.71717E-04
  9895.  0.71704E-04
  9900.  0.71914E-04
  9905.  0.72329E-04
  9910.  0.72685E-04
  9915.  0.72484E-04
  9920.  0.72612E-04
  9925.  0.71921E-04
  9930.  0.71879E-04
  9935.  0.72441E-04
  9940.  0.72802E-04
  9945.  0.72754E-04
  9950.  0.72692E-04
  9955.  0.72741E-04
  9960.  0.72471E-04
  9965.  0.72296E-04
  9970.  0.72240E-04
  9975.  0.72564E-04
  9980.  0.73135E-04
  9985.  0.73275E-04
  9990.  0.72910E-04
  9995.  0.72093E-04
 10000.  0.71775E-04
 10005.  0.71849E-04
 10010.  0.72125E-04
 10015.  0.72270E-04
 10020.  0.72533E-04
 10025.  0.72690E-04
 10030.  0.72594E-04
 10035.  0.72437E-04
 10040.  0.72674E-04
 10045.  0.74171E-04
 10050.  0.75407E-04
 10055.  0.75361E-04
 10060.  0.74338E-04
 10065.  0.73204E-04
 10070.  0.72384E-04
 10075.  0.72344E-04
 10080.  0.72387E-04
 10085.  0.72557E-04
 10090.  0.72772E-04
 10095.  0.73204E-04
 10100.  0.73435E-04
 10105.  0.72867E-04
 10110.  0.72451E-04
 10115.  0.72076E-04
 10120.  0.72209E-04
 10125.  0.72285E-04
 10130.  0.72194E-04
 10135.  0.72169E-04
 10140.  0.71891E-04
 10145.  0.71376E-04
 10150.  0.71364E-04
 10155.  0.71463E-04
 10160.  0.71627E-04
 10165.  0.71513E-04
 10170.  0.71650E-04
 10175.  0.72148E-04
 10180.  0.72056E-04
 10185.  0.71934E-04
 10190.  0.71411E-04
 10195.  0.71317E-04
 10200.  0.71559E-04
 10205.  0.71891E-04
 10210.  0.72003E-04
 10215.  0.71644E-04
 10220.  0.71262E-04
 10225.  0.71546E-04
 10230.  0.71597E-04
 10235.  0.71736E-04
 10240.  0.72107E-04
 10245.  0.72034E-04
 10250.  0.72038E-04
 10255.  0.71910E-04
 10260.  0.71577E-04
 10265.  0.71466E-04
 10270.  0.71505E-04
 10275.  0.71947E-04
 10280.  0.71894E-04
 10285.  0.71681E-04
 10290.  0.71616E-04
 10295.  0.71856E-04
 10300.  0.71859E-04
 10305.  0.71948E-04
 10310.  0.72295E-04
 10315.  0.72467E-04
 10320.  0.72269E-04
 10325.  0.70874E-04
 10330.  0.69691E-04
 10335.  0.69456E-04
 10340.  0.69079E-04
 10345.  0.69560E-04
 10350.  0.70359E-04
 10355.  0.71124E-04
 10360.  0.71665E-04
 10365.  0.71692E-04
 10370.  0.71256E-04
 10375.  0.70717E-04
 10380.  0.70203E-04
 10385.  0.70398E-04
 10390.  0.70247E-04
 10395.  0.69263E-04
 10400.  0.69063E-04
 10405.  0.69606E-04
 10410.  0.69897E-04
 10415.  0.70328E-04
 10420.  0.70359E-04
 10425.  0.70236E-04
 10430.  0.70534E-04
 10435.  0.70723E-04
 10440.  0.70870E-04
 10445.  0.70898E-04
 10450.  0.70780E-04
 10455.  0.70579E-04
 10460.  0.70566E-04
 10465.  0.70419E-04
 10470.  0.70255E-04
 10475.  0.70347E-04
 10480.  0.70513E-04
 10485.  0.70457E-04
 10490.  0.70168E-04
 10495.  0.69551E-04
 10500.  0.69199E-04
 10505.  0.69366E-04
 10510.  0.69535E-04
 10515.  0.69964E-04
 10520.  0.69996E-04
 10525.  0.69960E-04
 10530.  0.69964E-04
 10535.  0.70044E-04
 10540.  0.70177E-04
 10545.  0.70199E-04
 10550.  0.70274E-04
 10555.  0.70290E-04
 10560.  0.70370E-04
 10565.  0.70429E-04
 10570.  0.70436E-04
 10575.  0.70068E-04
 10580.  0.69039E-04
 10585.  0.68029E-04
 10590.  0.68212E-04
 10595.  0.68440E-04
 10600.  0.68217E-04
 10605.  0.68241E-04
 10610.  0.68617E-04
 10615.  0.68911E-04
 10620.  0.69122E-04
 10625.  0.69360E-04
 10630.  0.69412E-04
 10635.  0.69268E-04
 10640.  0.69082E-04
 10645.  0.69145E-04
 10650.  0.69086E-04
 10655.  0.68506E-04
 10660.  0.67558E-04
 10665.  0.67307E-04
 10670.  0.67691E-04
 10675.  0.68075E-04
 10680.  0.68418E-04
 10685.  0.68228E-04
 10690.  0.67570E-04
 10695.  0.67426E-04
 10700.  0.67814E-04
 10705.  0.68419E-04
 10710.  0.68740E-04
 10715.  0.68720E-04
 10720.  0.68298E-04
 10725.  0.67413E-04
 10730.  0.66903E-04
 10735.  0.66998E-04
 10740.  0.67219E-04
 10745.  0.67360E-04
 10750.  0.67420E-04
 10755.  0.67619E-04
 10760.  0.67869E-04
 10765.  0.68158E-04
 10770.  0.68200E-04
 10775.  0.67898E-04
 10780.  0.67455E-04
 10785.  0.67007E-04
 10790.  0.66920E-04
 10795.  0.67107E-04
 10800.  0.67418E-04
 10805.  0.67820E-04
 10810.  0.67596E-04
 10815.  0.67078E-04
 10820.  0.66904E-04
 10825.  0.67209E-04
 10830.  0.67527E-04
 10835.  0.67490E-04
 10840.  0.67385E-04
 10845.  0.67598E-04
 10850.  0.67765E-04
 10855.  0.67655E-04
 10860.  0.67424E-04
 10865.  0.66717E-04
 10870.  0.65648E-04
 10875.  0.65166E-04
 10880.  0.65013E-04
 10885.  0.65054E-04
 10890.  0.65570E-04
 10895.  0.65986E-04
 10900.  0.66279E-04
 10905.  0.67088E-04
 10910.  0.67584E-04
 10915.  0.66807E-04
 10920.  0.64628E-04
 10925.  0.62917E-04
 10930.  0.64707E-04
 10935.  0.68293E-04
 10940.  0.69158E-04
 10945.  0.68384E-04
 10950.  0.67432E-04
 10955.  0.65138E-04
 10960.  0.62828E-04
 10965.  0.61482E-04
 10970.  0.60814E-04
 10975.  0.60589E-04
 10980.  0.60487E-04
 10985.  0.60331E-04
 10990.  0.60022E-04
 10995.  0.59394E-04
 11000.  0.59218E-04
 11005.  0.59361E-04
 11010.  0.59364E-04
 11015.  0.59288E-04
 11020.  0.59208E-04
 11025.  0.59364E-04
 11030.  0.59614E-04
 11035.  0.60090E-04
 11040.  0.60603E-04
 11045.  0.60817E-04
 11050.  0.60594E-04
 11055.  0.60224E-04
 11060.  0.59998E-04
 11065.  0.59709E-04
 11070.  0.59716E-04
 11075.  0.60031E-04
 11080.  0.60033E-04
 11085.  0.59937E-04
 11090.  0.59999E-04
 11095.  0.60134E-04
 11100.  0.60059E-04
 11105.  0.59619E-04
 11110.  0.59231E-04
 11115.  0.58813E-04
 11120.  0.58849E-04
 11125.  0.59375E-04
 11130.  0.59590E-04
 11135.  0.59454E-04
 11140.  0.59732E-04
 11145.  0.59677E-04
 11150.  0.59484E-04
 11155.  0.59568E-04
 11160.  0.59467E-04
 11165.  0.58877E-04
 11170.  0.58444E-04
 11175.  0.58625E-04
 11180.  0.59077E-04
 11185.  0.59569E-04
 11190.  0.59535E-04
 11195.  0.60046E-04
 11200.  0.59531E-04
 11205.  0.58837E-04
 11210.  0.58321E-04
 11215.  0.58389E-04
 11220.  0.58847E-04
 11225.  0.58058E-04
 11230.  0.58633E-04
 11235.  0.59218E-04
 11240.  0.59054E-04
 11245.  0.59126E-04
 11250.  0.59492E-04
 11255.  0.59628E-04
 11260.  0.58870E-04
 11265.  0.59046E-04
 11270.  0.59593E-04
 11275.  0.58989E-04
 11280.  0.59363E-04
 11285.  0.60523E-04
 11290.  0.60591E-04
 11295.  0.59916E-04
 11300.  0.59577E-04
 11305.  0.59866E-04
 11310.  0.59691E-04
 11315.  0.59606E-04
 11320.  0.60032E-04
 11325.  0.60254E-04
 11330.  0.60014E-04
 11335.  0.59090E-04
 11340.  0.58339E-04
 11345.  0.56358E-04
 11350.  0.54540E-04
 11355.  0.55752E-04
 11360.  0.57129E-04
 11365.  0.58246E-04
 11370.  0.58729E-04
 11375.  0.59039E-04
 11380.  0.59623E-04
 11385.  0.59103E-04
 11390.  0.58867E-04
 11395.  0.59124E-04
 11400.  0.58969E-04
 11405.  0.58902E-04
 11410.  0.58763E-04
 11415.  0.58664E-04
 11420.  0.58660E-04
 11425.  0.58840E-04
 11430.  0.58959E-04
 11435.  0.59079E-04
 11440.  0.59371E-04
 11445.  0.59581E-04
 11450.  0.59518E-04
 11455.  0.59117E-04
 11460.  0.59129E-04
 11465.  0.59394E-04
 11470.  0.59526E-04
 11475.  0.59443E-04
 11480.  0.59362E-04
 11485.  0.59801E-04
 11490.  0.60581E-04
 11495.  0.60674E-04
 11500.  0.60058E-04
 11505.  0.59812E-04
 11510.  0.59933E-04
 11515.  0.60140E-04
 11520.  0.59817E-04
 11525.  0.59254E-04
 11530.  0.59303E-04
 11535.  0.59570E-04
 11540.  0.59628E-04
 11545.  0.59914E-04
 11550.  0.60083E-04
 11555.  0.59969E-04
 11560.  0.59913E-04
 11565.  0.60030E-04
 11570.  0.60068E-04
 11575.  0.59996E-04
 11580.  0.60143E-04
 11585.  0.59943E-04
 11590.  0.59456E-04
 11595.  0.59260E-04
 11600.  0.58718E-04
 11605.  0.57888E-04
 11610.  0.57750E-04
 11615.  0.58274E-04
 11620.  0.58715E-04
 11625.  0.58974E-04
 11630.  0.58941E-04
 11635.  0.58774E-04
 11640.  0.58772E-04
 11645.  0.58945E-04
 11650.  0.59111E-04
 11655.  0.59349E-04
 11660.  0.59566E-04
 11665.  0.59357E-04
 11670.  0.59279E-04
 11675.  0.59590E-04
 11680.  0.59500E-04
 11685.  0.59001E-04
 11690.  0.58590E-04
 11695.  0.58490E-04
 11700.  0.58847E-04
 11705.  0.59384E-04
 11710.  0.59510E-04
 11715.  0.59627E-04
 11720.  0.59735E-04
 11725.  0.59507E-04
 11730.  0.59482E-04
 11735.  0.59838E-04
 11740.  0.59896E-04
 11745.  0.59988E-04
 11750.  0.59998E-04
 11755.  0.59790E-04
 11760.  0.59627E-04
 11765.  0.59206E-04
 11770.  0.58883E-04
 11775.  0.58337E-04
 11780.  0.58122E-04
 11785.  0.58434E-04
 11790.  0.58979E-04
 11795.  0.59248E-04
 11800.  0.59502E-04
 11805.  0.59762E-04
 11810.  0.59697E-04
 11815.  0.59555E-04
 11820.  0.59319E-04
 11825.  0.58661E-04
 11830.  0.58257E-04
 11835.  0.58354E-04
 11840.  0.58598E-04
 11845.  0.58888E-04
 11850.  0.59219E-04
 11855.  0.59585E-04
 11860.  0.59578E-04
 11865.  0.59490E-04
 11870.  0.59627E-04
 11875.  0.59106E-04
 11880.  0.58115E-04
 11885.  0.57393E-04
 11890.  0.57411E-04
 11895.  0.57925E-04
 11900.  0.58620E-04
 11905.  0.59102E-04
 11910.  0.59434E-04
 11915.  0.59586E-04
 11920.  0.59578E-04
 11925.  0.59546E-04
 11930.  0.59478E-04
 11935.  0.59355E-04
 11940.  0.59412E-04
 11945.  0.59553E-04
 11950.  0.59564E-04
 11955.  0.59666E-04
 11960.  0.59807E-04
 11965.  0.59683E-04
 11970.  0.59138E-04
 11975.  0.58547E-04
 11980.  0.58141E-04
 11985.  0.57202E-04
 11990.  0.56546E-04
 11995.  0.57047E-04
 12000.  0.57771E-04
 12005.  0.58313E-04
 12010.  0.58935E-04
 12015.  0.59370E-04
 12020.  0.59506E-04
 12025.  0.59397E-04
 12030.  0.58791E-04
 12035.  0.57952E-04
 12040.  0.57668E-04
 12045.  0.58268E-04
 12050.  0.58885E-04
 12055.  0.59346E-04
 12060.  0.59497E-04
 12065.  0.59468E-04
 12070.  0.59410E-04
 12075.  0.59299E-04
 12080.  0.59000E-04
 12085.  0.58721E-04
 12090.  0.58715E-04
 12095.  0.58730E-04
 12100.  0.58787E-04
 12105.  0.58929E-04
 12110.  0.58865E-04
 12115.  0.58717E-04
 12120.  0.58850E-04
 12125.  0.59079E-04
 12130.  0.59275E-04
 12135.  0.59386E-04
 12140.  0.59363E-04
 12145.  0.59407E-04
 12150.  0.59531E-04
 12155.  0.59574E-04
 12160.  0.59519E-04
 12165.  0.59451E-04
 12170.  0.59436E-04
 12175.  0.59368E-04
 12180.  0.59404E-04
 12185.  0.59258E-04
 12190.  0.59045E-04
 12195.  0.59049E-04
 12200.  0.59109E-04
 12205.  0.59170E-04
 12210.  0.59327E-04
 12215.  0.59433E-04
 12220.  0.59264E-04
 12225.  0.58991E-04
 12230.  0.58988E-04
 12235.  0.59052E-04
 12240.  0.59171E-04
 12245.  0.59379E-04
 12250.  0.59416E-04
 12255.  0.59364E-04
 12260.  0.59299E-04
 12265.  0.58838E-04
 12270.  0.58358E-04
 12275.  0.58434E-04
 12280.  0.58584E-04
 12285.  0.58564E-04
 12290.  0.58663E-04
 12295.  0.58729E-04
 12300.  0.58906E-04
 12305.  0.59042E-04
 12310.  0.58926E-04
 12315.  0.58802E-04
 12320.  0.58913E-04
 12325.  0.58958E-04
 12330.  0.58870E-04
 12335.  0.58656E-04
 12340.  0.58495E-04
 12345.  0.58545E-04
 12350.  0.58603E-04
 12355.  0.58571E-04
 12360.  0.58549E-04
 12365.  0.58605E-04
 12370.  0.58656E-04
 12375.  0.58688E-04
 12380.  0.58662E-04
 12385.  0.58688E-04
 12390.  0.58469E-04
 12395.  0.58196E-04
 12400.  0.58160E-04
 12405.  0.58219E-04
 12410.  0.58290E-04
 12415.  0.58458E-04
 12420.  0.58401E-04
 12425.  0.58325E-04
 12430.  0.58265E-04
 12435.  0.58113E-04
 12440.  0.58207E-04
 12445.  0.58310E-04
 12450.  0.58374E-04
 12455.  0.58505E-04
 12460.  0.58677E-04
 12465.  0.58706E-04
 12470.  0.58356E-04
 12475.  0.58395E-04
 12480.  0.58343E-04
 12485.  0.58346E-04
 12490.  0.58344E-04
 12495.  0.58314E-04
 12500.  0.58272E-04
 12505.  0.58285E-04
 12510.  0.58217E-04
 12515.  0.57977E-04
 12520.  0.57822E-04
 12525.  0.57888E-04
 12530.  0.58066E-04
 12535.  0.58163E-04
 12540.  0.58295E-04
 12545.  0.58383E-04
 12550.  0.58348E-04
 12555.  0.58204E-04
 12560.  0.58197E-04
 12565.  0.58240E-04
 12570.  0.58372E-04
 12575.  0.58567E-04
 12580.  0.58675E-04
 12585.  0.58596E-04
 12590.  0.58483E-04
 12595.  0.58388E-04
 12600.  0.58432E-04
 12605.  0.58550E-04
 12610.  0.58375E-04
 12615.  0.58313E-04
 12620.  0.58464E-04
 12625.  0.58426E-04
 12630.  0.58041E-04
 12635.  0.57840E-04
 12640.  0.57806E-04
 12645.  0.57727E-04
 12650.  0.57745E-04
 12655.  0.57880E-04
 12660.  0.57989E-04
 12665.  0.57888E-04
 12670.  0.57698E-04
 12675.  0.57583E-04
 12680.  0.57711E-04
 12685.  0.58106E-04
 12690.  0.58056E-04
 12695.  0.57824E-04
 12700.  0.57831E-04
 12705.  0.57901E-04
 12710.  0.57976E-04
 12715.  0.57905E-04
 12720.  0.57807E-04
 12725.  0.57792E-04
 12730.  0.57565E-04
 12735.  0.57505E-04
 12740.  0.57502E-04
 12745.  0.57642E-04
 12750.  0.57701E-04
 12755.  0.57781E-04
 12760.  0.57920E-04
 12765.  0.58135E-04
 12770.  0.58318E-04
 12775.  0.58310E-04
 12780.  0.58202E-04
 12785.  0.58163E-04
 12790.  0.58152E-04
 12795.  0.58069E-04
 12800.  0.57885E-04
 12805.  0.58255E-04
 12810.  0.59807E-04
 12815.  0.61582E-04
 12820.  0.61794E-04
 12825.  0.61332E-04
 12830.  0.60832E-04
 12835.  0.59561E-04
 12840.  0.57887E-04
 12845.  0.57255E-04
 12850.  0.57441E-04
 12855.  0.57623E-04
 12860.  0.57579E-04
 12865.  0.57490E-04
 12870.  0.57330E-04
 12875.  0.56848E-04
 12880.  0.56554E-04
 12885.  0.56528E-04
 12890.  0.56185E-04
 12895.  0.55458E-04
 12900.  0.55015E-04
 12905.  0.55148E-04
 12910.  0.55473E-04
 12915.  0.55767E-04
 12920.  0.56118E-04
 12925.  0.56255E-04
 12930.  0.56177E-04
 12935.  0.56070E-04
 12940.  0.56045E-04
 12945.  0.56076E-04
 12950.  0.56170E-04
 12955.  0.56311E-04
 12960.  0.56426E-04
 12965.  0.56450E-04
 12970.  0.56175E-04
 12975.  0.55775E-04
 12980.  0.55682E-04
 12985.  0.55709E-04
 12990.  0.55801E-04
 12995.  0.55833E-04
 13000.  0.55765E-04
 13005.  0.55736E-04
 13010.  0.55731E-04
 13015.  0.55668E-04
 13020.  0.55777E-04
 13025.  0.55656E-04
 13030.  0.55452E-04
 13035.  0.55496E-04
 13040.  0.55704E-04
 13045.  0.55787E-04
 13050.  0.55664E-04
 13055.  0.55736E-04
 13060.  0.55816E-04
 13065.  0.55872E-04
 13070.  0.55731E-04
 13075.  0.55696E-04
 13080.  0.55526E-04
 13085.  0.55306E-04
 13090.  0.55353E-04
 13095.  0.55445E-04
 13100.  0.55492E-04
 13105.  0.55603E-04
 13110.  0.55450E-04
 13115.  0.55156E-04
 13120.  0.54662E-04
 13125.  0.54556E-04
 13130.  0.54753E-04
 13135.  0.54784E-04
 13140.  0.54510E-04
 13145.  0.54180E-04
 13150.  0.54093E-04
 13155.  0.54248E-04
 13160.  0.54398E-04
 13165.  0.54656E-04
 13170.  0.54740E-04
 13175.  0.54625E-04
 13180.  0.54730E-04
 13185.  0.54775E-04
 13190.  0.54676E-04
 13195.  0.54724E-04
 13200.  0.54828E-04
 13205.  0.54625E-04
 13210.  0.54387E-04
 13215.  0.54317E-04
 13220.  0.54350E-04
 13225.  0.54613E-04
 13230.  0.54815E-04
 13235.  0.54846E-04
 13240.  0.54750E-04
 13245.  0.54441E-04
 13250.  0.54184E-04
 13255.  0.54099E-04
 13260.  0.54012E-04
 13265.  0.54024E-04
 13270.  0.53792E-04
 13275.  0.53291E-04
 13280.  0.52666E-04
 13285.  0.52083E-04
 13290.  0.51676E-04
 13295.  0.51499E-04
 13300.  0.51650E-04
 13305.  0.51515E-04
 13310.  0.50739E-04
 13315.  0.49600E-04
 13320.  0.49122E-04
 13325.  0.48899E-04
 13330.  0.48720E-04
 13335.  0.48669E-04
 13340.  0.48457E-04
 13345.  0.47877E-04
 13350.  0.46967E-04
 13355.  0.46212E-04
 13360.  0.44773E-04
 13365.  0.43668E-04
 13370.  0.43614E-04
 13375.  0.43671E-04
 13380.  0.43378E-04
 13385.  0.43029E-04
 13390.  0.42963E-04
 13395.  0.43315E-04
 13400.  0.44241E-04
 13405.  0.44245E-04
 13410.  0.44115E-04
 13415.  0.43922E-04
 13420.  0.43720E-04
 13425.  0.43206E-04
 13430.  0.42328E-04
 13435.  0.42341E-04
 13440.  0.43278E-04
 13445.  0.43144E-04
 13450.  0.42593E-04
 13455.  0.42632E-04
 13460.  0.42550E-04
 13465.  0.42382E-04
 13470.  0.42661E-04
 13475.  0.42637E-04
 13480.  0.42612E-04
 13485.  0.42588E-04
 13490.  0.42564E-04
 13495.  0.42539E-04
 13500.  0.42515E-04
 13505.  0.42491E-04
 13510.  0.42466E-04
 13515.  0.42442E-04
 13520.  0.42418E-04
 13525.  0.42393E-04
 13530.  0.42369E-04
 13535.  0.42345E-04
 13540.  0.42320E-04
 13545.  0.42296E-04
 13550.  0.42272E-04
 13555.  0.42247E-04
 13560.  0.42223E-04
 13565.  0.42199E-04
 13570.  0.42174E-04
 13575.  0.42150E-04
 13580.  0.42126E-04
 13585.  0.42102E-04
 13590.  0.42077E-04
 13595.  0.42053E-04
 13600.  0.42029E-04
 13605.  0.42004E-04
 13610.  0.41980E-04
 13615.  0.41956E-04
 13620.  0.41931E-04
 13625.  0.41907E-04
 13630.  0.41883E-04
 13635.  0.41858E-04
 13640.  0.41834E-04
 13645.  0.41810E-04
 13650.  0.41785E-04
 13655.  0.41761E-04
 13660.  0.41737E-04
 13665.  0.41712E-04
 13670.  0.41688E-04
 13675.  0.41664E-04
 13680.  0.41639E-04
 13685.  0.41615E-04
 13690.  0.41591E-04
 13695.  0.41566E-04
 13700.  0.41542E-04
 13705.  0.41518E-04
 13710.  0.41494E-04
 13715.  0.41469E-04
 13720.  0.41445E-04
 13725.  0.41421E-04
 13730.  0.41396E-04
 13735.  0.41372E-04
 13740.  0.41348E-04
 13745.  0.41323E-04
 13750.  0.41299E-04
 13755.  0.41275E-04
 13760.  0.41250E-04
 13765.  0.41226E-04
 13770.  0.41202E-04
 13775.  0.41177E-04
 13780.  0.41153E-04
 13785.  0.41129E-04
 13790.  0.41104E-04
 13795.  0.41080E-04
 13800.  0.41056E-04
 13805.  0.41031E-04
 13810.  0.41007E-04
 13815.  0.40983E-04
 13820.  0.40959E-04
 13825.  0.40934E-04
 13830.  0.40910E-04
 13835.  0.40886E-04
 13840.  0.40861E-04
 13845.  0.40837E-04
 13850.  0.40813E-04
 13855.  0.40788E-04
 13860.  0.40764E-04
 13865.  0.40740E-04
 13870.  0.40715E-04
 13875.  0.40691E-04
 13880.  0.40667E-04
 13885.  0.40642E-04
 13890.  0.40618E-04
 13895.  0.40594E-04
 13900.  0.40569E-04
 13905.  0.40545E-04
 13910.  0.40521E-04
 13915.  0.40496E-04
 13920.  0.40472E-04
 13925.  0.40448E-04
 13930.  0.40423E-04
 13935.  0.40399E-04
 13940.  0.40375E-04
 13945.  0.40351E-04
 13950.  0.40326E-04
 13955.  0.40302E-04
 13960.  0.40278E-04
 13965.  0.40253E-04
 13970.  0.40229E-04
 13975.  0.40205E-04
 13980.  0.40180E-04
 13985.  0.40156E-04
 13990.  0.40132E-04
 13995.  0.40107E-04
 14000.  0.40083E-04
 14005.  0.40059E-04
 14010.  0.40034E-04
 14015.  0.40010E-04
 14020.  0.39986E-04
 14025.  0.39961E-04
 14030.  0.39937E-04
 14035.  0.39913E-04
 14040.  0.39888E-04
 14045.  0.39864E-04
 14050.  0.39840E-04
 14055.  0.39815E-04
 14060.  0.39791E-04
 14065.  0.39767E-04
 14070.  0.39743E-04
 14075.  0.39718E-04
 14080.  0.39694E-04
 14085.  0.39670E-04
 14090.  0.39645E-04
 14095.  0.39621E-04
 14100.  0.39597E-04
 14105.  0.39572E-04
 14110.  0.39548E-04
 14115.  0.39524E-04
 14120.  0.39499E-04
 14125.  0.39475E-04
 14130.  0.39451E-04
 14135.  0.39426E-04
 14140.  0.39402E-04
 14145.  0.39378E-04
 14150.  0.39353E-04
 14155.  0.39329E-04
 14160.  0.39305E-04
 14165.  0.39280E-04
 14170.  0.39256E-04
 14175.  0.39232E-04
 14180.  0.39207E-04
 14185.  0.39183E-04
 14190.  0.39159E-04
 14195.  0.39135E-04
 14200.  0.39110E-04
 14205.  0.39086E-04
 14210.  0.39062E-04
 14215.  0.39037E-04
 14220.  0.39013E-04
 14225.  0.38989E-04
 14230.  0.38964E-04
 14235.  0.38940E-04
 14240.  0.38916E-04
 14245.  0.38891E-04
 14250.  0.38867E-04
 14255.  0.38843E-04
 14260.  0.38818E-04
 14265.  0.38794E-04
 14270.  0.38770E-04
 14275.  0.38745E-04
 14280.  0.38721E-04
 14285.  0.38697E-04
 14290.  0.38672E-04
 14295.  0.38648E-04
 14300.  0.38624E-04
 14305.  0.38600E-04
 14310.  0.38575E-04
 14315.  0.38551E-04
 14320.  0.38527E-04
 14325.  0.38502E-04
 14330.  0.38478E-04
 14335.  0.38454E-04
 14340.  0.38429E-04
 14345.  0.38405E-04
 14350.  0.38381E-04
 14355.  0.38356E-04
 14360.  0.38332E-04
 14365.  0.38308E-04
 14370.  0.38283E-04
 14375.  0.38259E-04
 14380.  0.38235E-04
 14385.  0.38210E-04
 14390.  0.38186E-04
 14395.  0.38162E-04
 14400.  0.38137E-04
 14405.  0.38113E-04
 14410.  0.38089E-04
 14415.  0.38065E-04
 14420.  0.37329E-04
 14425.  0.39286E-04
 14430.  0.38924E-04
 14435.  0.37867E-04
 14440.  0.36975E-04
 14445.  0.35591E-04
 14450.  0.35565E-04
 14455.  0.36187E-04
 14460.  0.36309E-04
 14465.  0.36949E-04
 14470.  0.38795E-04
 14475.  0.38642E-04
 14480.  0.38496E-04
 14485.  0.38678E-04
 14490.  0.37709E-04
 14495.  0.36633E-04
 14500.  0.37822E-04
 14505.  0.39090E-04
 14510.  0.38416E-04
 14515.  0.37036E-04
 14520.  0.37861E-04
 14525.  0.39026E-04
 14530.  0.39517E-04
 14535.  0.39401E-04
 14540.  0.39105E-04
 14545.  0.38733E-04
 14550.  0.38451E-04
 14555.  0.37882E-04
 14560.  0.36993E-04
 14565.  0.36658E-04
 14570.  0.37445E-04
 14575.  0.38392E-04
 14580.  0.39166E-04
 14585.  0.39714E-04
 14590.  0.39750E-04
 14595.  0.39295E-04
 14600.  0.38167E-04
 14605.  0.37082E-04
 14610.  0.36818E-04
 14615.  0.36244E-04
 14620.  0.35098E-04
 14625.  0.36044E-04
 14630.  0.38074E-04
 14635.  0.38172E-04
 14640.  0.37467E-04
 14645.  0.37626E-04
 14650.  0.38109E-04
 14655.  0.38085E-04
 14660.  0.37922E-04
 14665.  0.38720E-04
 14670.  0.39009E-04
 14675.  0.38461E-04
 14680.  0.37055E-04
 14685.  0.35701E-04
 14690.  0.34668E-04
 14695.  0.33583E-04
 14700.  0.33918E-04
 14705.  0.36356E-04
 14710.  0.38139E-04
 14715.  0.39073E-04
 14720.  0.40896E-04
 14725.  0.41212E-04
 14730.  0.41220E-04
 14735.  0.41223E-04
 14740.  0.40338E-04
 14745.  0.38817E-04
 14750.  0.37878E-04
 14755.  0.38183E-04
 14760.  0.38292E-04
 14765.  0.37890E-04
 14770.  0.38484E-04
 14775.  0.39794E-04
 14780.  0.39618E-04
 14785.  0.38691E-04
 14790.  0.37934E-04
 14795.  0.37990E-04
 14800.  0.39202E-04
 14805.  0.39651E-04
 14810.  0.38982E-04
 14815.  0.40080E-04
 14820.  0.40811E-04
 14825.  0.40903E-04
 14830.  0.40650E-04
 14835.  0.40527E-04
 14840.  0.40974E-04
 14845.  0.41468E-04
 14850.  0.41506E-04
 14855.  0.41195E-04
 14860.  0.41268E-04
 14865.  0.41879E-04
 14870.  0.41299E-04
 14875.  0.40076E-04
 14880.  0.39182E-04
 14885.  0.39078E-04
 14890.  0.39716E-04
 14895.  0.40145E-04
 14900.  0.39623E-04
 14905.  0.39121E-04
 14910.  0.39768E-04
 14915.  0.40684E-04
 14920.  0.41432E-04
 14925.  0.41958E-04
 14930.  0.42047E-04
 14935.  0.41920E-04
 14940.  0.41906E-04
 14945.  0.41858E-04
 14950.  0.41880E-04
 14955.  0.42078E-04
 14960.  0.42649E-04
 14965.  0.42662E-04
 14970.  0.42237E-04
 14975.  0.42230E-04
 14980.  0.42644E-04
 14985.  0.43086E-04
 14990.  0.43301E-04
 14995.  0.43053E-04
 15000.  0.42356E-04
 15005.  0.41791E-04
 15010.  0.41238E-04
 15015.  0.40641E-04
 15020.  0.40191E-04
 15025.  0.40038E-04
 15030.  0.40326E-04
 15035.  0.40798E-04
 15040.  0.41406E-04
 15045.  0.41748E-04
 15050.  0.41845E-04
 15055.  0.41950E-04
 15060.  0.42170E-04
 15065.  0.42489E-04
 15070.  0.42586E-04
 15075.  0.42438E-04
 15080.  0.42533E-04
 15085.  0.43199E-04
 15090.  0.43375E-04
 15095.  0.43144E-04
 15100.  0.43082E-04
 15105.  0.43319E-04
 15110.  0.43638E-04
 15115.  0.43529E-04
 15120.  0.42867E-04
 15125.  0.41977E-04
 15130.  0.41431E-04
 15135.  0.41675E-04
 15140.  0.41771E-04
 15145.  0.41782E-04
 15150.  0.42117E-04
 15155.  0.42536E-04
 15160.  0.43001E-04
 15165.  0.43297E-04
 15170.  0.43427E-04
 15175.  0.43388E-04
 15180.  0.43276E-04
 15185.  0.43388E-04
 15190.  0.43720E-04
 15195.  0.44065E-04
 15200.  0.44525E-04
 15205.  0.44816E-04
 15210.  0.44697E-04
 15215.  0.44414E-04
 15220.  0.44368E-04
 15225.  0.44652E-04
 15230.  0.44847E-04
 15235.  0.44695E-04
 15240.  0.44539E-04
 15245.  0.44628E-04
 15250.  0.44596E-04
 15255.  0.44061E-04
 15260.  0.43221E-04
 15265.  0.42590E-04
 15270.  0.42280E-04
 15275.  0.41906E-04
 15280.  0.41748E-04
 15285.  0.42245E-04
 15290.  0.43020E-04
 15295.  0.43924E-04
 15300.  0.44699E-04
 15305.  0.45265E-04
 15310.  0.45362E-04
 15315.  0.45014E-04
 15320.  0.44534E-04
 15325.  0.44227E-04
 15330.  0.44167E-04
 15335.  0.44133E-04
 15340.  0.44155E-04
 15345.  0.44502E-04
 15350.  0.44837E-04
 15355.  0.44937E-04
 15360.  0.44748E-04
 15365.  0.44372E-04
 15370.  0.44022E-04
 15375.  0.43967E-04
 15380.  0.43928E-04
 15385.  0.43777E-04
 15390.  0.43728E-04
 15395.  0.43600E-04
 15400.  0.43359E-04
 15405.  0.43176E-04
 15410.  0.43096E-04
 15415.  0.42730E-04
 15420.  0.42040E-04
 15425.  0.41939E-04
 15430.  0.42528E-04
 15435.  0.43627E-04
 15440.  0.44893E-04
 15445.  0.45871E-04
 15450.  0.46317E-04
 15455.  0.46341E-04
 15460.  0.46298E-04
 15465.  0.46377E-04
 15470.  0.46552E-04
 15475.  0.46717E-04
 15480.  0.46845E-04
 15485.  0.46747E-04
 15490.  0.46358E-04
 15495.  0.45757E-04
 15500.  0.45240E-04
 15505.  0.45063E-04
 15510.  0.45371E-04
 15515.  0.45964E-04
 15520.  0.46390E-04
 15525.  0.46384E-04
 15530.  0.46017E-04
 15535.  0.45652E-04
 15540.  0.45590E-04
 15545.  0.45688E-04
 15550.  0.45452E-04
 15555.  0.44812E-04
 15560.  0.44212E-04
 15565.  0.43660E-04
 15570.  0.43230E-04
 15575.  0.42985E-04
 15580.  0.43089E-04
 15585.  0.43591E-04
 15590.  0.44221E-04
 15595.  0.44782E-04
 15600.  0.45293E-04
 15605.  0.45628E-04
 15610.  0.45821E-04
 15615.  0.45834E-04
 15620.  0.45637E-04
 15625.  0.45410E-04
 15630.  0.45353E-04
 15635.  0.45423E-04
 15640.  0.45401E-04
 15645.  0.45181E-04
 15650.  0.45086E-04
 15655.  0.45339E-04
 15660.  0.45847E-04
 15665.  0.46322E-04
 15670.  0.46613E-04
 15675.  0.46808E-04
 15680.  0.46916E-04
 15685.  0.46950E-04
 15690.  0.46862E-04
 15695.  0.46771E-04
 15700.  0.46702E-04
 15705.  0.46415E-04
 15710.  0.45732E-04
 15715.  0.44887E-04
 15720.  0.44245E-04
 15725.  0.44004E-04
 15730.  0.44056E-04
 15735.  0.44271E-04
 15740.  0.44574E-04
 15745.  0.44838E-04
 15750.  0.44843E-04
 15755.  0.44540E-04
 15760.  0.43796E-04
 15765.  0.42473E-04
 15770.  0.41482E-04
 15775.  0.41084E-04
 15780.  0.41392E-04
 15785.  0.42269E-04
 15790.  0.43218E-04
 15795.  0.44010E-04
 15800.  0.44758E-04
 15805.  0.45395E-04
 15810.  0.45600E-04
 15815.  0.45471E-04
 15820.  0.45305E-04
 15825.  0.45166E-04
 15830.  0.45092E-04
 15835.  0.45230E-04
 15840.  0.45656E-04
 15845.  0.46252E-04
 15850.  0.46896E-04
 15855.  0.47278E-04
 15860.  0.47355E-04
 15865.  0.47427E-04
 15870.  0.47366E-04
 15875.  0.46688E-04
 15880.  0.45175E-04
 15885.  0.43362E-04
 15890.  0.42160E-04
 15895.  0.41933E-04
 15900.  0.42276E-04
 15905.  0.42759E-04
 15910.  0.43461E-04
 15915.  0.44399E-04
 15920.  0.45376E-04
 15925.  0.46143E-04
 15930.  0.46640E-04
 15935.  0.46986E-04
 15940.  0.47266E-04
 15945.  0.47446E-04
 15950.  0.47371E-04
 15955.  0.46989E-04
 15960.  0.46566E-04
 15965.  0.46185E-04
 15970.  0.45551E-04
 15975.  0.44603E-04
 15980.  0.43904E-04
 15985.  0.43807E-04
 15990.  0.44029E-04
 15995.  0.44342E-04
 16000.  0.44574E-04
 16005.  0.44792E-04
 16010.  0.44999E-04
 16015.  0.45184E-04
 16020.  0.45374E-04
 16025.  0.45547E-04
 16030.  0.45605E-04
 16035.  0.45481E-04
 16040.  0.45435E-04
 16045.  0.45300E-04
 16050.  0.44936E-04
 16055.  0.44375E-04
 16060.  0.43833E-04
 16065.  0.43507E-04
 16070.  0.43573E-04
 16075.  0.44271E-04
 16080.  0.45387E-04
 16085.  0.46375E-04
 16090.  0.47008E-04
 16095.  0.47334E-04
 16100.  0.46708E-04
 16105.  0.47128E-04
 16110.  0.47193E-04
 16115.  0.46900E-04
 16120.  0.46436E-04
 16125.  0.46357E-04
 16130.  0.46587E-04
 16135.  0.46961E-04
 16140.  0.47110E-04
 16145.  0.47081E-04
 16150.  0.46944E-04
 16155.  0.46759E-04
 16160.  0.46663E-04
 16165.  0.46607E-04
 16170.  0.46292E-04
 16175.  0.45420E-04
 16180.  0.44236E-04
 16185.  0.42888E-04
 16190.  0.42237E-04
 16195.  0.42021E-04
 16200.  0.42014E-04
 16205.  0.42203E-04
 16210.  0.42549E-04
 16215.  0.42993E-04
 16220.  0.43298E-04
 16225.  0.43532E-04
 16230.  0.43840E-04
 16235.  0.44008E-04
 16240.  0.43846E-04
 16245.  0.43421E-04
 16250.  0.43069E-04
 16255.  0.43089E-04
 16260.  0.43566E-04
 16265.  0.44286E-04
 16270.  0.44976E-04
 16275.  0.45495E-04
 16280.  0.45852E-04
 16285.  0.46072E-04
 16290.  0.46192E-04
 16295.  0.46277E-04
 16300.  0.46217E-04
 16305.  0.45986E-04
 16310.  0.45596E-04
 16315.  0.45326E-04
 16320.  0.45160E-04
 16325.  0.45136E-04
 16330.  0.45130E-04
 16335.  0.45146E-04
 16340.  0.45172E-04
 16345.  0.45076E-04
 16350.  0.44974E-04
 16355.  0.44929E-04
 16360.  0.44806E-04
 16365.  0.44740E-04
 16370.  0.44709E-04
 16375.  0.44652E-04
 16380.  0.44771E-04
 16385.  0.44748E-04
 16390.  0.44168E-04
 16395.  0.43506E-04
 16400.  0.42989E-04
 16405.  0.43126E-04
 16410.  0.43483E-04
 16415.  0.43764E-04
 16420.  0.43757E-04
 16425.  0.43912E-04
 16430.  0.43999E-04
 16435.  0.43783E-04
 16440.  0.43292E-04
 16445.  0.42667E-04
 16450.  0.42425E-04
 16455.  0.42771E-04
 16460.  0.43340E-04
 16465.  0.43636E-04
 16470.  0.43809E-04
 16475.  0.44013E-04
 16480.  0.44337E-04
 16485.  0.44532E-04
 16490.  0.44698E-04
 16495.  0.44926E-04
 16500.  0.45190E-04
 16505.  0.45244E-04
 16510.  0.44880E-04
 16515.  0.44283E-04
 16520.  0.43578E-04
 16525.  0.42895E-04
 16530.  0.42405E-04
 16535.  0.42249E-04
 16540.  0.42466E-04
 16545.  0.42986E-04
 16550.  0.43534E-04
 16555.  0.43848E-04
 16560.  0.44112E-04
 16565.  0.44326E-04
 16570.  0.44403E-04
 16575.  0.44232E-04
 16580.  0.44170E-04
 16585.  0.44216E-04
 16590.  0.44295E-04
 16595.  0.44164E-04
 16600.  0.43758E-04
 16605.  0.43087E-04
 16610.  0.42492E-04
 16615.  0.42069E-04
 16620.  0.41971E-04
 16625.  0.42133E-04
 16630.  0.42433E-04
 16635.  0.42625E-04
 16640.  0.42503E-04
 16645.  0.42183E-04
 16650.  0.41787E-04
 16655.  0.41589E-04
 16660.  0.41636E-04
 16665.  0.41984E-04
 16670.  0.42258E-04
 16675.  0.42456E-04
 16680.  0.42631E-04
 16685.  0.42862E-04
 16690.  0.43042E-04
 16695.  0.43063E-04
 16700.  0.42801E-04
 16705.  0.42530E-04
 16710.  0.42303E-04
 16715.  0.42131E-04
 16720.  0.42038E-04
 16725.  0.42082E-04
 16730.  0.42252E-04
 16735.  0.42342E-04
 16740.  0.42281E-04
 16745.  0.42037E-04
 16750.  0.42033E-04
 16755.  0.42202E-04
 16760.  0.42416E-04
 16765.  0.42666E-04
 16770.  0.43002E-04
 16775.  0.43433E-04
 16780.  0.43824E-04
 16785.  0.44102E-04
 16790.  0.44151E-04
 16795.  0.43951E-04
 16800.  0.43680E-04
 16805.  0.43464E-04
 16810.  0.43382E-04
 16815.  0.43384E-04
 16820.  0.43321E-04
 16825.  0.42971E-04
 16830.  0.42351E-04
 16835.  0.41705E-04
 16840.  0.41612E-04
 16845.  0.41754E-04
 16850.  0.41952E-04
 16855.  0.41890E-04
 16860.  0.41583E-04
 16865.  0.41181E-04
 16870.  0.40983E-04
 16875.  0.40926E-04
 16880.  0.40917E-04
 16885.  0.40845E-04
 16890.  0.40634E-04
 16895.  0.40308E-04
 16900.  0.40027E-04
 16905.  0.40160E-04
 16910.  0.40543E-04
 16915.  0.41009E-04
 16920.  0.41309E-04
 16925.  0.41482E-04
 16930.  0.41641E-04
 16935.  0.41819E-04
 16940.  0.41911E-04
 16945.  0.41846E-04
 16950.  0.41558E-04
 16955.  0.41206E-04
 16960.  0.40975E-04
 16965.  0.41047E-04
 16970.  0.41265E-04
 16975.  0.41432E-04
 16980.  0.41436E-04
 16985.  0.41406E-04
 16990.  0.41329E-04
 16995.  0.41363E-04
 17000.  0.41388E-04
 17005.  0.41346E-04
 17010.  0.41343E-04
 17015.  0.41226E-04
 17020.  0.41118E-04
 17025.  0.41128E-04
 17030.  0.41169E-04
 17035.  0.41181E-04
 17040.  0.41109E-04
 17045.  0.40877E-04
 17050.  0.40533E-04
 17055.  0.40103E-04
 17060.  0.39552E-04
 17065.  0.39079E-04
 17070.  0.38869E-04
 17075.  0.38891E-04
 17080.  0.39041E-04
 17085.  0.39191E-04
 17090.  0.38994E-04
 17095.  0.38537E-04
 17100.  0.37997E-04
 17105.  0.37800E-04
 17110.  0.38038E-04
 17115.  0.38554E-04
 17120.  0.38917E-04
 17125.  0.39115E-04
 17130.  0.39254E-04
 17135.  0.39541E-04
 17140.  0.39971E-04
 17145.  0.40197E-04
 17150.  0.40037E-04
 17155.  0.39918E-04
 17160.  0.39822E-04
 17165.  0.39595E-04
 17170.  0.39351E-04
 17175.  0.39118E-04
 17180.  0.38947E-04
 17185.  0.38832E-04
 17190.  0.38810E-04
 17195.  0.38772E-04
 17200.  0.38527E-04
 17205.  0.38499E-04
 17210.  0.38833E-04
 17215.  0.38813E-04
 17220.  0.38624E-04
 17225.  0.38341E-04
 17230.  0.38228E-04
 17235.  0.38245E-04
 17240.  0.38327E-04
 17245.  0.38521E-04
 17250.  0.38574E-04
 17255.  0.38459E-04
 17260.  0.38506E-04
 17265.  0.38649E-04
 17270.  0.38677E-04
 17275.  0.38510E-04
 17280.  0.38407E-04
 17285.  0.38308E-04
 17290.  0.38172E-04
 17295.  0.38107E-04
 17300.  0.37948E-04
 17305.  0.37478E-04
 17310.  0.36937E-04
 17315.  0.36693E-04
 17320.  0.37018E-04
 17325.  0.37237E-04
 17330.  0.37246E-04
 17335.  0.37210E-04
 17340.  0.37336E-04
 17345.  0.37640E-04
 17350.  0.37991E-04
 17355.  0.38270E-04
 17360.  0.38558E-04
 17365.  0.38862E-04
 17370.  0.38978E-04
 17375.  0.38796E-04
 17380.  0.38415E-04
 17385.  0.38090E-04
 17390.  0.37851E-04
 17395.  0.37584E-04
 17400.  0.37193E-04
 17405.  0.36697E-04
 17410.  0.36360E-04
 17415.  0.36173E-04
 17420.  0.35998E-04
 17425.  0.35877E-04
 17430.  0.36006E-04
 17435.  0.36304E-04
 17440.  0.36510E-04
 17445.  0.36512E-04
 17450.  0.36281E-04
 17455.  0.35863E-04
 17460.  0.35472E-04
 17465.  0.35486E-04
 17470.  0.35624E-04
 17475.  0.35489E-04
 17480.  0.35004E-04
 17485.  0.35306E-04
 17490.  0.34246E-04
 17495.  0.35356E-04
 17500.  0.35081E-04
 17505.  0.34962E-04
 17510.  0.34953E-04
 17515.  0.34840E-04
 17520.  0.34613E-04
 17525.  0.34330E-04
 17530.  0.34044E-04
 17535.  0.33694E-04
 17540.  0.33626E-04
 17545.  0.33485E-04
 17550.  0.33278E-04
 17555.  0.32995E-04
 17560.  0.32899E-04
 17565.  0.32953E-04
 17570.  0.33135E-04
 17575.  0.33142E-04
 17580.  0.33078E-04
 17585.  0.33162E-04
 17590.  0.33212E-04
 17595.  0.33155E-04
 17600.  0.33083E-04
 17605.  0.33187E-04
 17610.  0.33267E-04
 17615.  0.32910E-04
 17620.  0.32865E-04
 17625.  0.32931E-04
 17630.  0.33023E-04
 17635.  0.32824E-04
 17640.  0.32611E-04
 17645.  0.32635E-04
 17650.  0.33071E-04
 17655.  0.33493E-04
 17660.  0.33560E-04
 17665.  0.33130E-04
 17670.  0.32599E-04
 17675.  0.32031E-04
 17680.  0.31643E-04
 17685.  0.31256E-04
 17690.  0.31122E-04
 17695.  0.31154E-04
 17700.  0.31540E-04
 17705.  0.32037E-04
 17710.  0.32138E-04
 17715.  0.31989E-04
 17720.  0.31687E-04
 17725.  0.31583E-04
 17730.  0.31602E-04
 17735.  0.31722E-04
 17740.  0.31534E-04
 17745.  0.31239E-04
 17750.  0.30930E-04
 17755.  0.30770E-04
 17760.  0.30497E-04
 17765.  0.30202E-04
 17770.  0.29785E-04
 17775.  0.29487E-04
 17780.  0.29534E-04
 17785.  0.30314E-04
 17790.  0.30959E-04
 17795.  0.31165E-04
 17800.  0.30649E-04
 17805.  0.30343E-04
 17810.  0.29950E-04
 17815.  0.29647E-04
 17820.  0.29264E-04
 17825.  0.29073E-04
 17830.  0.29139E-04
 17835.  0.29273E-04
 17840.  0.29332E-04
 17845.  0.29052E-04
 17850.  0.28677E-04
 17855.  0.28347E-04
 17860.  0.28070E-04
 17865.  0.28021E-04
 17870.  0.28234E-04
 17875.  0.28724E-04
 17880.  0.29291E-04
 17885.  0.29767E-04
 17890.  0.30022E-04
 17895.  0.29889E-04
 17900.  0.29932E-04
 17905.  0.29726E-04
 17910.  0.29418E-04
 17915.  0.29014E-04
 17920.  0.28430E-04
 17925.  0.27851E-04
 17930.  0.27605E-04
 17935.  0.27765E-04
 17940.  0.28309E-04
 17945.  0.28638E-04
 17950.  0.28669E-04
 17955.  0.28519E-04
 17960.  0.28630E-04
 17965.  0.28728E-04
 17970.  0.28785E-04
 17975.  0.28927E-04
 17980.  0.28877E-04
 17985.  0.28720E-04
 17990.  0.28918E-04
 17995.  0.29337E-04
 18000.  0.29505E-04
 18005.  0.28241E-04
 18010.  0.27064E-04
 18015.  0.26504E-04
 18020.  0.26317E-04
 18025.  0.26434E-04
 18030.  0.26794E-04
 18035.  0.27148E-04
 18040.  0.27183E-04
 18045.  0.27027E-04
 18050.  0.27010E-04
 18055.  0.27032E-04
 18060.  0.26985E-04
 18065.  0.26874E-04
 18070.  0.26974E-04
 18075.  0.27140E-04
 18080.  0.27186E-04
 18085.  0.27417E-04
 18090.  0.27526E-04
 18095.  0.27098E-04
 18100.  0.26928E-04
 18105.  0.26676E-04
 18110.  0.26457E-04
 18115.  0.27093E-04
 18120.  0.27078E-04
 18125.  0.27064E-04
 18130.  0.27049E-04
 18135.  0.27035E-04
 18140.  0.27020E-04
 18145.  0.27006E-04
 18150.  0.26991E-04
 18155.  0.26977E-04
 18160.  0.26962E-04
 18165.  0.26948E-04
 18170.  0.26933E-04
 18175.  0.26919E-04
 18180.  0.26904E-04
 18185.  0.26890E-04
 18190.  0.26875E-04
 18195.  0.26861E-04
 18200.  0.26846E-04
 18205.  0.26832E-04
 18210.  0.26817E-04
 18215.  0.26803E-04
 18220.  0.26788E-04
 18225.  0.26774E-04
 18230.  0.26759E-04
 18235.  0.26745E-04
 18240.  0.26730E-04
 18245.  0.26716E-04
 18250.  0.26701E-04
 18255.  0.26686E-04
 18260.  0.26672E-04
 18265.  0.26657E-04
 18270.  0.26643E-04
 18275.  0.26628E-04
 18280.  0.26614E-04
 18285.  0.26599E-04
 18290.  0.26585E-04
 18295.  0.26570E-04
 18300.  0.26556E-04
 18305.  0.26541E-04
 18310.  0.26527E-04
 18315.  0.26512E-04
 18320.  0.26498E-04
 18325.  0.26483E-04
 18330.  0.26469E-04
 18335.  0.26454E-04
 18340.  0.26440E-04
 18345.  0.26425E-04
 18350.  0.26411E-04
 18355.  0.26396E-04
 18360.  0.26382E-04
 18365.  0.26367E-04
 18370.  0.26353E-04
 18375.  0.26338E-04
 18380.  0.26324E-04
 18385.  0.26309E-04
 18390.  0.26295E-04
 18395.  0.26280E-04
 18400.  0.26266E-04
 18405.  0.26251E-04
 18410.  0.26237E-04
 18415.  0.26222E-04
 18420.  0.26208E-04
 18425.  0.26193E-04
 18430.  0.26179E-04
 18435.  0.26164E-04
 18440.  0.26150E-04
 18445.  0.26135E-04
 18450.  0.26121E-04
 18455.  0.26106E-04
 18460.  0.26092E-04
 18465.  0.26077E-04
 18470.  0.26063E-04
 18475.  0.26048E-04
 18480.  0.26034E-04
 18485.  0.26019E-04
 18490.  0.26005E-04
 18495.  0.25990E-04
 18500.  0.25976E-04
 18505.  0.25961E-04
 18510.  0.25946E-04
 18515.  0.25932E-04
 18520.  0.25917E-04
 18525.  0.25903E-04
 18530.  0.25888E-04
 18535.  0.25874E-04
 18540.  0.25859E-04
 18545.  0.25845E-04
 18550.  0.25830E-04
 18555.  0.25816E-04
 18560.  0.25801E-04
 18565.  0.25787E-04
 18570.  0.25772E-04
 18575.  0.25758E-04
 18580.  0.25743E-04
 18585.  0.25729E-04
 18590.  0.25714E-04
 18595.  0.25700E-04
 18600.  0.25685E-04
 18605.  0.25671E-04
 18610.  0.25656E-04
 18615.  0.25642E-04
 18620.  0.25627E-04
 18625.  0.25613E-04
 18630.  0.25598E-04
 18635.  0.25584E-04
 18640.  0.25569E-04
 18645.  0.25555E-04
 18650.  0.25540E-04
 18655.  0.25526E-04
 18660.  0.25511E-04
 18665.  0.25497E-04
 18670.  0.25482E-04
 18675.  0.25468E-04
 18680.  0.25453E-04
 18685.  0.25439E-04
 18690.  0.25424E-04
 18695.  0.25410E-04
 18700.  0.25395E-04
 18705.  0.25381E-04
 18710.  0.25366E-04
 18715.  0.25352E-04
 18720.  0.25337E-04
 18725.  0.25323E-04
 18730.  0.25308E-04
 18735.  0.25294E-04
 18740.  0.25279E-04
 18745.  0.25265E-04
 18750.  0.25250E-04
 18755.  0.25236E-04
 18760.  0.25221E-04
 18765.  0.25207E-04
 18770.  0.25192E-04
 18775.  0.25177E-04
 18780.  0.25163E-04
 18785.  0.25148E-04
 18790.  0.25134E-04
 18795.  0.25119E-04
 18800.  0.25105E-04
 18805.  0.25090E-04
 18810.  0.25076E-04
 18815.  0.25061E-04
 18820.  0.25047E-04
 18825.  0.25032E-04
 18830.  0.25018E-04
 18835.  0.25003E-04
 18840.  0.24989E-04
 18845.  0.24974E-04
 18850.  0.24960E-04
 18855.  0.24945E-04
 18860.  0.24931E-04
 18865.  0.24916E-04
 18870.  0.24902E-04
 18875.  0.24887E-04
 18880.  0.24873E-04
 18885.  0.24858E-04
 18890.  0.24844E-04
 18895.  0.24829E-04
 18900.  0.24815E-04
 18905.  0.24800E-04
 18910.  0.24786E-04
 18915.  0.24771E-04
 18920.  0.24757E-04
 18925.  0.24742E-04
 18930.  0.24728E-04
 18935.  0.24713E-04
 18940.  0.24699E-04
 18945.  0.24684E-04
 18950.  0.24670E-04
 18955.  0.24655E-04
 18960.  0.24641E-04
 18965.  0.24626E-04
 18970.  0.24612E-04
 18975.  0.24597E-04
 18980.  0.24583E-04
 18985.  0.24568E-04
 18990.  0.24554E-04
 18995.  0.24539E-04
 19000.  0.24525E-04
 19005.  0.24510E-04
 19010.  0.24496E-04
 19015.  0.24481E-04
 19020.  0.24467E-04
 19025.  0.24452E-04
 19030.  0.24437E-04
 19035.  0.24423E-04
 19040.  0.24408E-04
 19045.  0.24394E-04
 19050.  0.24379E-04
 19055.  0.24365E-04
 19060.  0.24350E-04
 19065.  0.24336E-04
 19070.  0.24321E-04
 19075.  0.24307E-04
 19080.  0.24292E-04
 19085.  0.24278E-04
 19090.  0.24263E-04
 19095.  0.24249E-04
 19100.  0.24234E-04
 19105.  0.24220E-04
 19110.  0.24205E-04
 19115.  0.24191E-04
 19120.  0.24176E-04
 19125.  0.24162E-04
 19130.  0.24147E-04
 19135.  0.24133E-04
 19140.  0.24118E-04
 19145.  0.24104E-04
 19150.  0.24089E-04
 19155.  0.24075E-04
 19160.  0.24060E-04
 19165.  0.24046E-04
 19170.  0.24031E-04
 19175.  0.24017E-04
 19180.  0.24002E-04
 19185.  0.23988E-04
 19190.  0.23973E-04
 19195.  0.23959E-04
 19200.  0.23944E-04
 19205.  0.23930E-04
 19210.  0.23915E-04
 19215.  0.23901E-04
 19220.  0.23886E-04
 19225.  0.23872E-04
 19230.  0.23857E-04
 19235.  0.23843E-04
 19240.  0.23828E-04
 19245.  0.23814E-04
 19250.  0.23799E-04
 19255.  0.23785E-04
 19260.  0.23770E-04
 19265.  0.23756E-04
 19270.  0.23741E-04
 19275.  0.23727E-04
 19280.  0.23712E-04
 19285.  0.24223E-04
 19290.  0.25395E-04
 19295.  0.24495E-04
 19300.  0.23368E-04
 19305.  0.22495E-04
 19310.  0.23439E-04
 19315.  0.23841E-04
 19320.  0.23208E-04
 19325.  0.22650E-04
 19330.  0.22858E-04
 19335.  0.23357E-04
 19340.  0.23647E-04
 19345.  0.23268E-04
 19350.  0.22754E-04
 19355.  0.22718E-04
 19360.  0.22612E-04
 19365.  0.22438E-04
 19370.  0.22235E-04
 19375.  0.22107E-04
 19380.  0.21964E-04
 19385.  0.21862E-04
 19390.  0.21977E-04
 19395.  0.21866E-04
 19400.  0.21464E-04
 19405.  0.22846E-04
 19410.  0.23889E-04
 19415.  0.23871E-04
 19420.  0.23085E-04
 19425.  0.22553E-04
 19430.  0.22482E-04
 19435.  0.23143E-04
 19440.  0.24110E-04
 19445.  0.24987E-04
 19450.  0.24875E-04
 19455.  0.24377E-04
 19460.  0.23731E-04
 19465.  0.23304E-04
 19470.  0.22924E-04
 19475.  0.22695E-04
 19480.  0.22765E-04
 19485.  0.22751E-04
 19490.  0.22589E-04
 19495.  0.22249E-04
 19500.  0.22015E-04
 19505.  0.21844E-04
 19510.  0.21670E-04
 19515.  0.21772E-04
 19520.  0.22153E-04
 19525.  0.22766E-04
 19530.  0.23291E-04
 19535.  0.23321E-04
 19540.  0.22845E-04
 19545.  0.22198E-04
 19550.  0.21808E-04
 19555.  0.21687E-04
 19560.  0.21620E-04
 19565.  0.21406E-04
 19570.  0.21088E-04
 19575.  0.21058E-04
 19580.  0.21378E-04
 19585.  0.21866E-04
 19590.  0.21943E-04
 19595.  0.21891E-04
 19600.  0.21723E-04
 19605.  0.21694E-04
 19610.  0.21550E-04
 19615.  0.21293E-04
 19620.  0.20906E-04
 19625.  0.20788E-04
 19630.  0.21025E-04
 19635.  0.21535E-04
 19640.  0.21781E-04
 19645.  0.21867E-04
 19650.  0.22058E-04
 19655.  0.22632E-04
 19660.  0.23213E-04
 19665.  0.23352E-04
 19670.  0.23052E-04
 19675.  0.22652E-04
 19680.  0.22491E-04
 19685.  0.22430E-04
 19690.  0.22362E-04
 19695.  0.22199E-04
 19700.  0.21897E-04
 19705.  0.21787E-04
 19710.  0.21852E-04
 19715.  0.21768E-04
 19720.  0.21530E-04
 19725.  0.21179E-04
 19730.  0.21118E-04
 19735.  0.21128E-04
 19740.  0.21116E-04
 19745.  0.20797E-04
 19750.  0.20615E-04
 19755.  0.20580E-04
 19760.  0.20696E-04
 19765.  0.20629E-04
 19770.  0.20558E-04
 19775.  0.20712E-04
 19780.  0.20941E-04
 19785.  0.21269E-04
 19790.  0.21516E-04
 19795.  0.21634E-04
 19800.  0.21566E-04
 19805.  0.21334E-04
 19810.  0.20948E-04
 19815.  0.20648E-04
 19820.  0.20599E-04
 19825.  0.20722E-04
 19830.  0.20895E-04
 19835.  0.20974E-04
 19840.  0.21015E-04
 19845.  0.21029E-04
 19850.  0.21065E-04
 19855.  0.21146E-04
 19860.  0.21335E-04
 19865.  0.21631E-04
 19870.  0.21920E-04
 19875.  0.21919E-04
 19880.  0.21662E-04
 19885.  0.21280E-04
 19890.  0.20946E-04
 19895.  0.20624E-04
 19900.  0.20403E-04
 19905.  0.20090E-04
 19910.  0.19858E-04
 19915.  0.19762E-04
 19920.  0.19888E-04
 19925.  0.20151E-04
 19930.  0.20432E-04
 19935.  0.20706E-04
 19940.  0.20902E-04
 19945.  0.21029E-04
 19950.  0.21142E-04
 19955.  0.21130E-04
 19960.  0.20946E-04
 19965.  0.20716E-04
 19970.  0.20593E-04
 19975.  0.20664E-04
 19980.  0.20750E-04
 19985.  0.20700E-04
 19990.  0.20522E-04
 19995.  0.20453E-04
 20000.  0.20470E-04
 20005.  0.20665E-04
 20010.  0.20856E-04
 20015.  0.21342E-04
 20020.  0.21824E-04
 20025.  0.22029E-04
 20030.  0.21896E-04
 20035.  0.21749E-04
 20040.  0.21648E-04
 20045.  0.21889E-04
 20050.  0.22400E-04
 20055.  0.22846E-04
 20060.  0.22888E-04
 20065.  0.22645E-04
 20070.  0.22385E-04
 20075.  0.21993E-04
 20080.  0.21429E-04
 20085.  0.20932E-04
 20090.  0.20807E-04
 20095.  0.20920E-04
 20100.  0.21100E-04
 20105.  0.21205E-04
 20110.  0.21359E-04
 20115.  0.21579E-04
 20120.  0.21782E-04
 20125.  0.21937E-04
 20130.  0.22028E-04
 20135.  0.22133E-04
 20140.  0.22178E-04
 20145.  0.22189E-04
 20150.  0.22077E-04
 20155.  0.22057E-04
 20160.  0.22204E-04
 20165.  0.22556E-04
 20170.  0.22622E-04
 20175.  0.22370E-04
 20180.  0.21722E-04
 20185.  0.21186E-04
 20190.  0.20821E-04
 20195.  0.20793E-04
 20200.  0.20958E-04
 20205.  0.21177E-04
 20210.  0.21289E-04
 20215.  0.21426E-04
 20220.  0.21608E-04
 20225.  0.21934E-04
 20230.  0.22281E-04
 20235.  0.22489E-04
 20240.  0.22477E-04
 20245.  0.22337E-04
 20250.  0.22149E-04
 20255.  0.21943E-04
 20260.  0.21803E-04
 20265.  0.21682E-04
 20270.  0.21542E-04
 20275.  0.21387E-04
 20280.  0.21228E-04
 20285.  0.21049E-04
 20290.  0.20924E-04
 20295.  0.20955E-04
 20300.  0.21109E-04
 20305.  0.21346E-04
 20310.  0.21581E-04
 20315.  0.21780E-04
 20320.  0.21818E-04
 20325.  0.21863E-04
 20330.  0.21928E-04
 20335.  0.22049E-04
 20340.  0.22100E-04
 20345.  0.22007E-04
 20350.  0.21824E-04
 20355.  0.21725E-04
 20360.  0.21719E-04
 20365.  0.21776E-04
 20370.  0.21846E-04
 20375.  0.21953E-04
 20380.  0.22035E-04
 20385.  0.22057E-04
 20390.  0.21991E-04
 20395.  0.21942E-04
 20400.  0.21858E-04
 20405.  0.21797E-04
 20410.  0.21779E-04
 20415.  0.21881E-04
 20420.  0.22015E-04
 20425.  0.22046E-04
 20430.  0.21964E-04
 20435.  0.21889E-04
 20440.  0.21860E-04
 20445.  0.21837E-04
 20450.  0.21795E-04
 20455.  0.21782E-04
 20460.  0.21805E-04
 20465.  0.21862E-04
 20470.  0.21958E-04
 20475.  0.22020E-04
 20480.  0.22039E-04
 20485.  0.22035E-04
 20490.  0.22110E-04
 20495.  0.22221E-04
 20500.  0.22331E-04
 20505.  0.22355E-04
 20510.  0.22337E-04
 20515.  0.22344E-04
 20520.  0.22374E-04
 20525.  0.22355E-04
 20530.  0.22248E-04
 20535.  0.22000E-04
 20540.  0.21738E-04
 20545.  0.21546E-04
 20550.  0.21468E-04
 20555.  0.21484E-04
 20560.  0.21607E-04
 20565.  0.21825E-04
 20570.  0.22043E-04
 20575.  0.22246E-04
 20580.  0.22397E-04
 20585.  0.22501E-04
 20590.  0.22544E-04
 20595.  0.22517E-04
 20600.  0.22457E-04
 20605.  0.22440E-04
 20610.  0.22424E-04
 20615.  0.22295E-04
 20620.  0.22050E-04
 20625.  0.21805E-04
 20630.  0.21625E-04
 20635.  0.21606E-04
 20640.  0.21674E-04
 20645.  0.21820E-04
 20650.  0.21911E-04
 20655.  0.21962E-04
 20660.  0.22034E-04
 20665.  0.22191E-04
 20670.  0.22337E-04
 20675.  0.22409E-04
 20680.  0.22380E-04
 20685.  0.22337E-04
 20690.  0.22291E-04
 20695.  0.22263E-04
 20700.  0.22258E-04
 20705.  0.22204E-04
 20710.  0.22106E-04
 20715.  0.22044E-04
 20720.  0.22022E-04
 20725.  0.22003E-04
 20730.  0.21948E-04
 20735.  0.21911E-04
 20740.  0.21925E-04
 20745.  0.21962E-04
 20750.  0.21993E-04
 20755.  0.22006E-04
 20760.  0.22093E-04
 20765.  0.22214E-04
 20770.  0.22319E-04
 20775.  0.22330E-04
 20780.  0.22292E-04
 20785.  0.22247E-04
 20790.  0.22217E-04
 20795.  0.22185E-04
 20800.  0.22156E-04
 20805.  0.22132E-04
 20810.  0.22104E-04
 20815.  0.22070E-04
 20820.  0.22059E-04
 20825.  0.22089E-04
 20830.  0.22105E-04
 20835.  0.22083E-04
 20840.  0.22056E-04
 20845.  0.22047E-04
 20850.  0.22041E-04
 20855.  0.22044E-04
 20860.  0.22042E-04
 20865.  0.22034E-04
 20870.  0.22009E-04
 20875.  0.21968E-04
 20880.  0.21926E-04
 20885.  0.21936E-04
 20890.  0.21983E-04
 20895.  0.22020E-04
 20900.  0.22055E-04
 20905.  0.22114E-04
 20910.  0.22192E-04
 20915.  0.22199E-04
 20920.  0.22138E-04
 20925.  0.22020E-04
 20930.  0.21951E-04
 20935.  0.21937E-04
 20940.  0.21972E-04
 20945.  0.21997E-04
 20950.  0.22021E-04
 20955.  0.22027E-04
 20960.  0.22036E-04
 20965.  0.22031E-04
 20970.  0.22038E-04
 20975.  0.22068E-04
 20980.  0.22086E-04
 20985.  0.22086E-04
 20990.  0.22049E-04
 20995.  0.22009E-04
 21000.  0.21982E-04
 21005.  0.21952E-04
 21010.  0.21897E-04
 21015.  0.21841E-04
 21020.  0.21857E-04
 21025.  0.21936E-04
 21030.  0.22015E-04
 21035.  0.22005E-04
 21040.  0.21960E-04
 21045.  0.21899E-04
 21050.  0.21834E-04
 21055.  0.21777E-04
 21060.  0.21733E-04
 21065.  0.21740E-04
 21070.  0.21787E-04
 21075.  0.21846E-04
 21080.  0.21855E-04
 21085.  0.21859E-04
 21090.  0.21842E-04
 21095.  0.21856E-04
 21100.  0.21878E-04
 21105.  0.21895E-04
 21110.  0.21885E-04
 21115.  0.21893E-04
 21120.  0.21933E-04
 21125.  0.21994E-04
 21130.  0.22004E-04
 21135.  0.21939E-04
 21140.  0.21838E-04
 21145.  0.21732E-04
 21150.  0.21635E-04
 21155.  0.21542E-04
 21160.  0.21483E-04
 21165.  0.21485E-04
 21170.  0.21542E-04
 21175.  0.21615E-04
 21180.  0.21640E-04
 21185.  0.21611E-04
 21190.  0.21539E-04
 21195.  0.21495E-04
 21200.  0.21497E-04
 21205.  0.21553E-04
 21210.  0.21601E-04
 21215.  0.21651E-04
 21220.  0.21675E-04
 21225.  0.21649E-04
 21230.  0.21575E-04
 21235.  0.21457E-04
 21240.  0.21390E-04
 21245.  0.21388E-04
 21250.  0.21452E-04
 21255.  0.21502E-04
 21260.  0.21507E-04
 21265.  0.21431E-04
 21270.  0.21358E-04
 21275.  0.21349E-04
 21280.  0.21372E-04
 21285.  0.21381E-04
 21290.  0.21354E-04
 21295.  0.21343E-04
 21300.  0.21358E-04
 21305.  0.21381E-04
 21310.  0.21350E-04
 21315.  0.21306E-04
 21320.  0.21312E-04
 21325.  0.21366E-04
 21330.  0.21410E-04
 21335.  0.21388E-04
 21340.  0.21317E-04
 21345.  0.21232E-04
 21350.  0.21163E-04
 21355.  0.21109E-04
 21360.  0.21078E-04
 21365.  0.21062E-04
 21370.  0.21060E-04
 21375.  0.21052E-04
 21380.  0.21040E-04
 21385.  0.21028E-04
 21390.  0.21050E-04
 21395.  0.21087E-04
 21400.  0.21096E-04
 21405.  0.21065E-04
 21410.  0.21037E-04
 21415.  0.21022E-04
 21420.  0.21020E-04
 21425.  0.21014E-04
 21430.  0.21002E-04
 21435.  0.20948E-04
 21440.  0.20876E-04
 21445.  0.20807E-04
 21450.  0.20772E-04
 21455.  0.20777E-04
 21460.  0.20790E-04
 21465.  0.20802E-04
 21470.  0.20802E-04
 21475.  0.20804E-04
 21480.  0.20793E-04
 21485.  0.20771E-04
 21490.  0.20753E-04
 21495.  0.20768E-04
 21500.  0.20821E-04
 21505.  0.20867E-04
 21510.  0.20845E-04
 21515.  0.20774E-04
 21520.  0.20712E-04
 21525.  0.20697E-04
 21530.  0.20716E-04
 21535.  0.20743E-04
 21540.  0.20739E-04
 21545.  0.20717E-04
 21550.  0.20696E-04
 21555.  0.20700E-04
 21560.  0.20714E-04
 21565.  0.20743E-04
 21570.  0.20758E-04
 21575.  0.20760E-04
 21580.  0.20738E-04
 21585.  0.20700E-04
 21590.  0.20663E-04
 21595.  0.20645E-04
 21600.  0.20650E-04
 21605.  0.20666E-04
 21610.  0.20666E-04
 21615.  0.20617E-04
 21620.  0.20543E-04
 21625.  0.20498E-04
 21630.  0.20577E-04
 21635.  0.20758E-04
 21640.  0.20959E-04
 21645.  0.21102E-04
 21650.  0.21163E-04
 21655.  0.21141E-04
 21660.  0.21024E-04
 21665.  0.20842E-04
 21670.  0.20588E-04
 21675.  0.20342E-04
 21680.  0.20166E-04
 21685.  0.20138E-04
 21690.  0.20220E-04
 21695.  0.20329E-04
 21700.  0.20385E-04
 21705.  0.20353E-04
 21710.  0.20288E-04
 21715.  0.20238E-04
 21720.  0.20187E-04
 21725.  0.20128E-04
 21730.  0.20058E-04
 21735.  0.19996E-04
 21740.  0.19958E-04
 21745.  0.19942E-04
 21750.  0.19930E-04
 21755.  0.19923E-04
 21760.  0.19927E-04
 21765.  0.19918E-04
 21770.  0.19854E-04
 21775.  0.19753E-04
 21780.  0.19668E-04
 21785.  0.19634E-04
 21790.  0.19594E-04
 21795.  0.19572E-04
 21800.  0.19551E-04
 21805.  0.19519E-04
 21810.  0.19491E-04
 21815.  0.19531E-04
 21820.  0.19624E-04
 21825.  0.19701E-04
 21830.  0.19716E-04
 21835.  0.19710E-04
 21840.  0.19709E-04
 21845.  0.19724E-04
 21850.  0.19686E-04
 21855.  0.19591E-04
 21860.  0.19496E-04
 21865.  0.19458E-04
 21870.  0.19444E-04
 21875.  0.19389E-04
 21880.  0.19329E-04
 21885.  0.19288E-04
 21890.  0.19259E-04
 21895.  0.19252E-04
 21900.  0.19243E-04
 21905.  0.19269E-04
 21910.  0.19317E-04
 21915.  0.19375E-04
 21920.  0.19424E-04
 21925.  0.19426E-04
 21930.  0.19413E-04
 21935.  0.19398E-04
 21940.  0.19415E-04
 21945.  0.19428E-04
 21950.  0.19432E-04
 21955.  0.19375E-04
 21960.  0.19281E-04
 21965.  0.19173E-04
 21970.  0.19144E-04
 21975.  0.19179E-04
 21980.  0.19240E-04
 21985.  0.19244E-04
 21990.  0.19196E-04
 21995.  0.19141E-04
 22000.  0.19057E-04
 22005.  0.18977E-04
 22010.  0.18917E-04
 22015.  0.18924E-04
 22020.  0.18977E-04
 22025.  0.19053E-04
 22030.  0.19099E-04
 22035.  0.19093E-04
 22040.  0.19059E-04
 22045.  0.18989E-04
 22050.  0.18899E-04
 22055.  0.18802E-04
 22060.  0.18737E-04
 22065.  0.18723E-04
 22070.  0.18743E-04
 22075.  0.18765E-04
 22080.  0.18772E-04
 22085.  0.18750E-04
 22090.  0.18744E-04
 22095.  0.18775E-04
 22100.  0.18839E-04
 22105.  0.18880E-04
 22110.  0.18882E-04
 22115.  0.18873E-04
 22120.  0.18872E-04
 22125.  0.18847E-04
 22130.  0.18800E-04
 22135.  0.18742E-04
 22140.  0.18701E-04
 22145.  0.18700E-04
 22150.  0.18739E-04
 22155.  0.18817E-04
 22160.  0.18885E-04
 22165.  0.18930E-04
 22170.  0.18929E-04
 22175.  0.18908E-04
 22180.  0.18866E-04
 22185.  0.18829E-04
 22190.  0.18774E-04
 22195.  0.18709E-04
 22200.  0.18609E-04
 22205.  0.18514E-04
 22210.  0.18482E-04
 22215.  0.18525E-04
 22220.  0.18560E-04
 22225.  0.18520E-04
 22230.  0.18443E-04
 22235.  0.18413E-04
 22240.  0.18419E-04
 22245.  0.18407E-04
 22250.  0.18348E-04
 22255.  0.18279E-04
 22260.  0.18247E-04
 22265.  0.18292E-04
 22270.  0.18333E-04
 22275.  0.18347E-04
 22280.  0.18317E-04
 22285.  0.18311E-04
 22290.  0.18319E-04
 22295.  0.18325E-04
 22300.  0.18310E-04
 22305.  0.18293E-04
 22310.  0.18293E-04
 22315.  0.18304E-04
 22320.  0.18287E-04
 22325.  0.18272E-04
 22330.  0.18271E-04
 22335.  0.18270E-04
 22340.  0.18242E-04
 22345.  0.18198E-04
 22350.  0.18191E-04
 22355.  0.18195E-04
 22360.  0.18168E-04
 22365.  0.18115E-04
 22370.  0.18035E-04
 22375.  0.17952E-04
 22380.  0.17892E-04
 22385.  0.17883E-04
 22390.  0.17941E-04
 22395.  0.18008E-04
 22400.  0.18041E-04
 22405.  0.18004E-04
 22410.  0.17962E-04
 22415.  0.17937E-04
 22420.  0.17796E-04
 22425.  0.17703E-04
 22430.  0.17710E-04
 22435.  0.17722E-04
 22440.  0.17721E-04
 22445.  0.17682E-04
 22450.  0.17662E-04
 22455.  0.17666E-04
 22460.  0.17701E-04
 22465.  0.17740E-04
 22470.  0.17761E-04
 22475.  0.17742E-04
 22480.  0.17695E-04
 22485.  0.17651E-04
 22490.  0.17641E-04
 22495.  0.17648E-04
 22500.  0.17647E-04
 22505.  0.17607E-04
 22510.  0.17570E-04
 22515.  0.17564E-04
 22520.  0.17571E-04
 22525.  0.17550E-04
 22530.  0.17522E-04
 22535.  0.17507E-04
 22540.  0.17507E-04
 22545.  0.17467E-04
 22550.  0.17438E-04
 22555.  0.17415E-04
 22560.  0.17385E-04
 22565.  0.17355E-04
 22570.  0.17370E-04
 22575.  0.17419E-04
 22580.  0.17456E-04
 22585.  0.17444E-04
 22590.  0.17427E-04
 22595.  0.17426E-04
 22600.  0.17426E-04
 22605.  0.17374E-04
 22610.  0.17260E-04
 22615.  0.17126E-04
 22620.  0.17031E-04
 22625.  0.17017E-04
 22630.  0.17032E-04
 22635.  0.17033E-04
 22640.  0.17003E-04
 22645.  0.16985E-04
 22650.  0.16993E-04
 22655.  0.17021E-04
 22660.  0.17034E-04
 22665.  0.17028E-04
 22670.  0.17023E-04
 22675.  0.16999E-04
 22680.  0.16966E-04
 22685.  0.16950E-04
 22690.  0.16958E-04
 22695.  0.16965E-04
 22700.  0.16967E-04
 22705.  0.16971E-04
 22710.  0.16998E-04
 22715.  0.16974E-04
 22720.  0.16948E-04
 22725.  0.16917E-04
 22730.  0.16853E-04
 22735.  0.16828E-04
 22740.  0.16849E-04
 22745.  0.16882E-04
 22750.  0.16866E-04
 22755.  0.16844E-04
 22760.  0.16844E-04
 22765.  0.16890E-04
 22770.  0.16932E-04
 22775.  0.16913E-04
 22780.  0.16834E-04
 22785.  0.16764E-04
 22790.  0.16743E-04
 22795.  0.16723E-04
 22800.  0.16683E-04
 22805.  0.16618E-04
 22810.  0.16554E-04
 22815.  0.16512E-04
 22820.  0.16495E-04
 22825.  0.16466E-04
 22830.  0.16442E-04
 22835.  0.16458E-04
 22840.  0.16564E-04
 22845.  0.16650E-04
 22850.  0.16673E-04
 22855.  0.16613E-04
 22860.  0.16554E-04
 22865.  0.16545E-04
 22870.  0.16582E-04
 22875.  0.16616E-04
 22880.  0.16608E-04
 22885.  0.16578E-04
 22890.  0.16561E-04
 22895.  0.16566E-04
 22900.  0.16552E-04
 22905.  0.16522E-04
 22910.  0.16452E-04
 22915.  0.16263E-04
 22920.  0.15868E-04
 22925.  0.15326E-04
 22930.  0.14695E-04
 22935.  0.14187E-04
 22940.  0.13826E-04
 22945.  0.13667E-04
 22950.  0.13627E-04
 22955.  0.13662E-04
 22960.  0.13705E-04
 22965.  0.13778E-04
 22970.  0.13912E-04
 22975.  0.14100E-04
 22980.  0.14249E-04
 22985.  0.14337E-04
 22990.  0.14407E-04
 22995.  0.14513E-04
 23000.  0.14632E-04
 23005.  0.14727E-04
 23010.  0.14780E-04
 23015.  0.14788E-04
 23020.  0.14779E-04
 23025.  0.14761E-04
 23030.  0.14756E-04
 23035.  0.14757E-04
 23040.  0.14791E-04
 23045.  0.14829E-04
 23050.  0.14872E-04
 23055.  0.14849E-04
 23060.  0.14779E-04
 23065.  0.14691E-04
 23070.  0.14650E-04
 23075.  0.14641E-04
 23080.  0.14661E-04
 23085.  0.14673E-04
 23090.  0.14694E-04
 23095.  0.14730E-04
 23100.  0.14792E-04
 23105.  0.14836E-04
 23110.  0.14852E-04
 23115.  0.14850E-04
 23120.  0.14830E-04
 23125.  0.14822E-04
 23130.  0.14826E-04
 23135.  0.14846E-04
 23140.  0.14839E-04
 23145.  0.14811E-04
 23150.  0.14804E-04
 23155.  0.14856E-04
 23160.  0.14923E-04
 23165.  0.14937E-04
 23170.  0.14828E-04
 23175.  0.14743E-04
 23180.  0.14741E-04
 23185.  0.14797E-04
 23190.  0.14847E-04
 23195.  0.14892E-04
 23200.  0.14877E-04
 23205.  0.14761E-04
 23210.  0.14458E-04
 23215.  0.14037E-04
 23220.  0.13579E-04
 23225.  0.13184E-04
 23230.  0.12915E-04
 23235.  0.12745E-04
 23240.  0.12660E-04
 23245.  0.12651E-04
 23250.  0.12725E-04
 23255.  0.12878E-04
 23260.  0.13058E-04
 23265.  0.13203E-04
 23270.  0.13286E-04
 23275.  0.13343E-04
 23280.  0.13397E-04
 23285.  0.13466E-04
 23290.  0.13494E-04
 23295.  0.13531E-04
 23300.  0.13597E-04
 23305.  0.13709E-04
 23310.  0.13840E-04
 23315.  0.13972E-04
 23320.  0.14061E-04
 23325.  0.14089E-04
 23330.  0.14080E-04
 23335.  0.14104E-04
 23340.  0.14166E-04
 23345.  0.14249E-04
 23350.  0.14280E-04
 23355.  0.14291E-04
 23360.  0.14264E-04
 23365.  0.14226E-04
 23370.  0.14169E-04
 23375.  0.14125E-04
 23380.  0.14112E-04
 23385.  0.14146E-04
 23390.  0.14182E-04
 23395.  0.14218E-04
 23400.  0.14239E-04
 23405.  0.14248E-04
 23410.  0.14216E-04
 23415.  0.14134E-04
 23420.  0.14034E-04
 23425.  0.13936E-04
 23430.  0.13797E-04
 23435.  0.13611E-04
 23440.  0.13364E-04
 23445.  0.13143E-04
 23450.  0.12992E-04
 23455.  0.12923E-04
 23460.  0.12914E-04
 23465.  0.12941E-04
 23470.  0.13016E-04
 23475.  0.13145E-04
 23480.  0.13267E-04
 23485.  0.13370E-04
 23490.  0.13447E-04
 23495.  0.13460E-04
 23500.  0.13383E-04
 23505.  0.13175E-04
 23510.  0.12920E-04
 23515.  0.12629E-04
 23520.  0.12327E-04
 23525.  0.12038E-04
 23530.  0.11832E-04
 23535.  0.11770E-04
 23540.  0.11807E-04
 23545.  0.11893E-04
 23550.  0.11977E-04
 23555.  0.12061E-04
 23560.  0.12142E-04
 23565.  0.12230E-04
 23570.  0.12312E-04
 23575.  0.12395E-04
 23580.  0.12449E-04
 23585.  0.12478E-04
 23590.  0.12476E-04
 23595.  0.12495E-04
 23600.  0.12569E-04
 23605.  0.12659E-04
 23610.  0.12733E-04
 23615.  0.12732E-04
 23620.  0.12633E-04
 23625.  0.12485E-04
 23630.  0.12466E-04
 23635.  0.12546E-04
 23640.  0.12662E-04
 23645.  0.12711E-04
 23650.  0.12725E-04
 23655.  0.12715E-04
 23660.  0.12712E-04
 23665.  0.12761E-04
 23670.  0.12870E-04
 23675.  0.13015E-04
 23680.  0.13149E-04
 23685.  0.13208E-04
 23690.  0.13167E-04
 23695.  0.13154E-04
 23700.  0.13179E-04
 23705.  0.13230E-04
 23710.  0.13135E-04
 23715.  0.12933E-04
 23720.  0.12679E-04
 23725.  0.12488E-04
 23730.  0.12351E-04
 23735.  0.12232E-04
 23740.  0.12119E-04
 23745.  0.12038E-04
 23750.  0.12017E-04
 23755.  0.12095E-04
 23760.  0.12242E-04
 23765.  0.12392E-04
 23770.  0.12441E-04
 23775.  0.12438E-04
 23780.  0.12409E-04
 23785.  0.12385E-04
 23790.  0.12418E-04
 23795.  0.12498E-04
 23800.  0.12592E-04
 23805.  0.12600E-04
 23810.  0.12529E-04
 23815.  0.12330E-04
 23820.  0.12089E-04
 23825.  0.11848E-04
 23830.  0.11666E-04
 23835.  0.11511E-04
 23840.  0.11425E-04
 23845.  0.11394E-04
 23850.  0.11407E-04
 23855.  0.11433E-04
 23860.  0.11472E-04
 23865.  0.11554E-04
 23870.  0.11638E-04
 23875.  0.11671E-04
 23880.  0.11639E-04
 23885.  0.11598E-04
 23890.  0.11591E-04
 23895.  0.11642E-04
 23900.  0.11706E-04
 23905.  0.11797E-04
 23910.  0.11870E-04
 23915.  0.11925E-04
 23920.  0.12012E-04
 23925.  0.12203E-04
 23930.  0.12367E-04
 23935.  0.12384E-04
 23940.  0.12220E-04
 23945.  0.12060E-04
 23950.  0.12011E-04
 23955.  0.12116E-04
 23960.  0.12270E-04
 23965.  0.12371E-04
 23970.  0.12431E-04
 23975.  0.12510E-04
 23980.  0.12599E-04
 23985.  0.12650E-04
 23990.  0.12603E-04
 23995.  0.12528E-04
 24000.  0.12461E-04
 24005.  0.12442E-04
 24010.  0.12420E-04
 24015.  0.12383E-04
 24020.  0.12299E-04
 24025.  0.12151E-04
 24030.  0.11940E-04
 24035.  0.11694E-04
 24040.  0.11518E-04
 24045.  0.11396E-04
 24050.  0.11267E-04
 24055.  0.11160E-04
 24060.  0.11108E-04
 24065.  0.11159E-04
 24070.  0.11283E-04
 24075.  0.11405E-04
 24080.  0.11406E-04
 24085.  0.11444E-04
 24090.  0.11488E-04
 24095.  0.11554E-04
 24100.  0.11546E-04
 24105.  0.11566E-04
 24110.  0.11635E-04
 24115.  0.11611E-04
 24120.  0.11478E-04
 24125.  0.11272E-04
 24130.  0.11097E-04
 24135.  0.10960E-04
 24140.  0.10889E-04
 24145.  0.10922E-04
 24150.  0.10990E-04
 24155.  0.11002E-04
 24160.  0.10886E-04
 24165.  0.10803E-04
 24170.  0.10809E-04
 24175.  0.10867E-04
 24180.  0.10942E-04
 24185.  0.10974E-04
 24190.  0.10977E-04
 24195.  0.10905E-04
 24200.  0.10832E-04
 24205.  0.10803E-04
 24210.  0.10778E-04
 24215.  0.10725E-04
 24220.  0.10669E-04
 24225.  0.10692E-04
 24230.  0.10807E-04
 24235.  0.10974E-04
 24240.  0.11041E-04
 24245.  0.11015E-04
 24250.  0.10951E-04
 24255.  0.10995E-04
 24260.  0.11090E-04
 24265.  0.11159E-04
 24270.  0.11154E-04
 24275.  0.11104E-04
 24280.  0.11060E-04
 24285.  0.11083E-04
 24290.  0.11120E-04
 24295.  0.11110E-04
 24300.  0.11077E-04
 24305.  0.11050E-04
 24310.  0.11046E-04
 24315.  0.11068E-04
 24320.  0.11029E-04
 24325.  0.10933E-04
 24330.  0.10752E-04
 24335.  0.10510E-04
 24340.  0.10264E-04
 24345.  0.10125E-04
 24350.  0.10198E-04
 24355.  0.10351E-04
 24360.  0.10375E-04
 24365.  0.10258E-04
 24370.  0.10132E-04
 24375.  0.10160E-04
 24380.  0.10303E-04
 24385.  0.10427E-04
 24390.  0.10512E-04
 24395.  0.10586E-04
 24400.  0.10671E-04
 24405.  0.10770E-04
 24410.  0.10825E-04
 24415.  0.10815E-04
 24420.  0.10710E-04
 24425.  0.10544E-04
 24430.  0.10357E-04
 24435.  0.10211E-04
 24440.  0.10180E-04
 24445.  0.10226E-04
 24450.  0.10258E-04
 24455.  0.10142E-04
 24460.  0.99728E-05
 24465.  0.98078E-05
 24470.  0.98362E-05
 24475.  0.97575E-05
 24480.  0.96809E-05
 24485.  0.95755E-05
 24490.  0.95309E-05
 24495.  0.96045E-05
 24500.  0.98870E-05
 24505.  0.10195E-04
 24510.  0.10413E-04
 24515.  0.10390E-04
 24520.  0.10186E-04
 24525.  0.98846E-05
 24530.  0.96432E-05
 24535.  0.95659E-05
 24540.  0.95898E-05
 24545.  0.96368E-05
 24550.  0.96858E-05
 24555.  0.97645E-05
 24560.  0.99012E-05
 24565.  0.10104E-04
 24570.  0.10324E-04
 24575.  0.10510E-04
 24580.  0.10590E-04
 24585.  0.10585E-04
 24590.  0.10511E-04
 24595.  0.10289E-04
 24600.  0.10072E-04
 24605.  0.97358E-05
 24610.  0.94398E-05
 24615.  0.93501E-05
 24620.  0.95649E-05
 24625.  0.99761E-05
 24630.  0.10245E-04
 24635.  0.10322E-04
 24640.  0.10273E-04
 24645.  0.10232E-04
 24650.  0.10230E-04
 24655.  0.10242E-04
 24660.  0.10223E-04
 24665.  0.10170E-04
 24670.  0.10094E-04
 24675.  0.99853E-05
 24680.  0.98313E-05
 24685.  0.96238E-05
 24690.  0.94718E-05
 24695.  0.93341E-05
 24700.  0.91785E-05
 24705.  0.91568E-05
 24710.  0.95269E-05
 24715.  0.10295E-04
 24720.  0.10333E-04
 24725.  0.98786E-05
 24730.  0.91461E-05
 24735.  0.89312E-05
 24740.  0.89355E-05
 24745.  0.90369E-05
 24750.  0.91514E-05
 24755.  0.92367E-05
 24760.  0.92892E-05
 24765.  0.92633E-05
 24770.  0.91884E-05
 24775.  0.90948E-05
 24780.  0.90466E-05
 24785.  0.91054E-05
 24790.  0.92365E-05
 24795.  0.93806E-05
 24800.  0.94850E-05
 24805.  0.94054E-05
 24810.  0.90167E-05
 24815.  0.86853E-05
 24820.  0.86700E-05
 24825.  0.90876E-05
 24830.  0.95201E-05
 24835.  0.97629E-05
 24840.  0.97395E-05
 24845.  0.96294E-05
 24850.  0.95179E-05
 24855.  0.94315E-05
 24860.  0.92954E-05
 24865.  0.91357E-05
 24870.  0.89884E-05
 24875.  0.89459E-05
 24880.  0.90147E-05
 24885.  0.90517E-05
 24890.  0.85191E-05
 24895.  0.82321E-05
 24900.  0.76280E-05
