  5100.  0.21201E-07
  5105.  0.23991E-07
  5110.  0.29195E-07
  5115.  0.29807E-07
  5120.  0.27138E-07
  5125.  0.27990E-07
  5130.  0.33374E-07
  5135.  0.37654E-07
  5140.  0.40182E-07
  5145.  0.43738E-07
  5150.  0.47366E-07
  5155.  0.48705E-07
  5160.  0.48917E-07
  5165.  0.49687E-07
  5170.  0.48612E-07
  5175.  0.44910E-07
  5180.  0.41663E-07
  5185.  0.38427E-07
  5190.  0.34758E-07
  5195.  0.31760E-07
  5200.  0.28596E-07
  5205.  0.24591E-07
  5210.  0.20336E-07
  5215.  0.17502E-07
  5220.  0.15111E-07
  5225.  0.13782E-07
  5230.  0.15704E-07
  5235.  0.18928E-07
  5240.  0.19177E-07
  5245.  0.18698E-07
  5250.  0.20782E-07
  5255.  0.23318E-07
  5260.  0.24618E-07
  5265.  0.25888E-07
  5270.  0.26664E-07
  5275.  0.25894E-07
  5280.  0.25368E-07
  5285.  0.26160E-07
  5290.  0.26986E-07
  5295.  0.27410E-07
  5300.  0.28893E-07
  5305.  0.32388E-07
  5310.  0.35629E-07
  5315.  0.36602E-07
  5320.  0.37534E-07
  5325.  0.40007E-07
  5330.  0.41533E-07
  5335.  0.41467E-07
  5340.  0.41598E-07
  5345.  0.42203E-07
  5350.  0.42002E-07
  5355.  0.42017E-07
  5360.  0.43682E-07
  5365.  0.70706E-07
  5370.  0.59283E-07
  5375.  0.58283E-07
  5380.  0.59871E-07
  5385.  0.55110E-07
  5390.  0.64434E-07
  5395.  0.78194E-07
  5400.  0.92690E-07
  5405.  0.10076E-06
  5410.  0.10526E-06
  5415.  0.10767E-06
  5420.  0.10677E-06
  5425.  0.10596E-06
  5430.  0.10814E-06
  5435.  0.11061E-06
  5440.  0.11144E-06
  5445.  0.11209E-06
  5450.  0.11330E-06
  5455.  0.11487E-06
  5460.  0.11638E-06
  5465.  0.11692E-06
  5470.  0.11150E-06
  5475.  0.95284E-07
  5480.  0.79031E-07
  5485.  0.72993E-07
  5490.  0.72310E-07
  5495.  0.70475E-07
  5500.  0.68272E-07
  5505.  0.67228E-07
  5510.  0.66537E-07
  5515.  0.65444E-07
  5520.  0.63337E-07
  5525.  0.61598E-07
  5530.  0.64467E-07
  5535.  0.71462E-07
  5540.  0.77756E-07
  5545.  0.81568E-07
  5550.  0.84129E-07
  5555.  0.86672E-07
  5560.  0.89732E-07
  5565.  0.93008E-07
  5570.  0.95610E-07
  5575.  0.97682E-07
  5580.  0.99853E-07
  5585.  0.99010E-07
  5590.  0.92546E-07
  5595.  0.85333E-07
  5600.  0.80485E-07
  5605.  0.77054E-07
  5610.  0.74084E-07
  5615.  0.70943E-07
  5620.  0.67869E-07
  5625.  0.65563E-07
  5630.  0.62815E-07
  5635.  0.57895E-07
  5640.  0.53857E-07
  5645.  0.55585E-07
  5650.  0.58722E-07
  5655.  0.59586E-07
  5660.  0.61876E-07
  5665.  0.67586E-07
  5670.  0.73410E-07
  5675.  0.77384E-07
  5680.  0.81208E-07
  5685.  0.86140E-07
  5690.  0.91187E-07
  5695.  0.96125E-07
  5700.  0.10103E-06
  5705.  0.10621E-06
  5710.  0.11229E-06
  5715.  0.11838E-06
  5720.  0.12358E-06
  5725.  0.12839E-06
  5730.  0.13286E-06
  5735.  0.13440E-06
  5740.  0.13015E-06
  5745.  0.12357E-06
  5750.  0.11829E-06
  5755.  0.11538E-06
  5760.  0.11445E-06
  5765.  0.11441E-06
  5770.  0.11552E-06
  5775.  0.11731E-06
  5780.  0.12022E-06
  5785.  0.12638E-06
  5790.  0.13483E-06
  5795.  0.14188E-06
  5800.  0.14895E-06
  5805.  0.15886E-06
  5810.  0.16830E-06
  5815.  0.17266E-06
  5820.  0.17363E-06
  5825.  0.17371E-06
  5830.  0.17379E-06
  5835.  0.17381E-06
  5840.  0.17086E-06
  5845.  0.16153E-06
  5850.  0.15035E-06
  5855.  0.13993E-06
  5860.  0.12815E-06
  5865.  0.11300E-06
  5870.  0.96670E-07
  5875.  0.82990E-07
  5880.  0.75992E-07
  5885.  0.72115E-07
  5890.  0.64886E-07
  5895.  0.56220E-07
  5900.  0.49365E-07
  5905.  0.44485E-07
  5910.  0.41633E-07
  5915.  0.42265E-07
  5920.  0.47095E-07
  5925.  0.53255E-07
  5930.  0.57269E-07
  5935.  0.57269E-07
  5940.  0.56706E-07
  5945.  0.60622E-07
  5950.  0.67785E-07
  5955.  0.73811E-07
  5960.  0.78965E-07
  5965.  0.84991E-07
  5970.  0.90267E-07
  5975.  0.93181E-07
  5980.  0.96467E-07
  5985.  0.10265E-06
  5990.  0.10963E-06
  5995.  0.11643E-06
  6000.  0.12444E-06
  6005.  0.13201E-06
  6010.  0.13772E-06
  6015.  0.14336E-06
  6020.  0.14984E-06
  6025.  0.15627E-06
  6030.  0.16193E-06
  6035.  0.16629E-06
  6040.  0.17040E-06
  6045.  0.17519E-06
  6050.  0.17956E-06
  6055.  0.18334E-06
  6060.  0.18753E-06
  6065.  0.19251E-06
  6070.  0.19920E-06
  6075.  0.20565E-06
  6080.  0.20889E-06
  6085.  0.20943E-06
  6090.  0.20929E-06
  6095.  0.21046E-06
  6100.  0.21264E-06
  6105.  0.21430E-06
  6110.  0.21660E-06
  6115.  0.22133E-06
  6120.  0.22920E-06
  6125.  0.23844E-06
  6130.  0.24762E-06
  6135.  0.25559E-06
  6140.  0.26230E-06
  6145.  0.26810E-06
  6150.  0.26677E-06
  6155.  0.25390E-06
  6160.  0.23217E-06
  6165.  0.20766E-06
  6170.  0.18113E-06
  6175.  0.15595E-06
  6180.  0.13492E-06
  6185.  0.11951E-06
  6190.  0.10807E-06
  6195.  0.10007E-06
  6200.  0.95102E-07
  6205.  0.92521E-07
  6210.  0.91490E-07
  6215.  0.91563E-07
  6220.  0.92925E-07
  6225.  0.95556E-07
  6230.  0.98200E-07
  6235.  0.99801E-07
  6240.  0.10084E-06
  6245.  0.10297E-06
  6250.  0.10806E-06
  6255.  0.11625E-06
  6260.  0.12533E-06
  6265.  0.13560E-06
  6270.  0.14648E-06
  6275.  0.15602E-06
  6280.  0.16500E-06
  6285.  0.17603E-06
  6290.  0.18758E-06
  6295.  0.19477E-06
  6300.  0.19868E-06
  6305.  0.20622E-06
  6310.  0.21590E-06
  6315.  0.22239E-06
  6320.  0.22898E-06
  6325.  0.23868E-06
  6330.  0.24839E-06
  6335.  0.25576E-06
  6340.  0.26075E-06
  6345.  0.26462E-06
  6350.  0.26873E-06
  6355.  0.27407E-06
  6360.  0.27864E-06
  6365.  0.28039E-06
  6370.  0.28222E-06
  6375.  0.28691E-06
  6380.  0.29383E-06
  6385.  0.30422E-06
  6390.  0.31937E-06
  6395.  0.33808E-06
  6400.  0.35536E-06
  6405.  0.37139E-06
  6410.  0.38814E-06
  6415.  0.40248E-06
  6420.  0.41186E-06
  6425.  0.41662E-06
  6430.  0.42013E-06
  6435.  0.42526E-06
  6440.  0.43478E-06
  6445.  0.44808E-06
  6450.  0.46461E-06
  6455.  0.48655E-06
  6460.  0.51219E-06
  6465.  0.53721E-06
  6470.  0.55782E-06
  6475.  0.57456E-06
  6480.  0.58895E-06
  6485.  0.60063E-06
  6490.  0.60713E-06
  6495.  0.61083E-06
  6500.  0.61473E-06
  6505.  0.62350E-06
  6510.  0.64142E-06
  6515.  0.66604E-06
  6520.  0.69472E-06
  6525.  0.72235E-06
  6530.  0.74672E-06
  6535.  0.76687E-06
  6540.  0.78369E-06
  6545.  0.79679E-06
  6550.  0.80186E-06
  6555.  0.79680E-06
  6560.  0.78324E-06
  6565.  0.76346E-06
  6570.  0.73878E-06
  6575.  0.71115E-06
  6580.  0.68501E-06
  6585.  0.66185E-06
  6590.  0.64242E-06
  6595.  0.62750E-06
  6600.  0.61609E-06
  6605.  0.60726E-06
  6610.  0.60037E-06
  6615.  0.59746E-06
  6620.  0.59555E-06
  6625.  0.59051E-06
  6630.  0.58363E-06
  6635.  0.57596E-06
  6640.  0.56414E-06
  6645.  0.54453E-06
  6650.  0.51854E-06
  6655.  0.48954E-06
  6660.  0.45855E-06
  6665.  0.42942E-06
  6670.  0.40385E-06
  6675.  0.38056E-06
  6680.  0.36121E-06
  6685.  0.34500E-06
  6690.  0.33464E-06
  6695.  0.32888E-06
  6700.  0.32500E-06
  6705.  0.32110E-06
  6710.  0.31569E-06
  6715.  0.30882E-06
  6720.  0.30293E-06
  6725.  0.29753E-06
  6730.  0.29426E-06
  6735.  0.29557E-06
  6740.  0.30043E-06
  6745.  0.30966E-06
  6750.  0.32460E-06
  6755.  0.34465E-06
  6760.  0.36617E-06
  6765.  0.38839E-06
  6770.  0.41171E-06
  6775.  0.43297E-06
  6780.  0.44853E-06
  6785.  0.45909E-06
  6790.  0.46828E-06
  6795.  0.47664E-06
  6800.  0.48705E-06
  6805.  0.50252E-06
  6810.  0.52375E-06
  6815.  0.54882E-06
  6820.  0.57585E-06
  6825.  0.60326E-06
  6830.  0.62976E-06
  6835.  0.65707E-06
  6840.  0.68451E-06
  6845.  0.71115E-06
  6850.  0.73917E-06
  6855.  0.76934E-06
  6860.  0.79767E-06
  6865.  0.82621E-06
  6870.  0.85946E-06
  6875.  0.89402E-06
  6880.  0.92046E-06
  6885.  0.94299E-06
  6890.  0.97194E-06
  6895.  0.10085E-05
  6900.  0.10521E-05
  6905.  0.10969E-05
  6910.  0.11409E-05
  6915.  0.11819E-05
  6920.  0.12171E-05
  6925.  0.12475E-05
  6930.  0.12787E-05
  6935.  0.13111E-05
  6940.  0.13447E-05
  6945.  0.13768E-05
  6950.  0.14071E-05
  6955.  0.14403E-05
  6960.  0.14778E-05
  6965.  0.15199E-05
  6970.  0.15633E-05
  6975.  0.16041E-05
  6980.  0.16381E-05
  6985.  0.16650E-05
  6990.  0.16846E-05
  6995.  0.16967E-05
  7000.  0.17065E-05
  7005.  0.17194E-05
  7010.  0.17326E-05
  7015.  0.17409E-05
  7020.  0.17448E-05
  7025.  0.17464E-05
  7030.  0.17429E-05
  7035.  0.17282E-05
  7040.  0.16917E-05
  7045.  0.16263E-05
  7050.  0.15243E-05
  7055.  0.13958E-05
  7060.  0.12474E-05
  7065.  0.11024E-05
  7070.  0.97171E-06
  7075.  0.86300E-06
  7080.  0.77557E-06
  7085.  0.71260E-06
  7090.  0.66846E-06
  7095.  0.63606E-06
  7100.  0.61332E-06
  7105.  0.59706E-06
  7110.  0.58612E-06
  7115.  0.57841E-06
  7120.  0.56926E-06
  7125.  0.56176E-06
  7130.  0.55381E-06
  7135.  0.54192E-06
  7140.  0.53167E-06
  7145.  0.52766E-06
  7150.  0.53338E-06
  7155.  0.55232E-06
  7160.  0.58352E-06
  7165.  0.62520E-06
  7170.  0.67167E-06
  7175.  0.72051E-06
  7180.  0.76677E-06
  7185.  0.80657E-06
  7190.  0.83915E-06
  7195.  0.86639E-06
  7200.  0.88634E-06
  7205.  0.90244E-06
  7210.  0.92453E-06
  7215.  0.95830E-06
  7220.  0.10121E-05
  7225.  0.10802E-05
  7230.  0.11523E-05
  7235.  0.12231E-05
  7240.  0.12962E-05
  7245.  0.13696E-05
  7250.  0.14413E-05
  7255.  0.15177E-05
  7260.  0.15981E-05
  7265.  0.16740E-05
  7270.  0.17433E-05
  7275.  0.18123E-05
  7280.  0.18854E-05
  7285.  0.19640E-05
  7290.  0.20566E-05
  7295.  0.21750E-05
  7300.  0.23102E-05
  7305.  0.24516E-05
  7310.  0.25901E-05
  7315.  0.27306E-05
  7320.  0.28584E-05
  7325.  0.29584E-05
  7330.  0.30335E-05
  7335.  0.30823E-05
  7340.  0.30941E-05
  7345.  0.30687E-05
  7350.  0.30182E-05
  7355.  0.29567E-05
  7360.  0.29001E-05
  7365.  0.28558E-05
  7370.  0.28173E-05
  7375.  0.27818E-05
  7380.  0.27559E-05
  7385.  0.27312E-05
  7390.  0.27025E-05
  7395.  0.26697E-05
  7400.  0.26310E-05
  7405.  0.25903E-05
  7410.  0.25527E-05
  7415.  0.25247E-05
  7420.  0.25039E-05
  7425.  0.24839E-05
  7430.  0.24643E-05
  7435.  0.24447E-05
  7440.  0.24300E-05
  7445.  0.24312E-05
  7450.  0.24454E-05
  7455.  0.24659E-05
  7460.  0.24965E-05
  7465.  0.25474E-05
  7470.  0.26138E-05
  7475.  0.26915E-05
  7480.  0.27799E-05
  7485.  0.28798E-05
  7490.  0.29786E-05
  7495.  0.30706E-05
  7500.  0.31555E-05
  7505.  0.32377E-05
  7510.  0.33218E-05
  7515.  0.34115E-05
  7520.  0.35089E-05
  7525.  0.36124E-05
  7530.  0.37233E-05
  7535.  0.38528E-05
  7540.  0.40072E-05
  7545.  0.41616E-05
  7550.  0.43038E-05
  7555.  0.44359E-05
  7560.  0.45576E-05
  7565.  0.46658E-05
  7570.  0.47645E-05
  7575.  0.48611E-05
  7580.  0.49638E-05
  7585.  0.50888E-05
  7590.  0.52149E-05
  7595.  0.52518E-05
  7600.  0.51082E-05
  7605.  0.47185E-05
  7610.  0.41870E-05
  7615.  0.37038E-05
  7620.  0.33457E-05
  7625.  0.31805E-05
  7630.  0.30713E-05
  7635.  0.29903E-05
  7640.  0.29177E-05
  7645.  0.28538E-05
  7650.  0.28082E-05
  7655.  0.27805E-05
  7660.  0.27505E-05
  7665.  0.27134E-05
  7670.  0.26689E-05
  7675.  0.26336E-05
  7680.  0.26153E-05
  7685.  0.26131E-05
  7690.  0.26287E-05
  7695.  0.26570E-05
  7700.  0.26972E-05
  7705.  0.27533E-05
  7710.  0.28268E-05
  7715.  0.29133E-05
  7720.  0.30159E-05
  7725.  0.31192E-05
  7730.  0.32075E-05
  7735.  0.32785E-05
  7740.  0.33320E-05
  7745.  0.33570E-05
  7750.  0.33569E-05
  7755.  0.33575E-05
  7760.  0.33693E-05
  7765.  0.33895E-05
  7770.  0.34227E-05
  7775.  0.34825E-05
  7780.  0.35583E-05
  7785.  0.36406E-05
  7790.  0.37256E-05
  7795.  0.38270E-05
  7800.  0.39489E-05
  7805.  0.40803E-05
  7810.  0.41944E-05
  7815.  0.42853E-05
  7820.  0.43412E-05
  7825.  0.43441E-05
  7830.  0.42954E-05
  7835.  0.42152E-05
  7840.  0.41240E-05
  7845.  0.40211E-05
  7850.  0.39044E-05
  7855.  0.37793E-05
  7860.  0.36587E-05
  7865.  0.35444E-05
  7870.  0.34362E-05
  7875.  0.33414E-05
  7880.  0.32716E-05
  7885.  0.32160E-05
  7890.  0.31686E-05
  7895.  0.31235E-05
  7900.  0.30835E-05
  7905.  0.30408E-05
  7910.  0.29979E-05
  7915.  0.29679E-05
  7920.  0.29567E-05
  7925.  0.29609E-05
  7930.  0.29707E-05
  7935.  0.29919E-05
  7940.  0.30246E-05
  7945.  0.30598E-05
  7950.  0.30873E-05
  7955.  0.31048E-05
  7960.  0.31193E-05
  7965.  0.31287E-05
  7970.  0.31354E-05
  7975.  0.31478E-05
  7980.  0.31695E-05
  7985.  0.31986E-05
  7990.  0.32323E-05
  7995.  0.32852E-05
  8000.  0.33691E-05
  8005.  0.34733E-05
  8010.  0.36038E-05
  8015.  0.37661E-05
  8020.  0.39404E-05
  8025.  0.41088E-05
  8030.  0.42827E-05
  8035.  0.44655E-05
  8040.  0.46608E-05
  8045.  0.48629E-05
  8050.  0.50605E-05
  8055.  0.52689E-05
  8060.  0.55119E-05
  8065.  0.57842E-05
  8070.  0.60752E-05
  8075.  0.63797E-05
  8080.  0.67060E-05
  8085.  0.70631E-05
  8090.  0.74343E-05
  8095.  0.78112E-05
  8100.  0.82155E-05
  8105.  0.86553E-05
  8110.  0.91029E-05
  8115.  0.95678E-05
  8120.  0.10086E-04
  8125.  0.10644E-04
  8130.  0.11203E-04
  8135.  0.11762E-04
  8140.  0.12319E-04
  8145.  0.12851E-04
  8150.  0.13344E-04
  8155.  0.13816E-04
  8160.  0.14276E-04
  8165.  0.14714E-04
  8170.  0.15100E-04
  8175.  0.15402E-04
  8180.  0.15584E-04
  8185.  0.15570E-04
  8190.  0.15304E-04
  8195.  0.14812E-04
  8200.  0.14144E-04
  8205.  0.13487E-04
  8210.  0.12894E-04
  8215.  0.12484E-04
  8220.  0.12220E-04
  8225.  0.12051E-04
  8230.  0.11921E-04
  8235.  0.11853E-04
  8240.  0.11863E-04
  8245.  0.11954E-04
  8250.  0.12044E-04
  8255.  0.12114E-04
  8260.  0.12153E-04
  8265.  0.12098E-04
  8270.  0.11980E-04
  8275.  0.11783E-04
  8280.  0.11522E-04
  8285.  0.11217E-04
  8290.  0.10915E-04
  8295.  0.10641E-04
  8300.  0.10442E-04
  8305.  0.10333E-04
  8310.  0.10315E-04
  8315.  0.10362E-04
  8320.  0.10435E-04
  8325.  0.10508E-04
  8330.  0.10569E-04
  8335.  0.10613E-04
  8340.  0.10663E-04
  8345.  0.10739E-04
  8350.  0.10856E-04
  8355.  0.11006E-04
  8360.  0.11144E-04
  8365.  0.11241E-04
  8370.  0.11315E-04
  8375.  0.11352E-04
  8380.  0.11339E-04
  8385.  0.11279E-04
  8390.  0.11215E-04
  8395.  0.11204E-04
  8400.  0.11252E-04
  8405.  0.11328E-04
  8410.  0.11384E-04
  8415.  0.11375E-04
  8420.  0.11209E-04
  8425.  0.10814E-04
  8430.  0.10235E-04
  8435.  0.94555E-05
  8440.  0.85802E-05
  8445.  0.76918E-05
  8450.  0.69152E-05
  8455.  0.62631E-05
  8460.  0.57686E-05
  8465.  0.54488E-05
  8470.  0.53148E-05
  8475.  0.53051E-05
  8480.  0.53989E-05
  8485.  0.55287E-05
  8490.  0.56690E-05
  8495.  0.58099E-05
  8500.  0.59299E-05
  8505.  0.60205E-05
  8510.  0.60824E-05
  8515.  0.61310E-05
  8520.  0.61715E-05
  8525.  0.62233E-05
  8530.  0.62975E-05
  8535.  0.63986E-05
  8540.  0.65218E-05
  8545.  0.66729E-05
  8550.  0.68409E-05
  8555.  0.70178E-05
  8560.  0.71821E-05
  8565.  0.73127E-05
  8570.  0.74251E-05
  8575.  0.75153E-05
  8580.  0.76029E-05
  8585.  0.76809E-05
  8590.  0.77567E-05
  8595.  0.78553E-05
  8600.  0.79939E-05
  8605.  0.81462E-05
  8610.  0.83045E-05
  8615.  0.84598E-05
  8620.  0.86128E-05
  8625.  0.87559E-05
  8630.  0.88513E-05
  8635.  0.89453E-05
  8640.  0.90375E-05
  8645.  0.90991E-05
  8650.  0.91547E-05
  8655.  0.92308E-05
  8660.  0.92862E-05
  8665.  0.93148E-05
  8670.  0.93447E-05
  8675.  0.93945E-05
  8680.  0.94654E-05
  8685.  0.95860E-05
  8690.  0.97473E-05
  8695.  0.99253E-05
  8700.  0.10119E-04
  8705.  0.10352E-04
  8710.  0.10614E-04
  8715.  0.10876E-04
  8720.  0.11122E-04
  8725.  0.11392E-04
  8730.  0.11674E-04
  8735.  0.11950E-04
  8740.  0.12216E-04
  8745.  0.12464E-04
  8750.  0.12711E-04
  8755.  0.12954E-04
  8760.  0.13188E-04
  8765.  0.13447E-04
  8770.  0.13770E-04
  8775.  0.14117E-04
  8780.  0.14510E-04
  8785.  0.14968E-04
  8790.  0.15463E-04
  8795.  0.15964E-04
  8800.  0.16503E-04
  8805.  0.17053E-04
  8810.  0.17553E-04
  8815.  0.17965E-04
  8820.  0.18342E-04
  8825.  0.18758E-04
  8830.  0.19187E-04
  8835.  0.19606E-04
  8840.  0.19975E-04
  8845.  0.20230E-04
  8850.  0.20269E-04
  8855.  0.19910E-04
  8860.  0.19136E-04
  8865.  0.17968E-04
  8870.  0.16753E-04
  8875.  0.15626E-04
  8880.  0.14762E-04
  8885.  0.14241E-04
  8890.  0.14046E-04
  8895.  0.14170E-04
  8900.  0.14511E-04
  8905.  0.14970E-04
  8910.  0.15460E-04
  8915.  0.15953E-04
  8920.  0.16423E-04
  8925.  0.16855E-04
  8930.  0.17236E-04
  8935.  0.17548E-04
  8940.  0.17715E-04
  8945.  0.17785E-04
  8950.  0.17770E-04
  8955.  0.17740E-04
  8960.  0.17739E-04
  8965.  0.17859E-04
  8970.  0.18149E-04
  8975.  0.18584E-04
  8980.  0.19111E-04
  8985.  0.19669E-04
  8990.  0.20219E-04
  8995.  0.20786E-04
  9000.  0.21357E-04
  9005.  0.21887E-04
  9010.  0.22322E-04
  9015.  0.22618E-04
  9020.  0.22785E-04
  9025.  0.22875E-04
  9030.  0.23043E-04
  9035.  0.23357E-04
  9040.  0.23848E-04
  9045.  0.24546E-04
  9050.  0.25481E-04
  9055.  0.26558E-04
  9060.  0.27565E-04
  9065.  0.28520E-04
  9070.  0.29271E-04
  9075.  0.29790E-04
  9080.  0.30116E-04
  9085.  0.30445E-04
  9090.  0.30863E-04
  9095.  0.31238E-04
  9100.  0.31485E-04
  9105.  0.31743E-04
  9110.  0.32243E-04
  9115.  0.32965E-04
  9120.  0.33734E-04
  9125.  0.34432E-04
  9130.  0.34970E-04
  9135.  0.35184E-04
  9140.  0.35300E-04
  9145.  0.35614E-04
  9150.  0.36020E-04
  9155.  0.36387E-04
  9160.  0.36751E-04
  9165.  0.37135E-04
  9170.  0.37444E-04
  9175.  0.37717E-04
  9180.  0.37989E-04
  9185.  0.38112E-04
  9190.  0.38063E-04
  9195.  0.37877E-04
  9200.  0.37382E-04
  9205.  0.36462E-04
  9210.  0.34964E-04
  9215.  0.33186E-04
  9220.  0.31106E-04
  9225.  0.28992E-04
  9230.  0.27063E-04
  9235.  0.25470E-04
  9240.  0.24161E-04
  9245.  0.23101E-04
  9250.  0.22483E-04
  9255.  0.22286E-04
  9260.  0.22309E-04
  9265.  0.22440E-04
  9270.  0.22679E-04
  9275.  0.22905E-04
  9280.  0.22952E-04
  9285.  0.22679E-04
  9290.  0.22321E-04
  9295.  0.21999E-04
  9300.  0.21805E-04
  9305.  0.21713E-04
  9310.  0.21731E-04
  9315.  0.21885E-04
  9320.  0.21981E-04
  9325.  0.21864E-04
  9330.  0.21577E-04
  9335.  0.21142E-04
  9340.  0.20562E-04
  9345.  0.19911E-04
  9350.  0.19409E-04
  9355.  0.18917E-04
  9360.  0.18670E-04
  9365.  0.18608E-04
  9370.  0.18482E-04
  9375.  0.18178E-04
  9380.  0.17859E-04
  9385.  0.17697E-04
  9390.  0.17762E-04
  9395.  0.18287E-04
  9400.  0.19316E-04
  9405.  0.20527E-04
  9410.  0.21616E-04
  9415.  0.22499E-04
  9420.  0.23306E-04
  9425.  0.23841E-04
  9430.  0.24169E-04
  9435.  0.24318E-04
  9440.  0.24442E-04
  9445.  0.24547E-04
  9450.  0.24445E-04
  9455.  0.24108E-04
  9460.  0.23959E-04
  9465.  0.24161E-04
  9470.  0.24409E-04
  9475.  0.24593E-04
  9480.  0.25027E-04
  9485.  0.25726E-04
  9490.  0.26364E-04
  9495.  0.26769E-04
  9500.  0.27115E-04
  9505.  0.27467E-04
  9510.  0.27649E-04
  9515.  0.27841E-04
  9520.  0.28196E-04
  9525.  0.28420E-04
  9530.  0.28404E-04
  9535.  0.28324E-04
  9540.  0.28376E-04
  9545.  0.28700E-04
  9550.  0.29201E-04
  9555.  0.29574E-04
  9560.  0.29897E-04
  9565.  0.30076E-04
  9570.  0.30057E-04
  9575.  0.29819E-04
  9580.  0.29532E-04
  9585.  0.29117E-04
  9590.  0.28563E-04
  9595.  0.28111E-04
  9600.  0.27734E-04
  9605.  0.27361E-04
  9610.  0.27283E-04
  9615.  0.27578E-04
  9620.  0.28172E-04
  9625.  0.28833E-04
  9630.  0.29432E-04
  9635.  0.29936E-04
  9640.  0.30203E-04
  9645.  0.30336E-04
  9650.  0.30308E-04
  9655.  0.30058E-04
  9660.  0.29750E-04
  9665.  0.29646E-04
  9670.  0.29730E-04
  9675.  0.29894E-04
  9680.  0.30093E-04
  9685.  0.30449E-04
  9690.  0.30964E-04
  9695.  0.31529E-04
  9700.  0.32344E-04
  9705.  0.32978E-04
  9710.  0.33384E-04
  9715.  0.33617E-04
  9720.  0.33707E-04
  9725.  0.32927E-04
  9730.  0.31637E-04
  9735.  0.31616E-04
  9740.  0.32062E-04
  9745.  0.31148E-04
  9750.  0.30133E-04
  9755.  0.30031E-04
  9760.  0.30457E-04
  9765.  0.30901E-04
  9770.  0.31000E-04
  9775.  0.30773E-04
  9780.  0.30664E-04
  9785.  0.31449E-04
  9790.  0.32352E-04
  9795.  0.33242E-04
  9800.  0.33759E-04
  9805.  0.34206E-04
  9810.  0.33521E-04
  9815.  0.32647E-04
  9820.  0.32965E-04
  9825.  0.33333E-04
  9830.  0.33227E-04
  9835.  0.33267E-04
  9840.  0.33641E-04
  9845.  0.34031E-04
  9850.  0.34731E-04
  9855.  0.35541E-04
  9860.  0.36229E-04
  9865.  0.36380E-04
  9870.  0.36712E-04
  9875.  0.37458E-04
  9880.  0.38338E-04
  9885.  0.39411E-04
  9890.  0.40040E-04
  9895.  0.39617E-04
  9900.  0.38921E-04
  9905.  0.38857E-04
  9910.  0.38781E-04
  9915.  0.38598E-04
  9920.  0.38854E-04
  9925.  0.39108E-04
  9930.  0.39446E-04
  9935.  0.40381E-04
  9940.  0.41423E-04
  9945.  0.42044E-04
  9950.  0.42716E-04
  9955.  0.46168E-04
  9960.  0.46986E-04
  9965.  0.48065E-04
  9970.  0.49295E-04
  9975.  0.50757E-04
  9980.  0.51080E-04
  9985.  0.49607E-04
  9990.  0.48907E-04
  9995.  0.49340E-04
 10000.  0.49120E-04
 10005.  0.48787E-04
 10010.  0.49325E-04
 10015.  0.50175E-04
 10020.  0.49191E-04
 10025.  0.46185E-04
 10030.  0.44435E-04
 10035.  0.44319E-04
 10040.  0.45493E-04
 10045.  0.46939E-04
 10050.  0.47674E-04
 10055.  0.48131E-04
 10060.  0.48987E-04
 10065.  0.50408E-04
 10070.  0.51132E-04
 10075.  0.51288E-04
 10080.  0.52471E-04
 10085.  0.53672E-04
 10090.  0.54459E-04
 10095.  0.55662E-04
 10100.  0.56451E-04
 10105.  0.56818E-04
 10110.  0.57320E-04
 10115.  0.57896E-04
 10120.  0.58554E-04
 10125.  0.58861E-04
 10130.  0.57504E-04
 10135.  0.54417E-04
 10140.  0.51468E-04
 10145.  0.50796E-04
 10150.  0.51622E-04
 10155.  0.52758E-04
 10160.  0.53908E-04
 10165.  0.54010E-04
 10170.  0.54271E-04
 10175.  0.55656E-04
 10180.  0.55880E-04
 10185.  0.55626E-04
 10190.  0.56024E-04
 10195.  0.56382E-04
 10200.  0.57025E-04
 10205.  0.59134E-04
 10210.  0.59688E-04
 10215.  0.58996E-04
 10220.  0.59512E-04
 10225.  0.59520E-04
 10230.  0.59241E-04
 10235.  0.59734E-04
 10240.  0.60485E-04
 10245.  0.60588E-04
 10250.  0.59595E-04
 10255.  0.58286E-04
 10260.  0.57300E-04
 10265.  0.57087E-04
 10270.  0.57670E-04
 10275.  0.58166E-04
 10280.  0.58985E-04
 10285.  0.59541E-04
 10290.  0.59814E-04
 10295.  0.60221E-04
 10300.  0.60819E-04
 10305.  0.61296E-04
 10310.  0.62322E-04
 10315.  0.62901E-04
 10320.  0.62993E-04
 10325.  0.62940E-04
 10330.  0.64042E-04
 10335.  0.64583E-04
 10340.  0.63109E-04
 10345.  0.62993E-04
 10350.  0.64638E-04
 10355.  0.66613E-04
 10360.  0.67254E-04
 10365.  0.66770E-04
 10370.  0.66807E-04
 10375.  0.66390E-04
 10380.  0.65897E-04
 10385.  0.66565E-04
 10390.  0.66646E-04
 10395.  0.66358E-04
 10400.  0.67965E-04
 10405.  0.70035E-04
 10410.  0.70829E-04
 10415.  0.69953E-04
 10420.  0.67355E-04
 10425.  0.65677E-04
 10430.  0.66466E-04
 10435.  0.68503E-04
 10440.  0.69552E-04
 10445.  0.69826E-04
 10450.  0.69494E-04
 10455.  0.63974E-04
 10460.  0.54969E-04
 10465.  0.52369E-04
 10470.  0.52516E-04
 10475.  0.47450E-04
 10480.  0.40743E-04
 10485.  0.38144E-04
 10490.  0.39216E-04
 10495.  0.41859E-04
 10500.  0.42954E-04
 10505.  0.40969E-04
 10510.  0.39470E-04
 10515.  0.40439E-04
 10520.  0.40562E-04
 10525.  0.37355E-04
 10530.  0.34466E-04
 10535.  0.35369E-04
 10540.  0.35214E-04
 10545.  0.33738E-04
 10550.  0.33921E-04
 10555.  0.34529E-04
 10560.  0.33532E-04
 10565.  0.32297E-04
 10570.  0.32548E-04
 10575.  0.33069E-04
 10580.  0.32976E-04
 10585.  0.32590E-04
 10590.  0.32633E-04
 10595.  0.33408E-04
 10600.  0.33602E-04
 10605.  0.33247E-04
 10610.  0.34487E-04
 10615.  0.36406E-04
 10620.  0.37754E-04
 10625.  0.39199E-04
 10630.  0.40733E-04
 10635.  0.41648E-04
 10640.  0.42309E-04
 10645.  0.43177E-04
 10650.  0.43588E-04
 10655.  0.42647E-04
 10660.  0.41801E-04
 10665.  0.43383E-04
 10670.  0.45623E-04
 10675.  0.46288E-04
 10680.  0.46309E-04
 10685.  0.46508E-04
 10690.  0.46393E-04
 10695.  0.47010E-04
 10700.  0.48897E-04
 10705.  0.51110E-04
 10710.  0.52299E-04
 10715.  0.52369E-04
 10720.  0.52028E-04
 10725.  0.51483E-04
 10730.  0.51948E-04
 10735.  0.52966E-04
 10740.  0.54307E-04
 10745.  0.56420E-04
 10750.  0.58443E-04
 10755.  0.59691E-04
 10760.  0.60254E-04
 10765.  0.60288E-04
 10770.  0.60069E-04
 10775.  0.60407E-04
 10780.  0.61891E-04
 10785.  0.63736E-04
 10790.  0.64392E-04
 10795.  0.64740E-04
 10800.  0.65503E-04
 10805.  0.66466E-04
 10810.  0.67715E-04
 10815.  0.68288E-04
 10820.  0.68780E-04
 10825.  0.70863E-04
 10830.  0.72682E-04
 10835.  0.73703E-04
 10840.  0.74527E-04
 10845.  0.75462E-04
 10850.  0.76198E-04
 10855.  0.76295E-04
 10860.  0.76593E-04
 10865.  0.76566E-04
 10870.  0.76142E-04
 10875.  0.76617E-04
 10880.  0.76886E-04
 10885.  0.76682E-04
 10890.  0.76677E-04
 10895.  0.76506E-04
 10900.  0.77553E-04
 10905.  0.80013E-04
 10910.  0.81233E-04
 10915.  0.80551E-04
 10920.  0.77960E-04
 10925.  0.76682E-04
 10930.  0.78683E-04
 10935.  0.79985E-04
 10940.  0.79360E-04
 10945.  0.79408E-04
 10950.  0.79366E-04
 10955.  0.77526E-04
 10960.  0.78183E-04
 10965.  0.78080E-04
 10970.  0.75391E-04
 10975.  0.76438E-04
 10980.  0.77805E-04
 10985.  0.75896E-04
 10990.  0.74761E-04
 10995.  0.75110E-04
 11000.  0.74468E-04
 11005.  0.73443E-04
 11010.  0.74356E-04
 11015.  0.75282E-04
 11020.  0.75556E-04
 11025.  0.72505E-04
 11030.  0.63445E-04
 11035.  0.54559E-04
 11040.  0.51608E-04
 11045.  0.51266E-04
 11050.  0.49655E-04
 11055.  0.49324E-04
 11060.  0.51522E-04
 11065.  0.53666E-04
 11070.  0.54304E-04
 11075.  0.54061E-04
 11080.  0.55237E-04
 11085.  0.56412E-04
 11090.  0.55836E-04
 11095.  0.55238E-04
 11100.  0.54479E-04
 11105.  0.54662E-04
 11110.  0.57007E-04
 11115.  0.58402E-04
 11120.  0.57684E-04
 11125.  0.56848E-04
 11130.  0.57079E-04
 11135.  0.59494E-04
 11140.  0.62394E-04
 11145.  0.62618E-04
 11150.  0.62440E-04
 11155.  0.60733E-04
 11160.  0.54969E-04
 11165.  0.54405E-04
 11170.  0.59182E-04
 11175.  0.61503E-04
 11180.  0.61006E-04
 11185.  0.58509E-04
 11190.  0.56196E-04
 11195.  0.57258E-04
 11200.  0.62850E-04
 11205.  0.65374E-04
 11210.  0.61594E-04
 11215.  0.57599E-04
 11220.  0.60420E-04
 11225.  0.67510E-04
 11230.  0.67581E-04
 11235.  0.67399E-04
 11240.  0.69297E-04
 11245.  0.66546E-04
 11250.  0.63449E-04
 11255.  0.66763E-04
 11260.  0.71155E-04
 11265.  0.70508E-04
 11270.  0.66667E-04
 11275.  0.65265E-04
 11280.  0.65739E-04
 11285.  0.66175E-04
 11290.  0.66095E-04
 11295.  0.66859E-04
 11300.  0.68961E-04
 11305.  0.66869E-04
 11310.  0.63590E-04
 11315.  0.63553E-04
 11320.  0.64251E-04
 11325.  0.63035E-04
 11330.  0.59870E-04
 11335.  0.56516E-04
 11340.  0.54885E-04
 11345.  0.62866E-04
 11350.  0.70155E-04
 11355.  0.68202E-04
 11360.  0.67785E-04
 11365.  0.65917E-04
 11370.  0.63337E-04
 11375.  0.64697E-04
 11380.  0.67559E-04
 11385.  0.69808E-04
 11390.  0.68229E-04
 11395.  0.67995E-04
 11400.  0.68728E-04
 11405.  0.67756E-04
 11410.  0.70118E-04
 11415.  0.72267E-04
 11420.  0.71537E-04
 11425.  0.69756E-04
 11430.  0.66685E-04
 11435.  0.63184E-04
 11440.  0.65389E-04
 11445.  0.69375E-04
 11450.  0.70182E-04
 11455.  0.69492E-04
 11460.  0.66875E-04
 11465.  0.67237E-04
 11470.  0.71834E-04
 11475.  0.74044E-04
 11480.  0.72765E-04
 11485.  0.73502E-04
 11490.  0.74358E-04
 11495.  0.73841E-04
 11500.  0.75567E-04
 11505.  0.74885E-04
 11510.  0.74776E-04
 11515.  0.74417E-04
 11520.  0.74058E-04
 11525.  0.75112E-04
 11530.  0.73013E-04
 11535.  0.71073E-04
 11540.  0.74769E-04
 11545.  0.77462E-04
 11550.  0.76693E-04
 11555.  0.75741E-04
 11560.  0.75051E-04
 11565.  0.73731E-04
 11570.  0.73493E-04
 11575.  0.76507E-04
 11580.  0.79341E-04
 11585.  0.78756E-04
 11590.  0.77329E-04
 11595.  0.76660E-04
 11600.  0.76470E-04
 11605.  0.76068E-04
 11610.  0.74912E-04
 11615.  0.74621E-04
 11620.  0.77021E-04
 11625.  0.79461E-04
 11630.  0.78089E-04
 11635.  0.76884E-04
 11640.  0.78093E-04
 11645.  0.78032E-04
 11650.  0.76749E-04
 11655.  0.76671E-04
 11660.  0.77802E-04
 11665.  0.77890E-04
 11670.  0.77581E-04
 11675.  0.75726E-04
 11680.  0.71867E-04
 11685.  0.70265E-04
 11690.  0.71206E-04
 11695.  0.71309E-04
 11700.  0.70841E-04
 11705.  0.70724E-04
 11710.  0.69351E-04
 11715.  0.69721E-04
 11720.  0.72606E-04
 11725.  0.72669E-04
 11730.  0.69534E-04
 11735.  0.68800E-04
 11740.  0.72297E-04
 11745.  0.72784E-04
 11750.  0.70940E-04
 11755.  0.71427E-04
 11760.  0.70594E-04
 11765.  0.65812E-04
 11770.  0.61945E-04
 11775.  0.63591E-04
 11780.  0.65705E-04
 11785.  0.65687E-04
 11790.  0.65310E-04
 11795.  0.66206E-04
 11800.  0.67524E-04
 11805.  0.66794E-04
 11810.  0.63358E-04
 11815.  0.61890E-04
 11820.  0.64790E-04
 11825.  0.66437E-04
 11830.  0.64708E-04
 11835.  0.63228E-04
 11840.  0.62756E-04
 11845.  0.60712E-04
 11850.  0.59639E-04
 11855.  0.61782E-04
 11860.  0.63960E-04
 11865.  0.65274E-04
 11870.  0.65571E-04
 11875.  0.64921E-04
 11880.  0.64465E-04
 11885.  0.65424E-04
 11890.  0.67618E-04
 11895.  0.69583E-04
 11900.  0.70176E-04
 11905.  0.69340E-04
 11910.  0.67698E-04
 11915.  0.66762E-04
 11920.  0.67987E-04
 11925.  0.70231E-04
 11930.  0.71543E-04
 11935.  0.71417E-04
 11940.  0.70222E-04
 11945.  0.68579E-04
 11950.  0.68424E-04
 11955.  0.70030E-04
 11960.  0.71050E-04
 11965.  0.70875E-04
 11970.  0.69826E-04
 11975.  0.69556E-04
 11980.  0.70191E-04
 11985.  0.72071E-04
 11990.  0.75005E-04
 11995.  0.75787E-04
 12000.  0.74069E-04
 12005.  0.72998E-04
 12010.  0.73605E-04
 12015.  0.74764E-04
 12020.  0.75182E-04
 12025.  0.74418E-04
 12030.  0.74107E-04
 12035.  0.75610E-04
 12040.  0.76975E-04
 12045.  0.77092E-04
 12050.  0.79270E-04
 12055.  0.81459E-04
 12060.  0.80519E-04
 12065.  0.78761E-04
 12070.  0.79394E-04
 12075.  0.80631E-04
 12080.  0.80598E-04
 12085.  0.79849E-04
 12090.  0.80332E-04
 12095.  0.82593E-04
 12100.  0.83771E-04
 12105.  0.82447E-04
 12110.  0.80598E-04
 12115.  0.80255E-04
 12120.  0.80894E-04
 12125.  0.81760E-04
 12130.  0.83160E-04
 12135.  0.85146E-04
 12140.  0.86361E-04
 12145.  0.86840E-04
 12150.  0.87373E-04
 12155.  0.87410E-04
 12160.  0.87141E-04
 12165.  0.87639E-04
 12170.  0.88057E-04
 12175.  0.87462E-04
 12180.  0.87284E-04
 12185.  0.87747E-04
 12190.  0.88480E-04
 12195.  0.89108E-04
 12200.  0.89427E-04
 12205.  0.89247E-04
 12210.  0.88879E-04
 12215.  0.88699E-04
 12220.  0.88028E-04
 12225.  0.87861E-04
 12230.  0.88507E-04
 12235.  0.89460E-04
 12240.  0.89491E-04
 12245.  0.87557E-04
 12250.  0.85939E-04
 12255.  0.86049E-04
 12260.  0.86357E-04
 12265.  0.86476E-04
 12270.  0.87369E-04
 12275.  0.88562E-04
 12280.  0.88171E-04
 12285.  0.86733E-04
 12290.  0.86794E-04
 12295.  0.88429E-04
 12300.  0.89710E-04
 12305.  0.89824E-04
 12310.  0.89609E-04
 12315.  0.89312E-04
 12320.  0.89349E-04
 12325.  0.90265E-04
 12330.  0.91089E-04
 12335.  0.90586E-04
 12340.  0.89349E-04
 12345.  0.89706E-04
 12350.  0.91425E-04
 12355.  0.92598E-04
 12360.  0.92423E-04
 12365.  0.92193E-04
 12370.  0.93035E-04
 12375.  0.93960E-04
 12380.  0.94072E-04
 12385.  0.93306E-04
 12390.  0.92730E-04
 12395.  0.93129E-04
 12400.  0.93648E-04
 12405.  0.93606E-04
 12410.  0.92551E-04
 12415.  0.88523E-04
 12420.  0.83461E-04
 12425.  0.80092E-04
 12430.  0.78879E-04
 12435.  0.79210E-04
 12440.  0.80398E-04
 12445.  0.81362E-04
 12450.  0.81272E-04
 12455.  0.81685E-04
 12460.  0.82959E-04
 12465.  0.83817E-04
 12470.  0.84246E-04
 12475.  0.83969E-04
 12480.  0.84328E-04
 12485.  0.85312E-04
 12490.  0.85944E-04
 12495.  0.86802E-04
 12500.  0.87646E-04
 12505.  0.87840E-04
 12510.  0.88223E-04
 12515.  0.87425E-04
 12520.  0.86526E-04
 12525.  0.87857E-04
 12530.  0.89717E-04
 12535.  0.90386E-04
 12540.  0.90949E-04
 12545.  0.91189E-04
 12550.  0.91235E-04
 12555.  0.91457E-04
 12560.  0.89949E-04
 12565.  0.87366E-04
 12570.  0.86251E-04
 12575.  0.86599E-04
 12580.  0.86681E-04
 12585.  0.86565E-04
 12590.  0.86810E-04
 12595.  0.86174E-04
 12600.  0.85981E-04
 12605.  0.87574E-04
 12610.  0.89089E-04
 12615.  0.89702E-04
 12620.  0.90255E-04
 12625.  0.90972E-04
 12630.  0.90302E-04
 12635.  0.88739E-04
 12640.  0.89234E-04
 12645.  0.90311E-04
 12650.  0.90998E-04
 12655.  0.91523E-04
 12660.  0.92042E-04
 12665.  0.92022E-04
 12670.  0.91215E-04
 12675.  0.89908E-04
 12680.  0.89434E-04
 12685.  0.91072E-04
 12690.  0.93566E-04
 12695.  0.94853E-04
 12700.  0.94788E-04
 12705.  0.93799E-04
 12710.  0.92925E-04
 12715.  0.92962E-04
 12720.  0.93717E-04
 12725.  0.93985E-04
 12730.  0.93017E-04
 12735.  0.92018E-04
 12740.  0.92605E-04
 12745.  0.94506E-04
 12750.  0.95393E-04
 12755.  0.96143E-04
 12760.  0.97517E-04
 12765.  0.98328E-04
 12770.  0.98838E-04
 12775.  0.99470E-04
 12780.  0.99121E-04
 12785.  0.99009E-04
 12790.  0.99494E-04
 12795.  0.99021E-04
 12800.  0.98826E-04
 12805.  0.10011E-03
 12810.  0.10229E-03
 12815.  0.10216E-03
 12820.  0.98208E-04
 12825.  0.95611E-04
 12830.  0.96282E-04
 12835.  0.98610E-04
 12840.  0.99602E-04
 12845.  0.10051E-03
 12850.  0.10140E-03
 12855.  0.10025E-03
 12860.  0.98896E-04
 12865.  0.99906E-04
 12870.  0.10064E-03
 12875.  0.98427E-04
 12880.  0.96939E-04
 12885.  0.97953E-04
 12890.  0.99094E-04
 12895.  0.98170E-04
 12900.  0.97275E-04
 12905.  0.97850E-04
 12910.  0.97817E-04
 12915.  0.96424E-04
 12920.  0.96699E-04
 12925.  0.99634E-04
 12930.  0.10135E-03
 12935.  0.10065E-03
 12940.  0.10010E-03
 12945.  0.10058E-03
 12950.  0.10121E-03
 12955.  0.10113E-03
 12960.  0.10034E-03
 12965.  0.10004E-03
 12970.  0.10132E-03
 12975.  0.10213E-03
 12980.  0.10191E-03
 12985.  0.10116E-03
 12990.  0.10139E-03
 12995.  0.10183E-03
 13000.  0.10083E-03
 13005.  0.99065E-04
 13010.  0.99173E-04
 13015.  0.10108E-03
 13020.  0.10232E-03
 13025.  0.10275E-03
 13030.  0.10253E-03
 13035.  0.10221E-03
 13040.  0.10302E-03
 13045.  0.10385E-03
 13050.  0.10385E-03
 13055.  0.10326E-03
 13060.  0.10143E-03
 13065.  0.10063E-03
 13070.  0.10186E-03
 13075.  0.10170E-03
 13080.  0.10184E-03
 13085.  0.10168E-03
 13090.  0.10029E-03
 13095.  0.99524E-04
 13100.  0.10061E-03
 13105.  0.10285E-03
 13110.  0.10415E-03
 13115.  0.10180E-03
 13120.  0.97921E-04
 13125.  0.96823E-04
 13130.  0.98746E-04
 13135.  0.10012E-03
 13140.  0.99206E-04
 13145.  0.97297E-04
 13150.  0.96727E-04
 13155.  0.98874E-04
 13160.  0.10168E-03
 13165.  0.10257E-03
 13170.  0.10157E-03
 13175.  0.98489E-04
 13180.  0.96972E-04
 13185.  0.98506E-04
 13190.  0.10027E-03
 13195.  0.10061E-03
 13200.  0.10039E-03
 13205.  0.99499E-04
 13210.  0.98220E-04
 13215.  0.98106E-04
 13220.  0.97888E-04
 13225.  0.97227E-04
 13230.  0.96531E-04
 13235.  0.96311E-04
 13240.  0.96121E-04
 13245.  0.94173E-04
 13250.  0.92496E-04
 13255.  0.94347E-04
 13260.  0.95078E-04
 13265.  0.94962E-04
 13270.  0.94830E-04
 13275.  0.92212E-04
 13280.  0.89099E-04
 13285.  0.87299E-04
 13290.  0.85571E-04
 13295.  0.84260E-04
 13300.  0.83095E-04
 13305.  0.79629E-04
 13310.  0.73432E-04
 13315.  0.66315E-04
 13320.  0.64516E-04
 13325.  0.67195E-04
 13330.  0.67659E-04
 13335.  0.63331E-04
 13340.  0.55523E-04
 13345.  0.47863E-04
 13350.  0.44576E-04
 13355.  0.46128E-04
 13360.  0.47667E-04
 13365.  0.45403E-04
 13370.  0.43145E-04
 13375.  0.44603E-04
 13380.  0.47766E-04
 13385.  0.51075E-04
 13390.  0.54198E-04
 13395.  0.54164E-04
 13400.  0.52363E-04
 13405.  0.50515E-04
 13410.  0.47074E-04
 13415.  0.43142E-04
 13420.  0.40541E-04
 13425.  0.40090E-04
 13430.  0.41550E-04
 13435.  0.43499E-04
 13440.  0.45175E-04
 13445.  0.46779E-04
 13450.  0.46975E-04
 13455.  0.47266E-04
 13460.  0.46966E-04
 13465.  0.45549E-04
 13470.  0.43089E-04
 13475.  0.41588E-04
 13480.  0.45212E-04
 13485.  0.45103E-04
 13490.  0.44994E-04
 13495.  0.44885E-04
 13500.  0.44776E-04
 13505.  0.44667E-04
 13510.  0.44559E-04
 13515.  0.44450E-04
 13520.  0.44341E-04
 13525.  0.44232E-04
 13530.  0.44123E-04
 13535.  0.44014E-04
 13540.  0.43906E-04
 13545.  0.43797E-04
 13550.  0.43688E-04
 13555.  0.43579E-04
 13560.  0.43470E-04
 13565.  0.43361E-04
 13570.  0.43253E-04
 13575.  0.43144E-04
 13580.  0.43035E-04
 13585.  0.42926E-04
 13590.  0.42817E-04
 13595.  0.42708E-04
 13600.  0.42600E-04
 13605.  0.42491E-04
 13610.  0.42382E-04
 13615.  0.42273E-04
 13620.  0.42164E-04
 13625.  0.42055E-04
 13630.  0.41947E-04
 13635.  0.41838E-04
 13640.  0.41729E-04
 13645.  0.41620E-04
 13650.  0.41511E-04
 13655.  0.41402E-04
 13660.  0.41294E-04
 13665.  0.41185E-04
 13670.  0.41076E-04
 13675.  0.40967E-04
 13680.  0.40858E-04
 13685.  0.40749E-04
 13690.  0.40641E-04
 13695.  0.40532E-04
 13700.  0.40423E-04
 13705.  0.40314E-04
 13710.  0.40205E-04
 13715.  0.40096E-04
 13720.  0.39988E-04
 13725.  0.39879E-04
 13730.  0.39770E-04
 13735.  0.39661E-04
 13740.  0.39552E-04
 13745.  0.39443E-04
 13750.  0.39335E-04
 13755.  0.39226E-04
 13760.  0.39117E-04
 13765.  0.39008E-04
 13770.  0.38899E-04
 13775.  0.38790E-04
 13780.  0.38682E-04
 13785.  0.38573E-04
 13790.  0.38464E-04
 13795.  0.38355E-04
 13800.  0.38246E-04
 13805.  0.38137E-04
 13810.  0.38029E-04
 13815.  0.37920E-04
 13820.  0.37811E-04
 13825.  0.37702E-04
 13830.  0.37593E-04
 13835.  0.37484E-04
 13840.  0.37376E-04
 13845.  0.37267E-04
 13850.  0.37158E-04
 13855.  0.37049E-04
 13860.  0.36940E-04
 13865.  0.36831E-04
 13870.  0.36723E-04
 13875.  0.36614E-04
 13880.  0.36505E-04
 13885.  0.36396E-04
 13890.  0.36287E-04
 13895.  0.36178E-04
 13900.  0.36070E-04
 13905.  0.35961E-04
 13910.  0.35852E-04
 13915.  0.35743E-04
 13920.  0.35634E-04
 13925.  0.35525E-04
 13930.  0.35417E-04
 13935.  0.35308E-04
 13940.  0.35199E-04
 13945.  0.35090E-04
 13950.  0.34981E-04
 13955.  0.34872E-04
 13960.  0.34764E-04
 13965.  0.34655E-04
 13970.  0.34546E-04
 13975.  0.34437E-04
 13980.  0.34328E-04
 13985.  0.34219E-04
 13990.  0.34111E-04
 13995.  0.34002E-04
 14000.  0.33893E-04
 14005.  0.33784E-04
 14010.  0.33675E-04
 14015.  0.33566E-04
 14020.  0.33458E-04
 14025.  0.33349E-04
 14030.  0.33240E-04
 14035.  0.33131E-04
 14040.  0.33022E-04
 14045.  0.32913E-04
 14050.  0.32805E-04
 14055.  0.32696E-04
 14060.  0.32587E-04
 14065.  0.32478E-04
 14070.  0.32369E-04
 14075.  0.32260E-04
 14080.  0.32152E-04
 14085.  0.32043E-04
 14090.  0.31934E-04
 14095.  0.31825E-04
 14100.  0.31716E-04
 14105.  0.31607E-04
 14110.  0.31499E-04
 14115.  0.31390E-04
 14120.  0.34768E-04
 14125.  0.35617E-04
 14130.  0.34039E-04
 14135.  0.32121E-04
 14140.  0.32001E-04
 14145.  0.33250E-04
 14150.  0.35013E-04
 14155.  0.35292E-04
 14160.  0.31964E-04
 14165.  0.29634E-04
 14170.  0.28370E-04
 14175.  0.27304E-04
 14180.  0.25637E-04
 14185.  0.25202E-04
 14190.  0.27330E-04
 14195.  0.31926E-04
 14200.  0.33402E-04
 14205.  0.32446E-04
 14210.  0.31359E-04
 14215.  0.30656E-04
 14220.  0.30566E-04
 14225.  0.31209E-04
 14230.  0.33248E-04
 14235.  0.34515E-04
 14240.  0.33027E-04
 14245.  0.29882E-04
 14250.  0.28146E-04
 14255.  0.29150E-04
 14260.  0.29675E-04
 14265.  0.28595E-04
 14270.  0.26728E-04
 14275.  0.26815E-04
 14280.  0.28967E-04
 14285.  0.31434E-04
 14290.  0.34793E-04
 14295.  0.40476E-04
 14300.  0.44060E-04
 14305.  0.43125E-04
 14310.  0.39182E-04
 14315.  0.34955E-04
 14320.  0.33787E-04
 14325.  0.34471E-04
 14330.  0.33270E-04
 14335.  0.30470E-04
 14340.  0.29803E-04
 14345.  0.31381E-04
 14350.  0.31228E-04
 14355.  0.30270E-04
 14360.  0.29055E-04
 14365.  0.27531E-04
 14370.  0.28935E-04
 14375.  0.35085E-04
 14380.  0.39656E-04
 14385.  0.37704E-04
 14390.  0.34680E-04
 14395.  0.33661E-04
 14400.  0.33163E-04
 14405.  0.31752E-04
 14410.  0.30615E-04
 14415.  0.30601E-04
 14420.  0.32843E-04
 14425.  0.37344E-04
 14430.  0.38800E-04
 14435.  0.35718E-04
 14440.  0.31795E-04
 14445.  0.29004E-04
 14450.  0.29187E-04
 14455.  0.31655E-04
 14460.  0.32736E-04
 14465.  0.32577E-04
 14470.  0.33793E-04
 14475.  0.35485E-04
 14480.  0.37996E-04
 14485.  0.40935E-04
 14490.  0.41140E-04
 14495.  0.37281E-04
 14500.  0.36985E-04
 14505.  0.42145E-04
 14510.  0.45323E-04
 14515.  0.43129E-04
 14520.  0.40496E-04
 14525.  0.38244E-04
 14530.  0.36157E-04
 14535.  0.35483E-04
 14540.  0.36840E-04
 14545.  0.38445E-04
 14550.  0.37846E-04
 14555.  0.35637E-04
 14560.  0.34251E-04
 14565.  0.35523E-04
 14570.  0.39357E-04
 14575.  0.44039E-04
 14580.  0.46311E-04
 14585.  0.46177E-04
 14590.  0.45191E-04
 14595.  0.42769E-04
 14600.  0.38498E-04
 14605.  0.34365E-04
 14610.  0.33012E-04
 14615.  0.34043E-04
 14620.  0.35054E-04
 14625.  0.36338E-04
 14630.  0.39727E-04
 14635.  0.42588E-04
 14640.  0.42987E-04
 14645.  0.43652E-04
 14650.  0.45573E-04
 14655.  0.45741E-04
 14660.  0.42101E-04
 14665.  0.38142E-04
 14670.  0.36434E-04
 14675.  0.34722E-04
 14680.  0.32843E-04
 14685.  0.31696E-04
 14690.  0.31455E-04
 14695.  0.31528E-04
 14700.  0.32287E-04
 14705.  0.34608E-04
 14710.  0.37263E-04
 14715.  0.39141E-04
 14720.  0.42547E-04
 14725.  0.44182E-04
 14730.  0.42356E-04
 14735.  0.39813E-04
 14740.  0.38415E-04
 14745.  0.37777E-04
 14750.  0.36924E-04
 14755.  0.35946E-04
 14760.  0.35493E-04
 14765.  0.35814E-04
 14770.  0.38430E-04
 14775.  0.42898E-04
 14780.  0.45365E-04
 14785.  0.43075E-04
 14790.  0.37692E-04
 14795.  0.34524E-04
 14800.  0.37183E-04
 14805.  0.41673E-04
 14810.  0.42844E-04
 14815.  0.42513E-04
 14820.  0.42561E-04
 14825.  0.43346E-04
 14830.  0.44527E-04
 14835.  0.44690E-04
 14840.  0.43133E-04
 14845.  0.41074E-04
 14850.  0.40809E-04
 14855.  0.42381E-04
 14860.  0.44690E-04
 14865.  0.46481E-04
 14870.  0.45439E-04
 14875.  0.42592E-04
 14880.  0.40524E-04
 14885.  0.40491E-04
 14890.  0.41826E-04
 14895.  0.43200E-04
 14900.  0.44069E-04
 14905.  0.44512E-04
 14910.  0.44266E-04
 14915.  0.43512E-04
 14920.  0.43202E-04
 14925.  0.43316E-04
 14930.  0.43257E-04
 14935.  0.43125E-04
 14940.  0.43639E-04
 14945.  0.44734E-04
 14950.  0.45747E-04
 14955.  0.46107E-04
 14960.  0.46820E-04
 14965.  0.47722E-04
 14970.  0.48169E-04
 14975.  0.48456E-04
 14980.  0.48623E-04
 14985.  0.48048E-04
 14990.  0.46963E-04
 14995.  0.46331E-04
 15000.  0.45675E-04
 15005.  0.44886E-04
 15010.  0.43676E-04
 15015.  0.42538E-04
 15020.  0.42795E-04
 15025.  0.43914E-04
 15030.  0.44698E-04
 15035.  0.45316E-04
 15040.  0.46446E-04
 15045.  0.46574E-04
 15050.  0.45883E-04
 15055.  0.45973E-04
 15060.  0.46558E-04
 15065.  0.46520E-04
 15070.  0.45622E-04
 15075.  0.44648E-04
 15080.  0.45302E-04
 15085.  0.48117E-04
 15090.  0.50279E-04
 15095.  0.49831E-04
 15100.  0.48196E-04
 15105.  0.47887E-04
 15110.  0.49124E-04
 15115.  0.50075E-04
 15120.  0.48923E-04
 15125.  0.46084E-04
 15130.  0.44647E-04
 15135.  0.47135E-04
 15140.  0.51142E-04
 15145.  0.53322E-04
 15150.  0.54320E-04
 15155.  0.53890E-04
 15160.  0.51450E-04
 15165.  0.48529E-04
 15170.  0.47475E-04
 15175.  0.48641E-04
 15180.  0.50359E-04
 15185.  0.51342E-04
 15190.  0.51856E-04
 15195.  0.52534E-04
 15200.  0.53903E-04
 15205.  0.55439E-04
 15210.  0.55692E-04
 15215.  0.54866E-04
 15220.  0.54710E-04
 15225.  0.56119E-04
 15230.  0.57348E-04
 15235.  0.55915E-04
 15240.  0.52901E-04
 15245.  0.51542E-04
 15250.  0.51463E-04
 15255.  0.51173E-04
 15260.  0.50413E-04
 15265.  0.50007E-04
 15270.  0.50377E-04
 15275.  0.51173E-04
 15280.  0.52601E-04
 15285.  0.54887E-04
 15290.  0.56994E-04
 15295.  0.58531E-04
 15300.  0.59463E-04
 15305.  0.59309E-04
 15310.  0.57434E-04
 15315.  0.54544E-04
 15320.  0.53021E-04
 15325.  0.54848E-04
 15330.  0.58889E-04
 15335.  0.61782E-04
 15340.  0.61981E-04
 15345.  0.60968E-04
 15350.  0.60352E-04
 15355.  0.60330E-04
 15360.  0.59885E-04
 15365.  0.58127E-04
 15370.  0.55560E-04
 15375.  0.54245E-04
 15380.  0.55521E-04
 15385.  0.57313E-04
 15390.  0.57958E-04
 15395.  0.57483E-04
 15400.  0.56846E-04
 15405.  0.57434E-04
 15410.  0.59078E-04
 15415.  0.59094E-04
 15420.  0.56153E-04
 15425.  0.53950E-04
 15430.  0.54266E-04
 15435.  0.57350E-04
 15440.  0.62096E-04
 15445.  0.66406E-04
 15450.  0.68534E-04
 15455.  0.67981E-04
 15460.  0.65713E-04
 15465.  0.63592E-04
 15470.  0.63230E-04
 15475.  0.64316E-04
 15480.  0.66244E-04
 15485.  0.67499E-04
 15490.  0.67370E-04
 15495.  0.65416E-04
 15500.  0.62600E-04
 15505.  0.61711E-04
 15510.  0.64213E-04
 15515.  0.67654E-04
 15520.  0.69776E-04
 15525.  0.70144E-04
 15530.  0.68980E-04
 15535.  0.67222E-04
 15540.  0.66468E-04
 15545.  0.66998E-04
 15550.  0.67477E-04
 15555.  0.66997E-04
 15560.  0.65739E-04
 15565.  0.63450E-04
 15570.  0.60155E-04
 15575.  0.57417E-04
 15580.  0.57039E-04
 15585.  0.58842E-04
 15590.  0.60905E-04
 15595.  0.61937E-04
 15600.  0.62596E-04
 15605.  0.64179E-04
 15610.  0.66574E-04
 15615.  0.68239E-04
 15620.  0.68290E-04
 15625.  0.67672E-04
 15630.  0.68009E-04
 15635.  0.68922E-04
 15640.  0.68373E-04
 15645.  0.65717E-04
 15650.  0.63687E-04
 15655.  0.65295E-04
 15660.  0.70403E-04
 15665.  0.75514E-04
 15670.  0.77756E-04
 15675.  0.77435E-04
 15680.  0.76006E-04
 15685.  0.74710E-04
 15690.  0.74081E-04
 15695.  0.74270E-04
 15700.  0.75125E-04
 15705.  0.75671E-04
 15710.  0.74781E-04
 15715.  0.72698E-04
 15720.  0.71191E-04
 15725.  0.71754E-04
 15730.  0.74351E-04
 15735.  0.77726E-04
 15740.  0.80241E-04
 15745.  0.80296E-04
 15750.  0.78584E-04
 15755.  0.76138E-04
 15760.  0.74112E-04
 15765.  0.72761E-04
 15770.  0.70509E-04
 15775.  0.66889E-04
 15780.  0.64579E-04
 15785.  0.65446E-04
 15790.  0.68061E-04
 15795.  0.69973E-04
 15800.  0.71067E-04
 15805.  0.72433E-04
 15810.  0.73911E-04
 15815.  0.75079E-04
 15820.  0.75725E-04
 15825.  0.75489E-04
 15830.  0.74669E-04
 15835.  0.74222E-04
 15840.  0.74766E-04
 15845.  0.76371E-04
 15850.  0.79008E-04
 15855.  0.81066E-04
 15860.  0.81655E-04
 15865.  0.82124E-04
 15870.  0.82913E-04
 15875.  0.82807E-04
 15880.  0.80474E-04
 15885.  0.76269E-04
 15890.  0.72723E-04
 15895.  0.72722E-04
 15900.  0.75970E-04
 15905.  0.78762E-04
 15910.  0.79278E-04
 15915.  0.78862E-04
 15920.  0.79052E-04
 15925.  0.80232E-04
 15930.  0.81989E-04
 15935.  0.83770E-04
 15940.  0.84852E-04
 15945.  0.85757E-04
 15950.  0.86358E-04
 15955.  0.85885E-04
 15960.  0.84429E-04
 15965.  0.82675E-04
 15970.  0.80685E-04
 15975.  0.78096E-04
 15980.  0.75450E-04
 15985.  0.74570E-04
 15990.  0.76270E-04
 15995.  0.78866E-04
 16000.  0.80929E-04
 16005.  0.82043E-04
 16010.  0.82027E-04
 16015.  0.81520E-04
 16020.  0.81636E-04
 16025.  0.82722E-04
 16030.  0.83491E-04
 16035.  0.83373E-04
 16040.  0.83471E-04
 16045.  0.83656E-04
 16050.  0.83476E-04
 16055.  0.82797E-04
 16060.  0.81842E-04
 16065.  0.81179E-04
 16070.  0.81752E-04
 16075.  0.84173E-04
 16080.  0.87643E-04
 16085.  0.90454E-04
 16090.  0.91747E-04
 16095.  0.92079E-04
 16100.  0.91702E-04
 16105.  0.93012E-04
 16110.  0.93171E-04
 16115.  0.91315E-04
 16120.  0.88085E-04
 16125.  0.85998E-04
 16130.  0.86413E-04
 16135.  0.88730E-04
 16140.  0.90532E-04
 16145.  0.90555E-04
 16150.  0.89801E-04
 16155.  0.90267E-04
 16160.  0.92123E-04
 16165.  0.94467E-04
 16170.  0.95472E-04
 16175.  0.93322E-04
 16180.  0.87953E-04
 16185.  0.80702E-04
 16190.  0.76153E-04
 16195.  0.74838E-04
 16200.  0.75883E-04
 16205.  0.77653E-04
 16210.  0.80071E-04
 16215.  0.82677E-04
 16220.  0.83922E-04
 16225.  0.84548E-04
 16230.  0.85503E-04
 16235.  0.86208E-04
 16240.  0.85089E-04
 16245.  0.82140E-04
 16250.  0.80071E-04
 16255.  0.80823E-04
 16260.  0.84388E-04
 16265.  0.88394E-04
 16270.  0.91280E-04
 16275.  0.92666E-04
 16280.  0.92797E-04
 16285.  0.92689E-04
 16290.  0.92716E-04
 16295.  0.92373E-04
 16300.  0.91242E-04
 16305.  0.89963E-04
 16310.  0.89263E-04
 16315.  0.89285E-04
 16320.  0.90154E-04
 16325.  0.91865E-04
 16330.  0.92623E-04
 16335.  0.91912E-04
 16340.  0.89832E-04
 16345.  0.88261E-04
 16350.  0.87862E-04
 16355.  0.88821E-04
 16360.  0.90810E-04
 16365.  0.93269E-04
 16370.  0.95558E-04
 16375.  0.96726E-04
 16380.  0.96622E-04
 16385.  0.95244E-04
 16390.  0.92571E-04
 16395.  0.89568E-04
 16400.  0.87395E-04
 16405.  0.87127E-04
 16410.  0.87955E-04
 16415.  0.89386E-04
 16420.  0.90702E-04
 16425.  0.91313E-04
 16430.  0.90631E-04
 16435.  0.89100E-04
 16440.  0.87118E-04
 16445.  0.85433E-04
 16450.  0.85257E-04
 16455.  0.87178E-04
 16460.  0.89672E-04
 16465.  0.90866E-04
 16470.  0.90553E-04
 16475.  0.90184E-04
 16480.  0.90939E-04
 16485.  0.91432E-04
 16490.  0.91394E-04
 16495.  0.91607E-04
 16500.  0.93380E-04
 16505.  0.95615E-04
 16510.  0.96050E-04
 16515.  0.93630E-04
 16520.  0.90152E-04
 16525.  0.87451E-04
 16530.  0.86607E-04
 16535.  0.87087E-04
 16540.  0.88271E-04
 16545.  0.89941E-04
 16550.  0.92054E-04
 16555.  0.94091E-04
 16560.  0.95561E-04
 16565.  0.95760E-04
 16570.  0.94780E-04
 16575.  0.93370E-04
 16580.  0.92380E-04
 16585.  0.92304E-04
 16590.  0.92812E-04
 16595.  0.92689E-04
 16600.  0.91441E-04
 16605.  0.88789E-04
 16610.  0.85387E-04
 16615.  0.83079E-04
 16620.  0.83526E-04
 16625.  0.85848E-04
 16630.  0.88408E-04
 16635.  0.90007E-04
 16640.  0.90468E-04
 16645.  0.89876E-04
 16650.  0.88694E-04
 16655.  0.87577E-04
 16660.  0.87371E-04
 16665.  0.88454E-04
 16670.  0.90091E-04
 16675.  0.91562E-04
 16680.  0.92123E-04
 16685.  0.91676E-04
 16690.  0.92141E-04
 16695.  0.93428E-04
 16700.  0.93422E-04
 16705.  0.91610E-04
 16710.  0.89841E-04
 16715.  0.89329E-04
 16720.  0.89512E-04
 16725.  0.90757E-04
 16730.  0.93003E-04
 16735.  0.93846E-04
 16740.  0.92744E-04
 16745.  0.91344E-04
 16750.  0.90933E-04
 16755.  0.91674E-04
 16760.  0.93226E-04
 16765.  0.95531E-04
 16770.  0.97739E-04
 16775.  0.99254E-04
 16780.  0.10025E-03
 16785.  0.10082E-03
 16790.  0.10085E-03
 16795.  0.10072E-03
 16800.  0.10113E-03
 16805.  0.10156E-03
 16810.  0.10056E-03
 16815.  0.98923E-04
 16820.  0.97590E-04
 16825.  0.96551E-04
 16830.  0.93574E-04
 16835.  0.88846E-04
 16840.  0.86454E-04
 16845.  0.87604E-04
 16850.  0.90061E-04
 16855.  0.89903E-04
 16860.  0.87758E-04
 16865.  0.85631E-04
 16870.  0.85147E-04
 16875.  0.84568E-04
 16880.  0.83641E-04
 16885.  0.83433E-04
 16890.  0.84333E-04
 16895.  0.84882E-04
 16900.  0.84307E-04
 16905.  0.84214E-04
 16910.  0.85202E-04
 16915.  0.87311E-04
 16920.  0.89367E-04
 16925.  0.90576E-04
 16930.  0.90837E-04
 16935.  0.90807E-04
 16940.  0.90966E-04
 16945.  0.91044E-04
 16950.  0.90324E-04
 16955.  0.88707E-04
 16960.  0.86713E-04
 16965.  0.85530E-04
 16970.  0.86113E-04
 16975.  0.87944E-04
 16980.  0.89027E-04
 16985.  0.88576E-04
 16990.  0.87523E-04
 16995.  0.86885E-04
 17000.  0.86394E-04
 17005.  0.86853E-04
 17010.  0.88877E-04
 17015.  0.91031E-04
 17020.  0.91990E-04
 17025.  0.90772E-04
 17030.  0.88796E-04
 17035.  0.87671E-04
 17040.  0.87624E-04
 17045.  0.87089E-04
 17050.  0.85734E-04
 17055.  0.83759E-04
 17060.  0.81419E-04
 17065.  0.79023E-04
 17070.  0.77271E-04
 17075.  0.76520E-04
 17080.  0.77185E-04
 17085.  0.79347E-04
 17090.  0.81096E-04
 17095.  0.79719E-04
 17100.  0.75581E-04
 17105.  0.72438E-04
 17110.  0.72378E-04
 17115.  0.75131E-04
 17120.  0.78684E-04
 17125.  0.81143E-04
 17130.  0.81520E-04
 17135.  0.80076E-04
 17140.  0.79426E-04
 17145.  0.79880E-04
 17150.  0.80555E-04
 17155.  0.80366E-04
 17160.  0.79206E-04
 17165.  0.77384E-04
 17170.  0.74932E-04
 17175.  0.72413E-04
 17180.  0.70726E-04
 17185.  0.70060E-04
 17190.  0.71095E-04
 17195.  0.73444E-04
 17200.  0.74738E-04
 17205.  0.75167E-04
 17210.  0.75832E-04
 17215.  0.76733E-04
 17220.  0.75052E-04
 17225.  0.71488E-04
 17230.  0.70004E-04
 17235.  0.70795E-04
 17240.  0.72936E-04
 17245.  0.74766E-04
 17250.  0.75345E-04
 17255.  0.73958E-04
 17260.  0.70931E-04
 17265.  0.69969E-04
 17270.  0.71580E-04
 17275.  0.73315E-04
 17280.  0.72693E-04
 17285.  0.70671E-04
 17290.  0.69878E-04
 17295.  0.70968E-04
 17300.  0.71917E-04
 17305.  0.69825E-04
 17310.  0.65781E-04
 17315.  0.63475E-04
 17320.  0.65756E-04
 17325.  0.68847E-04
 17330.  0.70168E-04
 17335.  0.69276E-04
 17340.  0.67432E-04
 17345.  0.66033E-04
 17350.  0.65998E-04
 17355.  0.67255E-04
 17360.  0.68621E-04
 17365.  0.69859E-04
 17370.  0.70925E-04
 17375.  0.71132E-04
 17380.  0.70717E-04
 17385.  0.70164E-04
 17390.  0.69120E-04
 17395.  0.67140E-04
 17400.  0.64510E-04
 17405.  0.63420E-04
 17410.  0.65092E-04
 17415.  0.67141E-04
 17420.  0.67047E-04
 17425.  0.65698E-04
 17430.  0.64839E-04
 17435.  0.64648E-04
 17440.  0.65095E-04
 17445.  0.66633E-04
 17450.  0.67341E-04
 17455.  0.66674E-04
 17460.  0.64655E-04
 17465.  0.63145E-04
 17470.  0.62803E-04
 17475.  0.63768E-04
 17480.  0.65190E-04
 17485.  0.66323E-04
 17490.  0.60984E-04
 17495.  0.60865E-04
 17500.  0.57923E-04
 17505.  0.57422E-04
 17510.  0.59334E-04
 17515.  0.61784E-04
 17520.  0.63630E-04
 17525.  0.63274E-04
 17530.  0.61484E-04
 17535.  0.59026E-04
 17540.  0.57428E-04
 17545.  0.56036E-04
 17550.  0.54530E-04
 17555.  0.52741E-04
 17560.  0.52078E-04
 17565.  0.52629E-04
 17570.  0.53829E-04
 17575.  0.54466E-04
 17580.  0.54952E-04
 17585.  0.56386E-04
 17590.  0.57511E-04
 17595.  0.57737E-04
 17600.  0.56424E-04
 17605.  0.55702E-04
 17610.  0.54865E-04
 17615.  0.53264E-04
 17620.  0.52318E-04
 17625.  0.52888E-04
 17630.  0.55810E-04
 17635.  0.57644E-04
 17640.  0.58887E-04
 17645.  0.59542E-04
 17650.  0.59959E-04
 17655.  0.59022E-04
 17660.  0.56270E-04
 17665.  0.52164E-04
 17670.  0.48498E-04
 17675.  0.46725E-04
 17680.  0.47776E-04
 17685.  0.50023E-04
 17690.  0.52347E-04
 17695.  0.53035E-04
 17700.  0.52771E-04
 17705.  0.52121E-04
 17710.  0.51317E-04
 17715.  0.50205E-04
 17720.  0.49446E-04
 17725.  0.50289E-04
 17730.  0.51252E-04
 17735.  0.51096E-04
 17740.  0.48220E-04
 17745.  0.45047E-04
 17750.  0.42627E-04
 17755.  0.41894E-04
 17760.  0.43266E-04
 17765.  0.45632E-04
 17770.  0.47743E-04
 17775.  0.47639E-04
 17780.  0.46625E-04
 17785.  0.46339E-04
 17790.  0.48394E-04
 17795.  0.50505E-04
 17800.  0.50844E-04
 17805.  0.48879E-04
 17810.  0.46569E-04
 17815.  0.45477E-04
 17820.  0.46172E-04
 17825.  0.48126E-04
 17830.  0.50250E-04
 17835.  0.50430E-04
 17840.  0.47443E-04
 17845.  0.42253E-04
 17850.  0.38675E-04
 17855.  0.37509E-04
 17860.  0.37964E-04
 17865.  0.38970E-04
 17870.  0.40709E-04
 17875.  0.43056E-04
 17880.  0.45593E-04
 17885.  0.47997E-04
 17890.  0.49466E-04
 17895.  0.48869E-04
 17900.  0.46346E-04
 17905.  0.43173E-04
 17910.  0.40997E-04
 17915.  0.40499E-04
 17920.  0.40399E-04
 17925.  0.40150E-04
 17930.  0.40010E-04
 17935.  0.40667E-04
 17940.  0.42984E-04
 17945.  0.45776E-04
 17950.  0.47626E-04
 17955.  0.48025E-04
 17960.  0.47444E-04
 17965.  0.47438E-04
 17970.  0.48517E-04
 17975.  0.49679E-04
 17980.  0.49692E-04
 17985.  0.48103E-04
 17990.  0.44924E-04
 17995.  0.40667E-04
 18000.  0.40659E-04
 18005.  0.40652E-04
 18010.  0.42572E-04
 18015.  0.42556E-04
 18020.  0.42539E-04
 18025.  0.42522E-04
 18030.  0.42505E-04
 18035.  0.42489E-04
 18040.  0.42472E-04
 18045.  0.42455E-04
 18050.  0.42438E-04
 18055.  0.42422E-04
 18060.  0.42405E-04
 18065.  0.42388E-04
 18070.  0.42371E-04
 18075.  0.42355E-04
 18080.  0.42338E-04
 18085.  0.42321E-04
 18090.  0.42304E-04
 18095.  0.42288E-04
 18100.  0.42271E-04
 18105.  0.42254E-04
 18110.  0.42237E-04
 18115.  0.42221E-04
 18120.  0.42204E-04
 18125.  0.42187E-04
 18130.  0.42170E-04
 18135.  0.42154E-04
 18140.  0.42137E-04
 18145.  0.42120E-04
 18150.  0.42103E-04
 18155.  0.42087E-04
 18160.  0.42070E-04
 18165.  0.42053E-04
 18170.  0.42037E-04
 18175.  0.42020E-04
 18180.  0.42003E-04
 18185.  0.41986E-04
 18190.  0.41970E-04
 18195.  0.41953E-04
 18200.  0.41936E-04
 18205.  0.41919E-04
 18210.  0.41903E-04
 18215.  0.41886E-04
 18220.  0.41869E-04
 18225.  0.41852E-04
 18230.  0.41836E-04
 18235.  0.41819E-04
 18240.  0.41802E-04
 18245.  0.41785E-04
 18250.  0.41769E-04
 18255.  0.41752E-04
 18260.  0.41735E-04
 18265.  0.41718E-04
 18270.  0.41702E-04
 18275.  0.41685E-04
 18280.  0.41668E-04
 18285.  0.41651E-04
 18290.  0.41635E-04
 18295.  0.41618E-04
 18300.  0.41601E-04
 18305.  0.41584E-04
 18310.  0.41568E-04
 18315.  0.41551E-04
 18320.  0.41534E-04
 18325.  0.41517E-04
 18330.  0.41501E-04
 18335.  0.41484E-04
 18340.  0.41467E-04
 18345.  0.41450E-04
 18350.  0.41434E-04
 18355.  0.41417E-04
 18360.  0.41400E-04
 18365.  0.41383E-04
 18370.  0.41367E-04
 18375.  0.41350E-04
 18380.  0.41333E-04
 18385.  0.41316E-04
 18390.  0.41300E-04
 18395.  0.41283E-04
 18400.  0.41266E-04
 18405.  0.41250E-04
 18410.  0.41233E-04
 18415.  0.41216E-04
 18420.  0.41199E-04
 18425.  0.41183E-04
 18430.  0.41166E-04
 18435.  0.41149E-04
 18440.  0.41132E-04
 18445.  0.41116E-04
 18450.  0.41099E-04
 18455.  0.41082E-04
 18460.  0.41065E-04
 18465.  0.41049E-04
 18470.  0.41032E-04
 18475.  0.41015E-04
 18480.  0.40998E-04
 18485.  0.40982E-04
 18490.  0.40965E-04
 18495.  0.40948E-04
 18500.  0.40931E-04
 18505.  0.40915E-04
 18510.  0.40898E-04
 18515.  0.40881E-04
 18520.  0.40864E-04
 18525.  0.40848E-04
 18530.  0.40831E-04
 18535.  0.40814E-04
 18540.  0.40797E-04
 18545.  0.40781E-04
 18550.  0.40764E-04
 18555.  0.40747E-04
 18560.  0.40730E-04
 18565.  0.40714E-04
 18570.  0.40697E-04
 18575.  0.40680E-04
 18580.  0.40663E-04
 18585.  0.40647E-04
 18590.  0.40630E-04
 18595.  0.40613E-04
 18600.  0.40596E-04
 18605.  0.40580E-04
 18610.  0.40563E-04
 18615.  0.40546E-04
 18620.  0.40529E-04
 18625.  0.40513E-04
 18630.  0.40496E-04
 18635.  0.40479E-04
 18640.  0.40462E-04
 18645.  0.40446E-04
 18650.  0.40429E-04
 18655.  0.40412E-04
 18660.  0.40396E-04
 18665.  0.40379E-04
 18670.  0.40362E-04
 18675.  0.40345E-04
 18680.  0.40329E-04
 18685.  0.40312E-04
 18690.  0.40295E-04
 18695.  0.40278E-04
 18700.  0.40262E-04
 18705.  0.40245E-04
 18710.  0.40228E-04
 18715.  0.40211E-04
 18720.  0.40195E-04
 18725.  0.40178E-04
 18730.  0.40161E-04
 18735.  0.40144E-04
 18740.  0.40128E-04
 18745.  0.40111E-04
 18750.  0.40094E-04
 18755.  0.40077E-04
 18760.  0.40061E-04
 18765.  0.40044E-04
 18770.  0.40027E-04
 18775.  0.40010E-04
 18780.  0.39994E-04
 18785.  0.39977E-04
 18790.  0.39960E-04
 18795.  0.39943E-04
 18800.  0.39927E-04
 18805.  0.39910E-04
 18810.  0.39893E-04
 18815.  0.39876E-04
 18820.  0.39860E-04
 18825.  0.39843E-04
 18830.  0.39826E-04
 18835.  0.39809E-04
 18840.  0.39793E-04
 18845.  0.39776E-04
 18850.  0.39759E-04
 18855.  0.39742E-04
 18860.  0.39726E-04
 18865.  0.39709E-04
 18870.  0.39692E-04
 18875.  0.39675E-04
 18880.  0.39659E-04
 18885.  0.39642E-04
 18890.  0.39625E-04
 18895.  0.39609E-04
 18900.  0.39592E-04
 18905.  0.39575E-04
 18910.  0.39558E-04
 18915.  0.39542E-04
 18920.  0.39525E-04
 18925.  0.39508E-04
 18930.  0.39491E-04
 18935.  0.39475E-04
 18940.  0.39458E-04
 18945.  0.39441E-04
 18950.  0.39424E-04
 18955.  0.39408E-04
 18960.  0.39391E-04
 18965.  0.39374E-04
 18970.  0.39357E-04
 18975.  0.39341E-04
 18980.  0.39324E-04
 18985.  0.39307E-04
 18990.  0.39290E-04
 18995.  0.39274E-04
 19000.  0.39257E-04
 19005.  0.39240E-04
 19010.  0.39223E-04
 19015.  0.39207E-04
 19020.  0.39190E-04
 19025.  0.39173E-04
 19030.  0.39156E-04
 19035.  0.39140E-04
 19040.  0.39123E-04
 19045.  0.39106E-04
 19050.  0.39089E-04
 19055.  0.39073E-04
 19060.  0.39056E-04
 19065.  0.39039E-04
 19070.  0.39022E-04
 19075.  0.39006E-04
 19080.  0.38989E-04
 19085.  0.38972E-04
 19090.  0.38955E-04
 19095.  0.38939E-04
 19100.  0.38922E-04
 19105.  0.38905E-04
 19110.  0.38888E-04
 19115.  0.38872E-04
 19120.  0.38855E-04
 19125.  0.38838E-04
 19130.  0.38821E-04
 19135.  0.38805E-04
 19140.  0.38788E-04
 19145.  0.38771E-04
 19150.  0.38755E-04
 19155.  0.38738E-04
 19160.  0.38721E-04
 19165.  0.38704E-04
 19170.  0.38688E-04
 19175.  0.38671E-04
 19180.  0.38654E-04
 19185.  0.38637E-04
 19190.  0.38621E-04
 19195.  0.38604E-04
 19200.  0.38587E-04
 19205.  0.38570E-04
 19210.  0.38554E-04
 19215.  0.38537E-04
 19220.  0.38520E-04
 19225.  0.38503E-04
 19230.  0.38487E-04
 19235.  0.38470E-04
 19240.  0.38453E-04
 19245.  0.38436E-04
 19250.  0.38420E-04
 19255.  0.38403E-04
 19260.  0.38386E-04
 19265.  0.38369E-04
 19270.  0.38353E-04
 19275.  0.38336E-04
 19280.  0.38319E-04
 19285.  0.38302E-04
 19290.  0.38286E-04
 19295.  0.38269E-04
 19300.  0.38252E-04
 19305.  0.38235E-04
 19310.  0.38219E-04
 19315.  0.38202E-04
 19320.  0.38185E-04
 19325.  0.38168E-04
 19330.  0.38152E-04
 19335.  0.38135E-04
 19340.  0.38118E-04
 19345.  0.38101E-04
 19350.  0.38085E-04
 19355.  0.38068E-04
 19360.  0.38051E-04
 19365.  0.38034E-04
 19370.  0.38018E-04
 19375.  0.38001E-04
 19380.  0.37984E-04
 19385.  0.37968E-04
 19390.  0.37951E-04
 19395.  0.37934E-04
 19400.  0.37917E-04
 19405.  0.37901E-04
 19410.  0.37884E-04
 19415.  0.37867E-04
 19420.  0.37850E-04
 19425.  0.37834E-04
 19430.  0.37817E-04
 19435.  0.37707E-04
 19440.  0.36319E-04
 19445.  0.35284E-04
 19450.  0.36119E-04
 19455.  0.37627E-04
 19460.  0.39097E-04
 19465.  0.39132E-04
 19470.  0.37831E-04
 19475.  0.36337E-04
 19480.  0.35829E-04
 19485.  0.36013E-04
 19490.  0.36172E-04
 19495.  0.35744E-04
 19500.  0.35331E-04
 19505.  0.35125E-04
 19510.  0.34949E-04
 19515.  0.34368E-04
 19520.  0.33857E-04
 19525.  0.34047E-04
 19530.  0.35159E-04
 19535.  0.36061E-04
 19540.  0.35761E-04
 19545.  0.34212E-04
 19550.  0.32681E-04
 19555.  0.32049E-04
 19560.  0.33059E-04
 19565.  0.34709E-04
 19570.  0.35880E-04
 19575.  0.35659E-04
 19580.  0.34382E-04
 19585.  0.32683E-04
 19590.  0.31277E-04
 19595.  0.30307E-04
 19600.  0.29950E-04
 19605.  0.30430E-04
 19610.  0.31669E-04
 19615.  0.33186E-04
 19620.  0.34189E-04
 19625.  0.33833E-04
 19630.  0.32651E-04
 19635.  0.31480E-04
 19640.  0.31007E-04
 19645.  0.31289E-04
 19650.  0.32235E-04
 19655.  0.33400E-04
 19660.  0.33822E-04
 19665.  0.33052E-04
 19670.  0.31849E-04
 19675.  0.31325E-04
 19680.  0.32226E-04
 19685.  0.34333E-04
 19690.  0.36598E-04
 19695.  0.37962E-04
 19700.  0.37477E-04
 19705.  0.36072E-04
 19710.  0.34927E-04
 19715.  0.34801E-04
 19720.  0.34847E-04
 19725.  0.34417E-04
 19730.  0.33682E-04
 19735.  0.32934E-04
 19740.  0.32217E-04
 19745.  0.31185E-04
 19750.  0.30508E-04
 19755.  0.30596E-04
 19760.  0.31870E-04
 19765.  0.33121E-04
 19770.  0.34096E-04
 19775.  0.35091E-04
 19780.  0.36066E-04
 19785.  0.36500E-04
 19790.  0.35288E-04
 19795.  0.33203E-04
 19800.  0.31523E-04
 19805.  0.31226E-04
 19810.  0.31455E-04
 19815.  0.31773E-04
 19820.  0.31968E-04
 19825.  0.32262E-04
 19830.  0.32568E-04
 19835.  0.32757E-04
 19840.  0.32765E-04
 19845.  0.32745E-04
 19850.  0.32874E-04
 19855.  0.33024E-04
 19860.  0.32972E-04
 19865.  0.32658E-04
 19870.  0.32366E-04
 19875.  0.32318E-04
 19880.  0.32358E-04
 19885.  0.31921E-04
 19890.  0.30628E-04
 19895.  0.29183E-04
 19900.  0.28701E-04
 19905.  0.29224E-04
 19910.  0.30306E-04
 19915.  0.31551E-04
 19920.  0.32911E-04
 19925.  0.34177E-04
 19930.  0.35047E-04
 19935.  0.34943E-04
 19940.  0.34260E-04
 19945.  0.33435E-04
 19950.  0.33173E-04
 19955.  0.33145E-04
 19960.  0.32740E-04
 19965.  0.31358E-04
 19970.  0.29950E-04
 19975.  0.29332E-04
 19980.  0.30191E-04
 19985.  0.31359E-04
 19990.  0.32130E-04
 19995.  0.31829E-04
 20000.  0.31554E-04
 20005.  0.31579E-04
 20010.  0.31958E-04
 20015.  0.31923E-04
 20020.  0.31723E-04
 20025.  0.31844E-04
 20030.  0.32279E-04
 20035.  0.32574E-04
 20040.  0.32308E-04
 20045.  0.31500E-04
 20050.  0.30664E-04
 20055.  0.30250E-04
 20060.  0.30613E-04
 20065.  0.31298E-04
 20070.  0.31878E-04
 20075.  0.31493E-04
 20080.  0.30785E-04
 20085.  0.30265E-04
 20090.  0.30515E-04
 20095.  0.31108E-04
 20100.  0.31656E-04
 20105.  0.31863E-04
 20110.  0.31896E-04
 20115.  0.31916E-04
 20120.  0.31820E-04
 20125.  0.31871E-04
 20130.  0.32222E-04
 20135.  0.33039E-04
 20140.  0.33464E-04
 20145.  0.33219E-04
 20150.  0.32191E-04
 20155.  0.31218E-04
 20160.  0.30812E-04
 20165.  0.31507E-04
 20170.  0.32540E-04
 20175.  0.33188E-04
 20180.  0.32547E-04
 20185.  0.31014E-04
 20190.  0.29500E-04
 20195.  0.29149E-04
 20200.  0.30444E-04
 20205.  0.32401E-04
 20210.  0.34150E-04
 20215.  0.34824E-04
 20220.  0.34880E-04
 20225.  0.34787E-04
 20230.  0.35210E-04
 20235.  0.35717E-04
 20240.  0.35880E-04
 20245.  0.34973E-04
 20250.  0.33578E-04
 20255.  0.32154E-04
 20260.  0.31501E-04
 20265.  0.31544E-04
 20270.  0.32038E-04
 20275.  0.32383E-04
 20280.  0.32463E-04
 20285.  0.32381E-04
 20290.  0.32490E-04
 20295.  0.33013E-04
 20300.  0.33997E-04
 20305.  0.35529E-04
 20310.  0.37128E-04
 20315.  0.38276E-04
 20320.  0.38082E-04
 20325.  0.37198E-04
 20330.  0.36154E-04
 20335.  0.35490E-04
 20340.  0.34852E-04
 20345.  0.34295E-04
 20350.  0.33980E-04
 20355.  0.34775E-04
 20360.  0.36197E-04
 20365.  0.37726E-04
 20370.  0.38230E-04
 20375.  0.37780E-04
 20380.  0.36589E-04
 20385.  0.35130E-04
 20390.  0.33775E-04
 20395.  0.33006E-04
 20400.  0.34182E-04
 20405.  0.35496E-04
 20410.  0.36396E-04
 20415.  0.37602E-04
 20420.  0.38363E-04
 20425.  0.38329E-04
 20430.  0.36857E-04
 20435.  0.35037E-04
 20440.  0.33498E-04
 20445.  0.33304E-04
 20450.  0.34186E-04
 20455.  0.35693E-04
 20460.  0.37398E-04
 20465.  0.38719E-04
 20470.  0.39376E-04
 20475.  0.38817E-04
 20480.  0.37196E-04
 20485.  0.35457E-04
 20490.  0.34728E-04
 20495.  0.35625E-04
 20500.  0.37208E-04
 20505.  0.38546E-04
 20510.  0.38657E-04
 20515.  0.38104E-04
 20520.  0.37345E-04
 20525.  0.36569E-04
 20530.  0.35725E-04
 20535.  0.34715E-04
 20540.  0.34301E-04
 20545.  0.34521E-04
 20550.  0.35399E-04
 20555.  0.36454E-04
 20560.  0.37628E-04
 20565.  0.38895E-04
 20570.  0.40043E-04
 20575.  0.40742E-04
 20580.  0.40975E-04
 20585.  0.40782E-04
 20590.  0.40346E-04
 20595.  0.39699E-04
 20600.  0.38795E-04
 20605.  0.38114E-04
 20610.  0.37717E-04
 20615.  0.37738E-04
 20620.  0.37560E-04
 20625.  0.37072E-04
 20630.  0.36170E-04
 20635.  0.35691E-04
 20640.  0.35854E-04
 20645.  0.36922E-04
 20650.  0.38200E-04
 20655.  0.39328E-04
 20660.  0.40068E-04
 20665.  0.40254E-04
 20670.  0.40045E-04
 20675.  0.39498E-04
 20680.  0.39091E-04
 20685.  0.39264E-04
 20690.  0.40112E-04
 20695.  0.40944E-04
 20700.  0.41049E-04
 20705.  0.40161E-04
 20710.  0.38841E-04
 20715.  0.38168E-04
 20720.  0.38357E-04
 20725.  0.38963E-04
 20730.  0.39459E-04
 20735.  0.39763E-04
 20740.  0.39919E-04
 20745.  0.39988E-04
 20750.  0.40058E-04
 20755.  0.40195E-04
 20760.  0.40581E-04
 20765.  0.41093E-04
 20770.  0.41731E-04
 20775.  0.42076E-04
 20780.  0.42163E-04
 20785.  0.41984E-04
 20790.  0.41816E-04
 20795.  0.41627E-04
 20800.  0.41352E-04
 20805.  0.41096E-04
 20810.  0.41031E-04
 20815.  0.41308E-04
 20820.  0.41627E-04
 20825.  0.41820E-04
 20830.  0.41787E-04
 20835.  0.41796E-04
 20840.  0.41923E-04
 20845.  0.42217E-04
 20850.  0.42515E-04
 20855.  0.42581E-04
 20860.  0.42363E-04
 20865.  0.42165E-04
 20870.  0.42112E-04
 20875.  0.42244E-04
 20880.  0.42346E-04
 20885.  0.42399E-04
 20890.  0.42564E-04
 20895.  0.43239E-04
 20900.  0.44132E-04
 20905.  0.45081E-04
 20910.  0.45762E-04
 20915.  0.46103E-04
 20920.  0.45973E-04
 20925.  0.45212E-04
 20930.  0.44045E-04
 20935.  0.42936E-04
 20940.  0.42409E-04
 20945.  0.42411E-04
 20950.  0.42548E-04
 20955.  0.42540E-04
 20960.  0.42714E-04
 20965.  0.43141E-04
 20970.  0.43926E-04
 20975.  0.44551E-04
 20980.  0.44902E-04
 20985.  0.44919E-04
 20990.  0.45101E-04
 20995.  0.45538E-04
 21000.  0.46167E-04
 21005.  0.46345E-04
 21010.  0.46064E-04
 21015.  0.45496E-04
 21020.  0.45246E-04
 21025.  0.45402E-04
 21030.  0.45789E-04
 21035.  0.45951E-04
 21040.  0.46054E-04
 21045.  0.46230E-04
 21050.  0.46806E-04
 21055.  0.47258E-04
 21060.  0.47411E-04
 21065.  0.46802E-04
 21070.  0.45844E-04
 21075.  0.44897E-04
 21080.  0.44464E-04
 21085.  0.44908E-04
 21090.  0.45874E-04
 21095.  0.47087E-04
 21100.  0.47641E-04
 21105.  0.47577E-04
 21110.  0.46926E-04
 21115.  0.46715E-04
 21120.  0.47100E-04
 21125.  0.48166E-04
 21130.  0.49204E-04
 21135.  0.49808E-04
 21140.  0.49802E-04
 21145.  0.49303E-04
 21150.  0.48577E-04
 21155.  0.47690E-04
 21160.  0.46603E-04
 21165.  0.45779E-04
 21170.  0.45397E-04
 21175.  0.45805E-04
 21180.  0.46498E-04
 21185.  0.47188E-04
 21190.  0.47460E-04
 21195.  0.47637E-04
 21200.  0.47828E-04
 21205.  0.48210E-04
 21210.  0.48747E-04
 21215.  0.49322E-04
 21220.  0.49763E-04
 21225.  0.50018E-04
 21230.  0.50211E-04
 21235.  0.50481E-04
 21240.  0.50873E-04
 21245.  0.51098E-04
 21250.  0.50861E-04
 21255.  0.50306E-04
 21260.  0.49628E-04
 21265.  0.48922E-04
 21270.  0.48211E-04
 21275.  0.47701E-04
 21280.  0.47520E-04
 21285.  0.47734E-04
 21290.  0.48285E-04
 21295.  0.49104E-04
 21300.  0.50010E-04
 21305.  0.50714E-04
 21310.  0.51093E-04
 21315.  0.51090E-04
 21320.  0.51003E-04
 21325.  0.50973E-04
 21330.  0.51067E-04
 21335.  0.51314E-04
 21340.  0.51628E-04
 21345.  0.51980E-04
 21350.  0.52161E-04
 21355.  0.52148E-04
 21360.  0.51862E-04
 21365.  0.51408E-04
 21370.  0.50912E-04
 21375.  0.50471E-04
 21380.  0.50261E-04
 21385.  0.50197E-04
 21390.  0.50174E-04
 21395.  0.49922E-04
 21400.  0.49629E-04
 21405.  0.49396E-04
 21410.  0.49293E-04
 21415.  0.49477E-04
 21420.  0.50086E-04
 21425.  0.51336E-04
 21430.  0.52825E-04
 21435.  0.54211E-04
 21440.  0.54916E-04
 21445.  0.55127E-04
 21450.  0.55007E-04
 21455.  0.54717E-04
 21460.  0.54366E-04
 21465.  0.53947E-04
 21470.  0.53345E-04
 21475.  0.52604E-04
 21480.  0.51811E-04
 21485.  0.51009E-04
 21490.  0.50526E-04
 21495.  0.50411E-04
 21500.  0.50852E-04
 21505.  0.51407E-04
 21510.  0.51759E-04
 21515.  0.51614E-04
 21520.  0.51509E-04
 21525.  0.51639E-04
 21530.  0.52199E-04
 21535.  0.52719E-04
 21540.  0.53002E-04
 21545.  0.52899E-04
 21550.  0.52691E-04
 21555.  0.52585E-04
 21560.  0.52804E-04
 21565.  0.53402E-04
 21570.  0.53975E-04
 21575.  0.54274E-04
 21580.  0.53971E-04
 21585.  0.53454E-04
 21590.  0.53011E-04
 21595.  0.53262E-04
 21600.  0.53947E-04
 21605.  0.54757E-04
 21610.  0.55112E-04
 21615.  0.54867E-04
 21620.  0.54254E-04
 21625.  0.53710E-04
 21630.  0.53760E-04
 21635.  0.54303E-04
 21640.  0.55053E-04
 21645.  0.55329E-04
 21650.  0.55235E-04
 21655.  0.54921E-04
 21660.  0.54795E-04
 21665.  0.54808E-04
 21670.  0.54975E-04
 21675.  0.55134E-04
 21680.  0.55289E-04
 21685.  0.55396E-04
 21690.  0.55237E-04
 21695.  0.54899E-04
 21700.  0.54477E-04
 21705.  0.54218E-04
 21710.  0.54063E-04
 21715.  0.53914E-04
 21720.  0.53598E-04
 21725.  0.53331E-04
 21730.  0.53267E-04
 21735.  0.53581E-04
 21740.  0.53900E-04
 21745.  0.53987E-04
 21750.  0.53460E-04
 21755.  0.52758E-04
 21760.  0.52116E-04
 21765.  0.51800E-04
 21770.  0.51601E-04
 21775.  0.51404E-04
 21780.  0.51214E-04
 21785.  0.51305E-04
 21790.  0.51762E-04
 21795.  0.52606E-04
 21800.  0.53455E-04
 21805.  0.54012E-04
 21810.  0.54075E-04
 21815.  0.53679E-04
 21820.  0.53212E-04
 21825.  0.52917E-04
 21830.  0.52996E-04
 21835.  0.53107E-04
 21840.  0.53027E-04
 21845.  0.52651E-04
 21850.  0.52268E-04
 21855.  0.52069E-04
 21860.  0.52313E-04
 21865.  0.52826E-04
 21870.  0.53479E-04
 21875.  0.54041E-04
 21880.  0.54396E-04
 21885.  0.54508E-04
 21890.  0.54291E-04
 21895.  0.54111E-04
 21900.  0.54146E-04
 21905.  0.54550E-04
 21910.  0.54709E-04
 21915.  0.54489E-04
 21920.  0.53725E-04
 21925.  0.53244E-04
 21930.  0.53041E-04
 21935.  0.53245E-04
 21940.  0.53639E-04
 21945.  0.54136E-04
 21950.  0.54666E-04
 21955.  0.54772E-04
 21960.  0.54594E-04
 21965.  0.54260E-04
 21970.  0.53949E-04
 21975.  0.53801E-04
 21980.  0.53869E-04
 21985.  0.54064E-04
 21990.  0.54064E-04
 21995.  0.53687E-04
 22000.  0.53153E-04
 22005.  0.52706E-04
 22010.  0.52400E-04
 22015.  0.52115E-04
 22020.  0.51799E-04
 22025.  0.51531E-04
 22030.  0.51503E-04
 22035.  0.51659E-04
 22040.  0.51821E-04
 22045.  0.51895E-04
 22050.  0.51735E-04
 22055.  0.51520E-04
 22060.  0.51332E-04
 22065.  0.51371E-04
 22070.  0.51601E-04
 22075.  0.52019E-04
 22080.  0.52553E-04
 22085.  0.53024E-04
 22090.  0.53385E-04
 22095.  0.53505E-04
 22100.  0.53625E-04
 22105.  0.53824E-04
 22110.  0.54413E-04
 22115.  0.54924E-04
 22120.  0.55134E-04
 22125.  0.54977E-04
 22130.  0.54796E-04
 22135.  0.54694E-04
 22140.  0.54671E-04
 22145.  0.54511E-04
 22150.  0.54198E-04
 22155.  0.53833E-04
 22160.  0.53663E-04
 22165.  0.53720E-04
 22170.  0.54038E-04
 22175.  0.54022E-04
 22180.  0.53556E-04
 22185.  0.52397E-04
 22190.  0.51381E-04
 22195.  0.50653E-04
 22200.  0.50478E-04
 22205.  0.50897E-04
 22210.  0.51708E-04
 22215.  0.52660E-04
 22220.  0.53354E-04
 22225.  0.53793E-04
 22230.  0.54039E-04
 22235.  0.54413E-04
 22240.  0.54829E-04
 22245.  0.55126E-04
 22250.  0.54828E-04
 22255.  0.53918E-04
 22260.  0.52456E-04
 22265.  0.51070E-04
 22270.  0.50261E-04
 22275.  0.50201E-04
 22280.  0.50676E-04
 22285.  0.51362E-04
 22290.  0.52130E-04
 22295.  0.52984E-04
 22300.  0.53822E-04
 22305.  0.54563E-04
 22310.  0.54877E-04
 22315.  0.54802E-04
 22320.  0.54435E-04
 22325.  0.54173E-04
 22330.  0.53702E-04
 22335.  0.52985E-04
 22340.  0.51848E-04
 22345.  0.50995E-04
 22350.  0.50619E-04
 22355.  0.51061E-04
 22360.  0.51887E-04
 22365.  0.52689E-04
 22370.  0.53074E-04
 22375.  0.52912E-04
 22380.  0.52581E-04
 22385.  0.52391E-04
 22390.  0.52681E-04
 22395.  0.53051E-04
 22400.  0.53281E-04
 22405.  0.53077E-04
 22410.  0.52571E-04
 22415.  0.51858E-04
 22420.  0.50851E-04
 22425.  0.50195E-04
 22430.  0.50062E-04
 22435.  0.50487E-04
 22440.  0.51280E-04
 22445.  0.52274E-04
 22450.  0.52901E-04
 22455.  0.52895E-04
 22460.  0.52387E-04
 22465.  0.51752E-04
 22470.  0.51525E-04
 22475.  0.51577E-04
 22480.  0.51627E-04
 22485.  0.51433E-04
 22490.  0.51145E-04
 22495.  0.50989E-04
 22500.  0.51345E-04
 22505.  0.51930E-04
 22510.  0.52495E-04
 22515.  0.52649E-04
 22520.  0.52581E-04
 22525.  0.52277E-04
 22530.  0.51702E-04
 22535.  0.51075E-04
 22540.  0.50598E-04
 22545.  0.50697E-04
 22550.  0.51109E-04
 22555.  0.51653E-04
 22560.  0.51787E-04
 22565.  0.51649E-04
 22570.  0.51384E-04
 22575.  0.51499E-04
 22580.  0.51879E-04
 22585.  0.52391E-04
 22590.  0.52671E-04
 22595.  0.52683E-04
 22600.  0.52467E-04
 22605.  0.52104E-04
 22610.  0.51530E-04
 22615.  0.50773E-04
 22620.  0.49818E-04
 22625.  0.49003E-04
 22630.  0.48395E-04
 22635.  0.48080E-04
 22640.  0.48054E-04
 22645.  0.48119E-04
 22650.  0.48237E-04
 22655.  0.48528E-04
 22660.  0.49055E-04
 22665.  0.49861E-04
 22670.  0.50478E-04
 22675.  0.50809E-04
 22680.  0.50779E-04
 22685.  0.50527E-04
 22690.  0.50226E-04
 22695.  0.49956E-04
 22700.  0.49812E-04
 22705.  0.49752E-04
 22710.  0.49691E-04
 22715.  0.49300E-04
 22720.  0.49277E-04
 22725.  0.49729E-04
 22730.  0.50355E-04
 22735.  0.50736E-04
 22740.  0.50875E-04
 22745.  0.50775E-04
 22750.  0.50673E-04
 22755.  0.50674E-04
 22760.  0.50947E-04
 22765.  0.51138E-04
 22770.  0.51027E-04
 22775.  0.50231E-04
 22780.  0.49259E-04
 22785.  0.48303E-04
 22790.  0.47533E-04
 22795.  0.47238E-04
 22800.  0.47471E-04
 22805.  0.48378E-04
 22810.  0.49318E-04
 22815.  0.49878E-04
 22820.  0.49701E-04
 22825.  0.49008E-04
 22830.  0.48343E-04
 22835.  0.48027E-04
 22840.  0.48270E-04
 22845.  0.48733E-04
 22850.  0.49272E-04
 22855.  0.49659E-04
 22860.  0.49936E-04
 22865.  0.50122E-04
 22870.  0.50262E-04
 22875.  0.50240E-04
 22880.  0.50063E-04
 22885.  0.49852E-04
 22890.  0.49794E-04
 22895.  0.49755E-04
 22900.  0.49384E-04
 22905.  0.48612E-04
 22910.  0.47455E-04
 22915.  0.45744E-04
 22920.  0.43080E-04
 22925.  0.39687E-04
 22930.  0.35595E-04
 22935.  0.32602E-04
 22940.  0.30902E-04
 22945.  0.30945E-04
 22950.  0.31957E-04
 22955.  0.33356E-04
 22960.  0.34870E-04
 22965.  0.36176E-04
 22970.  0.37281E-04
 22975.  0.38108E-04
 22980.  0.38682E-04
 22985.  0.39173E-04
 22990.  0.39663E-04
 22995.  0.40046E-04
 23000.  0.40502E-04
 23005.  0.41115E-04
 23010.  0.41945E-04
 23015.  0.42645E-04
 23020.  0.43116E-04
 23025.  0.43238E-04
 23030.  0.43012E-04
 23035.  0.42506E-04
 23040.  0.41775E-04
 23045.  0.41170E-04
 23050.  0.40818E-04
 23055.  0.41018E-04
 23060.  0.41516E-04
 23065.  0.42073E-04
 23070.  0.42408E-04
 23075.  0.42339E-04
 23080.  0.41947E-04
 23085.  0.41193E-04
 23090.  0.40581E-04
 23095.  0.40216E-04
 23100.  0.40214E-04
 23105.  0.40286E-04
 23110.  0.40463E-04
 23115.  0.40803E-04
 23120.  0.41059E-04
 23125.  0.41109E-04
 23130.  0.40863E-04
 23135.  0.40414E-04
 23140.  0.40128E-04
 23145.  0.40110E-04
 23150.  0.40098E-04
 23155.  0.39808E-04
 23160.  0.39238E-04
 23165.  0.38731E-04
 23170.  0.38881E-04
 23175.  0.39632E-04
 23180.  0.40514E-04
 23185.  0.40996E-04
 23190.  0.41048E-04
 23195.  0.40639E-04
 23200.  0.39952E-04
 23205.  0.38849E-04
 23210.  0.36789E-04
 23215.  0.34021E-04
 23220.  0.31236E-04
 23225.  0.29316E-04
 23230.  0.29190E-04
 23235.  0.30043E-04
 23240.  0.31417E-04
 23245.  0.32583E-04
 23250.  0.33542E-04
 23255.  0.34277E-04
 23260.  0.34805E-04
 23265.  0.35072E-04
 23270.  0.34998E-04
 23275.  0.34922E-04
 23280.  0.34969E-04
 23285.  0.35132E-04
 23290.  0.34883E-04
 23295.  0.34497E-04
 23300.  0.34195E-04
 23305.  0.34725E-04
 23310.  0.35827E-04
 23315.  0.37179E-04
 23320.  0.37896E-04
 23325.  0.37887E-04
 23330.  0.37371E-04
 23335.  0.36716E-04
 23340.  0.36312E-04
 23345.  0.36130E-04
 23350.  0.36134E-04
 23355.  0.36230E-04
 23360.  0.36350E-04
 23365.  0.36370E-04
 23370.  0.36150E-04
 23375.  0.35734E-04
 23380.  0.35124E-04
 23385.  0.34480E-04
 23390.  0.33898E-04
 23395.  0.33531E-04
 23400.  0.33599E-04
 23405.  0.34067E-04
 23410.  0.34958E-04
 23415.  0.36007E-04
 23420.  0.36620E-04
 23425.  0.36369E-04
 23430.  0.34916E-04
 23435.  0.33092E-04
 23440.  0.31378E-04
 23445.  0.30674E-04
 23450.  0.30779E-04
 23455.  0.31561E-04
 23460.  0.32574E-04
 23465.  0.33420E-04
 23470.  0.34025E-04
 23475.  0.34401E-04
 23480.  0.34295E-04
 23485.  0.33780E-04
 23490.  0.32920E-04
 23495.  0.32020E-04
 23500.  0.31043E-04
 23505.  0.29831E-04
 23510.  0.28474E-04
 23515.  0.27153E-04
 23520.  0.26133E-04
 23525.  0.25727E-04
 23530.  0.25850E-04
 23535.  0.26588E-04
 23540.  0.27556E-04
 23545.  0.28434E-04
 23550.  0.28974E-04
 23555.  0.29107E-04
 23560.  0.29122E-04
 23565.  0.29102E-04
 23570.  0.28871E-04
 23575.  0.28640E-04
 23580.  0.28534E-04
 23585.  0.28726E-04
 23590.  0.28959E-04
 23595.  0.29133E-04
 23600.  0.29136E-04
 23605.  0.29149E-04
 23610.  0.29220E-04
 23615.  0.29276E-04
 23620.  0.29225E-04
 23625.  0.29204E-04
 23630.  0.29591E-04
 23635.  0.30228E-04
 23640.  0.30949E-04
 23645.  0.31513E-04
 23650.  0.31769E-04
 23655.  0.31682E-04
 23660.  0.31137E-04
 23665.  0.30555E-04
 23670.  0.30214E-04
 23675.  0.30427E-04
 23680.  0.31140E-04
 23685.  0.31913E-04
 23690.  0.32402E-04
 23695.  0.32343E-04
 23700.  0.32024E-04
 23705.  0.31711E-04
 23710.  0.31675E-04
 23715.  0.31609E-04
 23720.  0.31288E-04
 23725.  0.30725E-04
 23730.  0.30032E-04
 23735.  0.29288E-04
 23740.  0.28623E-04
 23745.  0.28182E-04
 23750.  0.28020E-04
 23755.  0.28214E-04
 23760.  0.28510E-04
 23765.  0.28730E-04
 23770.  0.28629E-04
 23775.  0.28241E-04
 23780.  0.27843E-04
 23785.  0.27887E-04
 23790.  0.28282E-04
 23795.  0.28766E-04
 23800.  0.29041E-04
 23805.  0.29095E-04
 23810.  0.28810E-04
 23815.  0.27971E-04
 23820.  0.26643E-04
 23825.  0.25287E-04
 23830.  0.24421E-04
 23835.  0.24745E-04
 23840.  0.25397E-04
 23845.  0.25808E-04
 23850.  0.25554E-04
 23855.  0.25057E-04
 23860.  0.24641E-04
 23865.  0.24908E-04
 23870.  0.25554E-04
 23875.  0.26482E-04
 23880.  0.27553E-04
 23885.  0.28678E-04
 23890.  0.29756E-04
 23895.  0.30414E-04
 23900.  0.30147E-04
 23905.  0.29091E-04
 23910.  0.27696E-04
 23915.  0.26891E-04
 23920.  0.26845E-04
 23925.  0.27738E-04
 23930.  0.28570E-04
 23935.  0.29055E-04
 23940.  0.28934E-04
 23945.  0.28536E-04
 23950.  0.28111E-04
 23955.  0.27795E-04
 23960.  0.27226E-04
 23965.  0.26711E-04
 23970.  0.26531E-04
 23975.  0.27054E-04
 23980.  0.27831E-04
 23985.  0.28554E-04
 23990.  0.28571E-04
 23995.  0.28025E-04
 24000.  0.27016E-04
 24005.  0.26143E-04
 24010.  0.25782E-04
 24015.  0.26013E-04
 24020.  0.26658E-04
 24025.  0.27138E-04
 24030.  0.27300E-04
 24035.  0.26898E-04
 24040.  0.26428E-04
 24045.  0.26039E-04
 24050.  0.25942E-04
 24055.  0.25697E-04
 24060.  0.25226E-04
 24065.  0.24422E-04
 24070.  0.23763E-04
 24075.  0.23424E-04
 24080.  0.23688E-04
 24085.  0.24200E-04
 24090.  0.24756E-04
 24095.  0.25193E-04
 24100.  0.25413E-04
 24105.  0.25410E-04
 24110.  0.25071E-04
 24115.  0.24596E-04
 24120.  0.24011E-04
 24125.  0.23374E-04
 24130.  0.22887E-04
 24135.  0.22772E-04
 24140.  0.23104E-04
 24145.  0.23133E-04
 24150.  0.22874E-04
 24155.  0.22396E-04
 24160.  0.22169E-04
 24165.  0.22272E-04
 24170.  0.22559E-04
 24175.  0.22496E-04
 24180.  0.22354E-04
 24185.  0.22384E-04
 24190.  0.22857E-04
 24195.  0.23313E-04
 24200.  0.23625E-04
 24205.  0.23742E-04
 24210.  0.23643E-04
 24215.  0.23377E-04
 24220.  0.23032E-04
 24225.  0.22823E-04
 24230.  0.22752E-04
 24235.  0.22740E-04
 24240.  0.22632E-04
 24245.  0.22419E-04
 24250.  0.22304E-04
 24255.  0.22384E-04
 24260.  0.22547E-04
 24265.  0.22603E-04
 24270.  0.22552E-04
 24275.  0.22564E-04
 24280.  0.22776E-04
 24285.  0.23325E-04
 24290.  0.23543E-04
 24295.  0.23182E-04
 24300.  0.22633E-04
 24305.  0.22512E-04
 24310.  0.23016E-04
 24315.  0.23999E-04
 24320.  0.24380E-04
 24325.  0.23913E-04
 24330.  0.22877E-04
 24335.  0.21677E-04
 24340.  0.20501E-04
 24345.  0.19273E-04
 24350.  0.18676E-04
 24355.  0.18635E-04
 24360.  0.19099E-04
 24365.  0.19819E-04
 24370.  0.20674E-04
 24375.  0.21625E-04
 24380.  0.22451E-04
 24385.  0.23051E-04
 24390.  0.23317E-04
 24395.  0.23248E-04
 24400.  0.23001E-04
 24405.  0.22646E-04
 24410.  0.22212E-04
 24415.  0.21668E-04
 24420.  0.20946E-04
 24425.  0.20233E-04
 24430.  0.19776E-04
 24435.  0.19730E-04
 24440.  0.20155E-04
 24445.  0.20642E-04
 24450.  0.20965E-04
 24455.  0.20440E-04
 24460.  0.19287E-04
 24465.  0.17992E-04
 24470.  0.17720E-04
 24475.  0.18336E-04
 24480.  0.19447E-04
 24485.  0.20694E-04
 24490.  0.21464E-04
 24495.  0.21656E-04
 24500.  0.20856E-04
 24505.  0.19808E-04
 24510.  0.18744E-04
 24515.  0.17939E-04
 24520.  0.17286E-04
 24525.  0.16799E-04
 24530.  0.16615E-04
 24535.  0.17109E-04
 24540.  0.18073E-04
 24545.  0.19288E-04
 24550.  0.20325E-04
 24555.  0.21073E-04
 24560.  0.21484E-04
 24565.  0.21734E-04
 24570.  0.21803E-04
 24575.  0.21631E-04
 24580.  0.21065E-04
 24585.  0.20299E-04
 24590.  0.19418E-04
 24595.  0.18472E-04
 24600.  0.17746E-04
 24605.  0.17338E-04
 24610.  0.17408E-04
 24615.  0.17807E-04
 24620.  0.18472E-04
 24625.  0.19431E-04
 24630.  0.20154E-04
 24635.  0.20550E-04
 24640.  0.20467E-04
 24645.  0.20260E-04
 24650.  0.20046E-04
 24655.  0.19914E-04
 24660.  0.19781E-04
 24665.  0.19594E-04
 24670.  0.19293E-04
 24675.  0.18991E-04
 24680.  0.18934E-04
 24685.  0.19284E-04
 24690.  0.19523E-04
 24695.  0.19589E-04
 24700.  0.19496E-04
 24705.  0.19710E-04
 24710.  0.19832E-04
 24715.  0.19640E-04
 24720.  0.18812E-04
 24725.  0.17789E-04
 24730.  0.16778E-04
 24735.  0.16240E-04
 24740.  0.16245E-04
 24745.  0.16826E-04
 24750.  0.17987E-04
 24755.  0.19261E-04
 24760.  0.20338E-04
 24765.  0.20664E-04
 24770.  0.20067E-04
 24775.  0.18864E-04
 24780.  0.17502E-04
 24785.  0.16553E-04
 24790.  0.15948E-04
 24795.  0.15601E-04
 24800.  0.15234E-04
 24805.  0.14968E-04
 24810.  0.15003E-04
 24815.  0.15284E-04
 24820.  0.15731E-04
 24825.  0.16406E-04
 24830.  0.17100E-04
 24835.  0.17873E-04
 24840.  0.18651E-04
 24845.  0.19072E-04
 24850.  0.18947E-04
 24855.  0.18219E-04
 24860.  0.17292E-04
 24865.  0.16005E-04
 24870.  0.14444E-04
 24875.  0.13398E-04
 24880.  0.13085E-04
 24885.  0.12591E-04
 24890.  0.10518E-04
 24895.  0.98188E-05
 24900.  0.86162E-05
