  5100.  0.10971E-06
  5105.  0.11119E-06
  5110.  0.11147E-06
  5115.  0.11251E-06
  5120.  0.11374E-06
  5125.  0.11532E-06
  5130.  0.11858E-06
  5135.  0.11792E-06
  5140.  0.12312E-06
  5145.  0.13325E-06
  5150.  0.13981E-06
  5155.  0.14143E-06
  5160.  0.14064E-06
  5165.  0.14106E-06
  5170.  0.13955E-06
  5175.  0.13103E-06
  5180.  0.11286E-06
  5185.  0.96698E-07
  5190.  0.90853E-07
  5195.  0.83640E-07
  5200.  0.68376E-07
  5205.  0.54481E-07
  5210.  0.48791E-07
  5215.  0.46384E-07
  5220.  0.42399E-07
  5225.  0.40249E-07
  5230.  0.43174E-07
  5235.  0.49502E-07
  5240.  0.55447E-07
  5245.  0.58749E-07
  5250.  0.60103E-07
  5255.  0.61634E-07
  5260.  0.64602E-07
  5265.  0.67895E-07
  5270.  0.71228E-07
  5275.  0.75493E-07
  5280.  0.80218E-07
  5285.  0.84989E-07
  5290.  0.87171E-07
  5295.  0.85688E-07
  5300.  0.86449E-07
  5305.  0.90900E-07
  5310.  0.94221E-07
  5315.  0.96817E-07
  5320.  0.10057E-06
  5325.  0.10564E-06
  5330.  0.11297E-06
  5335.  0.11903E-06
  5340.  0.11835E-06
  5345.  0.11586E-06
  5350.  0.11812E-06
  5355.  0.12180E-06
  5360.  0.12347E-06
  5365.  0.16900E-06
  5370.  0.14472E-06
  5375.  0.14587E-06
  5380.  0.15317E-06
  5385.  0.15434E-06
  5390.  0.15482E-06
  5395.  0.16271E-06
  5400.  0.17305E-06
  5405.  0.17672E-06
  5410.  0.17535E-06
  5415.  0.17670E-06
  5420.  0.18073E-06
  5425.  0.18356E-06
  5430.  0.18477E-06
  5435.  0.18479E-06
  5440.  0.18249E-06
  5445.  0.17776E-06
  5450.  0.17692E-06
  5455.  0.18301E-06
  5460.  0.18563E-06
  5465.  0.17753E-06
  5470.  0.16049E-06
  5475.  0.13884E-06
  5480.  0.11940E-06
  5485.  0.10774E-06
  5490.  0.10823E-06
  5495.  0.11536E-06
  5500.  0.11901E-06
  5505.  0.11882E-06
  5510.  0.11719E-06
  5515.  0.11179E-06
  5520.  0.10505E-06
  5525.  0.10887E-06
  5530.  0.12610E-06
  5535.  0.14103E-06
  5540.  0.14600E-06
  5545.  0.14993E-06
  5550.  0.15704E-06
  5555.  0.16268E-06
  5560.  0.16377E-06
  5565.  0.16055E-06
  5570.  0.15558E-06
  5575.  0.15034E-06
  5580.  0.14332E-06
  5585.  0.13235E-06
  5590.  0.11824E-06
  5595.  0.10393E-06
  5600.  0.93543E-07
  5605.  0.87595E-07
  5610.  0.82759E-07
  5615.  0.79384E-07
  5620.  0.78872E-07
  5625.  0.78817E-07
  5630.  0.75234E-07
  5635.  0.70477E-07
  5640.  0.72109E-07
  5645.  0.79401E-07
  5650.  0.86108E-07
  5655.  0.91910E-07
  5660.  0.98473E-07
  5665.  0.10582E-06
  5670.  0.11393E-06
  5675.  0.12439E-06
  5680.  0.13709E-06
  5685.  0.14745E-06
  5690.  0.15412E-06
  5695.  0.16142E-06
  5700.  0.17097E-06
  5705.  0.17945E-06
  5710.  0.18634E-06
  5715.  0.19518E-06
  5720.  0.20367E-06
  5725.  0.20589E-06
  5730.  0.20252E-06
  5735.  0.19879E-06
  5740.  0.19559E-06
  5745.  0.19134E-06
  5750.  0.18830E-06
  5755.  0.18815E-06
  5760.  0.19253E-06
  5765.  0.20320E-06
  5770.  0.21357E-06
  5775.  0.22008E-06
  5780.  0.23080E-06
  5785.  0.24878E-06
  5790.  0.26846E-06
  5795.  0.28583E-06
  5800.  0.29894E-06
  5805.  0.30823E-06
  5810.  0.31603E-06
  5815.  0.31822E-06
  5820.  0.30782E-06
  5825.  0.29300E-06
  5830.  0.28592E-06
  5835.  0.27678E-06
  5840.  0.25172E-06
  5845.  0.22231E-06
  5850.  0.20000E-06
  5855.  0.17308E-06
  5860.  0.13652E-06
  5865.  0.10445E-06
  5870.  0.85625E-07
  5875.  0.77908E-07
  5880.  0.76453E-07
  5885.  0.76841E-07
  5890.  0.74302E-07
  5895.  0.67208E-07
  5900.  0.59921E-07
  5905.  0.57573E-07
  5910.  0.58754E-07
  5915.  0.62468E-07
  5920.  0.70547E-07
  5925.  0.81500E-07
  5930.  0.87199E-07
  5935.  0.83551E-07
  5940.  0.82351E-07
  5945.  0.91981E-07
  5950.  0.10553E-06
  5955.  0.11665E-06
  5960.  0.12524E-06
  5965.  0.13134E-06
  5970.  0.13285E-06
  5975.  0.13194E-06
  5980.  0.13391E-06
  5985.  0.13948E-06
  5990.  0.14671E-06
  5995.  0.15634E-06
  6000.  0.17087E-06
  6005.  0.18622E-06
  6010.  0.19807E-06
  6015.  0.20933E-06
  6020.  0.22188E-06
  6025.  0.23227E-06
  6030.  0.23903E-06
  6035.  0.24420E-06
  6040.  0.24957E-06
  6045.  0.25469E-06
  6050.  0.25962E-06
  6055.  0.26608E-06
  6060.  0.27514E-06
  6065.  0.28595E-06
  6070.  0.29549E-06
  6075.  0.30301E-06
  6080.  0.30856E-06
  6085.  0.31047E-06
  6090.  0.31209E-06
  6095.  0.31745E-06
  6100.  0.32465E-06
  6105.  0.33096E-06
  6110.  0.34050E-06
  6115.  0.35405E-06
  6120.  0.36411E-06
  6125.  0.36872E-06
  6130.  0.37149E-06
  6135.  0.37175E-06
  6140.  0.36083E-06
  6145.  0.33899E-06
  6150.  0.30919E-06
  6155.  0.27298E-06
  6160.  0.23529E-06
  6165.  0.20199E-06
  6170.  0.17475E-06
  6175.  0.15274E-06
  6180.  0.13541E-06
  6185.  0.12175E-06
  6190.  0.11096E-06
  6195.  0.10277E-06
  6200.  0.96685E-07
  6205.  0.94907E-07
  6210.  0.98206E-07
  6215.  0.10259E-06
  6220.  0.10594E-06
  6225.  0.10974E-06
  6230.  0.11310E-06
  6235.  0.11566E-06
  6240.  0.12052E-06
  6245.  0.13213E-06
  6250.  0.14753E-06
  6255.  0.16200E-06
  6260.  0.17805E-06
  6265.  0.19914E-06
  6270.  0.21997E-06
  6275.  0.23553E-06
  6280.  0.24829E-06
  6285.  0.26281E-06
  6290.  0.27705E-06
  6295.  0.28703E-06
  6300.  0.29556E-06
  6305.  0.30506E-06
  6310.  0.31319E-06
  6315.  0.32168E-06
  6320.  0.33297E-06
  6325.  0.34358E-06
  6330.  0.35101E-06
  6335.  0.35765E-06
  6340.  0.36381E-06
  6345.  0.36824E-06
  6350.  0.36933E-06
  6355.  0.36574E-06
  6360.  0.36067E-06
  6365.  0.36339E-06
  6370.  0.37721E-06
  6375.  0.40229E-06
  6380.  0.43341E-06
  6385.  0.46368E-06
  6390.  0.49108E-06
  6395.  0.52173E-06
  6400.  0.55738E-06
  6405.  0.58925E-06
  6410.  0.61156E-06
  6415.  0.62629E-06
  6420.  0.63690E-06
  6425.  0.64563E-06
  6430.  0.65982E-06
  6435.  0.68595E-06
  6440.  0.72301E-06
  6445.  0.76215E-06
  6450.  0.79989E-06
  6455.  0.83972E-06
  6460.  0.87710E-06
  6465.  0.91085E-06
  6470.  0.94070E-06
  6475.  0.96300E-06
  6480.  0.97027E-06
  6485.  0.96820E-06
  6490.  0.97152E-06
  6495.  0.98794E-06
  6500.  0.10130E-05
  6505.  0.10448E-05
  6510.  0.10899E-05
  6515.  0.11438E-05
  6520.  0.11983E-05
  6525.  0.12501E-05
  6530.  0.13017E-05
  6535.  0.13395E-05
  6540.  0.13552E-05
  6545.  0.13461E-05
  6550.  0.13211E-05
  6555.  0.12841E-05
  6560.  0.12403E-05
  6565.  0.11950E-05
  6570.  0.11494E-05
  6575.  0.11045E-05
  6580.  0.10673E-05
  6585.  0.10448E-05
  6590.  0.10298E-05
  6595.  0.10114E-05
  6600.  0.99183E-06
  6605.  0.98124E-06
  6610.  0.97562E-06
  6615.  0.96351E-06
  6620.  0.94147E-06
  6625.  0.91465E-06
  6630.  0.87972E-06
  6635.  0.83703E-06
  6640.  0.78801E-06
  6645.  0.73227E-06
  6650.  0.66668E-06
  6655.  0.59685E-06
  6660.  0.53526E-06
  6665.  0.48966E-06
  6670.  0.45552E-06
  6675.  0.42868E-06
  6680.  0.40831E-06
  6685.  0.38928E-06
  6690.  0.37121E-06
  6695.  0.36278E-06
  6700.  0.36310E-06
  6705.  0.36174E-06
  6710.  0.35231E-06
  6715.  0.34056E-06
  6720.  0.33316E-06
  6725.  0.33241E-06
  6730.  0.34028E-06
  6735.  0.35730E-06
  6740.  0.38243E-06
  6745.  0.41629E-06
  6750.  0.45399E-06
  6755.  0.49342E-06
  6760.  0.53764E-06
  6765.  0.58439E-06
  6770.  0.62366E-06
  6775.  0.65124E-06
  6780.  0.66807E-06
  6785.  0.68079E-06
  6790.  0.69803E-06
  6795.  0.72373E-06
  6800.  0.76034E-06
  6805.  0.80306E-06
  6810.  0.84842E-06
  6815.  0.89461E-06
  6820.  0.94015E-06
  6825.  0.98381E-06
  6830.  0.10295E-05
  6835.  0.10761E-05
  6840.  0.11139E-05
  6845.  0.11461E-05
  6850.  0.11852E-05
  6855.  0.12373E-05
  6860.  0.12980E-05
  6865.  0.13717E-05
  6870.  0.14600E-05
  6875.  0.15558E-05
  6880.  0.16422E-05
  6885.  0.17286E-05
  6890.  0.18191E-05
  6895.  0.19176E-05
  6900.  0.20202E-05
  6905.  0.21115E-05
  6910.  0.21866E-05
  6915.  0.22478E-05
  6920.  0.22970E-05
  6925.  0.23505E-05
  6930.  0.24214E-05
  6935.  0.25052E-05
  6940.  0.26020E-05
  6945.  0.27033E-05
  6950.  0.27977E-05
  6955.  0.28902E-05
  6960.  0.29821E-05
  6965.  0.30686E-05
  6970.  0.31439E-05
  6975.  0.32007E-05
  6980.  0.32371E-05
  6985.  0.32578E-05
  6990.  0.32642E-05
  6995.  0.32601E-05
  7000.  0.32590E-05
  7005.  0.32574E-05
  7010.  0.32460E-05
  7015.  0.32156E-05
  7020.  0.31725E-05
  7025.  0.31054E-05
  7030.  0.30127E-05
  7035.  0.28677E-05
  7040.  0.26617E-05
  7045.  0.23917E-05
  7050.  0.20777E-05
  7055.  0.17468E-05
  7060.  0.14500E-05
  7065.  0.12135E-05
  7070.  0.10494E-05
  7075.  0.93510E-06
  7080.  0.84802E-06
  7085.  0.77435E-06
  7090.  0.71583E-06
  7095.  0.67904E-06
  7100.  0.66592E-06
  7105.  0.66322E-06
  7110.  0.66202E-06
  7115.  0.65316E-06
  7120.  0.63395E-06
  7125.  0.61220E-06
  7130.  0.59019E-06
  7135.  0.57766E-06
  7140.  0.58359E-06
  7145.  0.61246E-06
  7150.  0.65993E-06
  7155.  0.72243E-06
  7160.  0.79377E-06
  7165.  0.87253E-06
  7170.  0.96326E-06
  7175.  0.10613E-05
  7180.  0.11561E-05
  7185.  0.12388E-05
  7190.  0.13071E-05
  7195.  0.13580E-05
  7200.  0.13976E-05
  7205.  0.14506E-05
  7210.  0.15275E-05
  7215.  0.16225E-05
  7220.  0.17304E-05
  7225.  0.18459E-05
  7230.  0.19706E-05
  7235.  0.21113E-05
  7240.  0.22626E-05
  7245.  0.24090E-05
  7250.  0.25486E-05
  7255.  0.26889E-05
  7260.  0.28227E-05
  7265.  0.29407E-05
  7270.  0.30504E-05
  7275.  0.31743E-05
  7280.  0.33361E-05
  7285.  0.35347E-05
  7290.  0.37686E-05
  7295.  0.40260E-05
  7300.  0.42942E-05
  7305.  0.45444E-05
  7310.  0.47780E-05
  7315.  0.49948E-05
  7320.  0.51823E-05
  7325.  0.53017E-05
  7330.  0.53738E-05
  7335.  0.53932E-05
  7340.  0.53651E-05
  7345.  0.53200E-05
  7350.  0.52965E-05
  7355.  0.53256E-05
  7360.  0.53866E-05
  7365.  0.54319E-05
  7370.  0.54328E-05
  7375.  0.54126E-05
  7380.  0.53950E-05
  7385.  0.53730E-05
  7390.  0.53415E-05
  7395.  0.52944E-05
  7400.  0.52390E-05
  7405.  0.51914E-05
  7410.  0.51597E-05
  7415.  0.51345E-05
  7420.  0.51160E-05
  7425.  0.51060E-05
  7430.  0.50973E-05
  7435.  0.50876E-05
  7440.  0.51023E-05
  7445.  0.51643E-05
  7450.  0.52524E-05
  7455.  0.53468E-05
  7460.  0.54694E-05
  7465.  0.56372E-05
  7470.  0.58307E-05
  7475.  0.60248E-05
  7480.  0.62232E-05
  7485.  0.64172E-05
  7490.  0.65887E-05
  7495.  0.67406E-05
  7500.  0.68969E-05
  7505.  0.70668E-05
  7510.  0.72531E-05
  7515.  0.74507E-05
  7520.  0.76406E-05
  7525.  0.78543E-05
  7530.  0.81002E-05
  7535.  0.83488E-05
  7540.  0.85676E-05
  7545.  0.87758E-05
  7550.  0.89351E-05
  7555.  0.90599E-05
  7560.  0.90907E-05
  7565.  0.90400E-05
  7570.  0.88593E-05
  7575.  0.86073E-05
  7580.  0.82717E-05
  7585.  0.79247E-05
  7590.  0.75473E-05
  7595.  0.72230E-05
  7600.  0.69984E-05
  7605.  0.67146E-05
  7610.  0.63793E-05
  7615.  0.59833E-05
  7620.  0.56577E-05
  7625.  0.54233E-05
  7630.  0.52550E-05
  7635.  0.51776E-05
  7640.  0.51408E-05
  7645.  0.50952E-05
  7650.  0.50089E-05
  7655.  0.48647E-05
  7660.  0.47097E-05
  7665.  0.45671E-05
  7670.  0.44420E-05
  7675.  0.43634E-05
  7680.  0.43496E-05
  7685.  0.43962E-05
  7690.  0.44736E-05
  7695.  0.45585E-05
  7700.  0.46457E-05
  7705.  0.47540E-05
  7710.  0.48863E-05
  7715.  0.50452E-05
  7720.  0.52143E-05
  7725.  0.53591E-05
  7730.  0.54408E-05
  7735.  0.54761E-05
  7740.  0.54729E-05
  7745.  0.54491E-05
  7750.  0.54322E-05
  7755.  0.54478E-05
  7760.  0.55094E-05
  7765.  0.56157E-05
  7770.  0.57397E-05
  7775.  0.58501E-05
  7780.  0.59678E-05
  7785.  0.61149E-05
  7790.  0.62800E-05
  7795.  0.64537E-05
  7800.  0.66472E-05
  7805.  0.68081E-05
  7810.  0.68867E-05
  7815.  0.68655E-05
  7820.  0.67628E-05
  7825.  0.65825E-05
  7830.  0.63836E-05
  7835.  0.62027E-05
  7840.  0.60443E-05
  7845.  0.58979E-05
  7850.  0.57527E-05
  7855.  0.55982E-05
  7860.  0.54532E-05
  7865.  0.53428E-05
  7870.  0.52825E-05
  7875.  0.52660E-05
  7880.  0.52607E-05
  7885.  0.52295E-05
  7890.  0.51682E-05
  7895.  0.51020E-05
  7900.  0.50459E-05
  7905.  0.50125E-05
  7910.  0.50148E-05
  7915.  0.50394E-05
  7920.  0.50918E-05
  7925.  0.51669E-05
  7930.  0.52336E-05
  7935.  0.52751E-05
  7940.  0.53137E-05
  7945.  0.53701E-05
  7950.  0.54408E-05
  7955.  0.55166E-05
  7960.  0.55943E-05
  7965.  0.56494E-05
  7970.  0.56772E-05
  7975.  0.57200E-05
  7980.  0.58155E-05
  7985.  0.59629E-05
  7990.  0.61467E-05
  7995.  0.63891E-05
  8000.  0.67034E-05
  8005.  0.70815E-05
  8010.  0.74883E-05
  8015.  0.78842E-05
  8020.  0.82512E-05
  8025.  0.86384E-05
  8030.  0.90655E-05
  8035.  0.94829E-05
  8040.  0.99078E-05
  8045.  0.10361E-04
  8050.  0.10836E-04
  8055.  0.11326E-04
  8060.  0.11842E-04
  8065.  0.12399E-04
  8070.  0.13011E-04
  8075.  0.13678E-04
  8080.  0.14376E-04
  8085.  0.15095E-04
  8090.  0.15820E-04
  8095.  0.16538E-04
  8100.  0.17259E-04
  8105.  0.18049E-04
  8110.  0.18932E-04
  8115.  0.19856E-04
  8120.  0.20842E-04
  8125.  0.21861E-04
  8130.  0.22827E-04
  8135.  0.23759E-04
  8140.  0.24717E-04
  8145.  0.25603E-04
  8150.  0.26326E-04
  8155.  0.27013E-04
  8160.  0.27664E-04
  8165.  0.28147E-04
  8170.  0.28261E-04
  8175.  0.28130E-04
  8180.  0.27716E-04
  8185.  0.26820E-04
  8190.  0.25409E-04
  8195.  0.23706E-04
  8200.  0.22093E-04
  8205.  0.20906E-04
  8210.  0.20293E-04
  8215.  0.20064E-04
  8220.  0.20099E-04
  8225.  0.20201E-04
  8230.  0.20290E-04
  8235.  0.20331E-04
  8240.  0.20339E-04
  8245.  0.20223E-04
  8250.  0.20008E-04
  8255.  0.19797E-04
  8260.  0.19565E-04
  8265.  0.19234E-04
  8270.  0.18789E-04
  8275.  0.18328E-04
  8280.  0.17936E-04
  8285.  0.17599E-04
  8290.  0.17227E-04
  8295.  0.16919E-04
  8300.  0.16792E-04
  8305.  0.16862E-04
  8310.  0.17082E-04
  8315.  0.17359E-04
  8320.  0.17521E-04
  8325.  0.17548E-04
  8330.  0.17552E-04
  8335.  0.17559E-04
  8340.  0.17590E-04
  8345.  0.17705E-04
  8350.  0.17879E-04
  8355.  0.18049E-04
  8360.  0.18150E-04
  8365.  0.18187E-04
  8370.  0.18169E-04
  8375.  0.18116E-04
  8380.  0.18050E-04
  8385.  0.17969E-04
  8390.  0.17932E-04
  8395.  0.17914E-04
  8400.  0.17921E-04
  8405.  0.17824E-04
  8410.  0.17525E-04
  8415.  0.16919E-04
  8420.  0.15930E-04
  8425.  0.14637E-04
  8430.  0.13157E-04
  8435.  0.11616E-04
  8440.  0.10168E-04
  8445.  0.89901E-05
  8450.  0.81256E-05
  8455.  0.75822E-05
  8460.  0.73045E-05
  8465.  0.72742E-05
  8470.  0.74344E-05
  8475.  0.77174E-05
  8480.  0.80476E-05
  8485.  0.83681E-05
  8490.  0.86241E-05
  8495.  0.88095E-05
  8500.  0.89424E-05
  8505.  0.90447E-05
  8510.  0.91561E-05
  8515.  0.93000E-05
  8520.  0.94648E-05
  8525.  0.96455E-05
  8530.  0.98490E-05
  8535.  0.10075E-04
  8540.  0.10337E-04
  8545.  0.10635E-04
  8550.  0.10945E-04
  8555.  0.11241E-04
  8560.  0.11500E-04
  8565.  0.11708E-04
  8570.  0.11871E-04
  8575.  0.12021E-04
  8580.  0.12190E-04
  8585.  0.12384E-04
  8590.  0.12613E-04
  8595.  0.12881E-04
  8600.  0.13176E-04
  8605.  0.13505E-04
  8610.  0.13851E-04
  8615.  0.14151E-04
  8620.  0.14386E-04
  8625.  0.14602E-04
  8630.  0.14808E-04
  8635.  0.15004E-04
  8640.  0.15174E-04
  8645.  0.15330E-04
  8650.  0.15481E-04
  8655.  0.15617E-04
  8660.  0.15743E-04
  8665.  0.15894E-04
  8670.  0.16076E-04
  8675.  0.16297E-04
  8680.  0.16571E-04
  8685.  0.16889E-04
  8690.  0.17279E-04
  8695.  0.17736E-04
  8700.  0.18224E-04
  8705.  0.18704E-04
  8710.  0.19206E-04
  8715.  0.19713E-04
  8720.  0.20194E-04
  8725.  0.20649E-04
  8730.  0.21103E-04
  8735.  0.21566E-04
  8740.  0.22049E-04
  8745.  0.22570E-04
  8750.  0.23120E-04
  8755.  0.23660E-04
  8760.  0.24205E-04
  8765.  0.24779E-04
  8770.  0.25428E-04
  8775.  0.26203E-04
  8780.  0.27059E-04
  8785.  0.27903E-04
  8790.  0.28692E-04
  8795.  0.29455E-04
  8800.  0.30256E-04
  8805.  0.31100E-04
  8810.  0.31846E-04
  8815.  0.32403E-04
  8820.  0.32885E-04
  8825.  0.33358E-04
  8830.  0.33800E-04
  8835.  0.34088E-04
  8840.  0.34116E-04
  8845.  0.33731E-04
  8850.  0.32624E-04
  8855.  0.30811E-04
  8860.  0.28495E-04
  8865.  0.26210E-04
  8870.  0.24303E-04
  8875.  0.22957E-04
  8880.  0.22230E-04
  8885.  0.21994E-04
  8890.  0.22195E-04
  8895.  0.22740E-04
  8900.  0.23452E-04
  8905.  0.24186E-04
  8910.  0.24860E-04
  8915.  0.25463E-04
  8920.  0.26019E-04
  8925.  0.26544E-04
  8930.  0.26918E-04
  8935.  0.27026E-04
  8940.  0.26966E-04
  8945.  0.26917E-04
  8950.  0.26985E-04
  8955.  0.27180E-04
  8960.  0.27523E-04
  8965.  0.28037E-04
  8970.  0.28764E-04
  8975.  0.29701E-04
  8980.  0.30694E-04
  8985.  0.31682E-04
  8990.  0.32680E-04
  8995.  0.33598E-04
  9000.  0.34418E-04
  9005.  0.35109E-04
  9010.  0.35587E-04
  9015.  0.35973E-04
  9020.  0.36318E-04
  9025.  0.36658E-04
  9030.  0.37072E-04
  9035.  0.37650E-04
  9040.  0.38494E-04
  9045.  0.39583E-04
  9050.  0.40832E-04
  9055.  0.42103E-04
  9060.  0.43274E-04
  9065.  0.44350E-04
  9070.  0.45295E-04
  9075.  0.45992E-04
  9080.  0.46516E-04
  9085.  0.47153E-04
  9090.  0.47893E-04
  9095.  0.48538E-04
  9100.  0.49023E-04
  9105.  0.49454E-04
  9110.  0.49965E-04
  9115.  0.50738E-04
  9120.  0.51675E-04
  9125.  0.52456E-04
  9130.  0.52934E-04
  9135.  0.53105E-04
  9140.  0.53316E-04
  9145.  0.53780E-04
  9150.  0.54075E-04
  9155.  0.54211E-04
  9160.  0.54654E-04
  9165.  0.55256E-04
  9170.  0.55658E-04
  9175.  0.55788E-04
  9180.  0.55681E-04
  9185.  0.55188E-04
  9190.  0.54304E-04
  9195.  0.53113E-04
  9200.  0.51565E-04
  9205.  0.49663E-04
  9210.  0.47463E-04
  9215.  0.45033E-04
  9220.  0.42556E-04
  9225.  0.40265E-04
  9230.  0.38381E-04
  9235.  0.36874E-04
  9240.  0.35763E-04
  9245.  0.34917E-04
  9250.  0.34389E-04
  9255.  0.34227E-04
  9260.  0.34235E-04
  9265.  0.34272E-04
  9270.  0.34355E-04
  9275.  0.34210E-04
  9280.  0.33626E-04
  9285.  0.32763E-04
  9290.  0.31917E-04
  9295.  0.31135E-04
  9300.  0.30297E-04
  9305.  0.29431E-04
  9310.  0.28737E-04
  9315.  0.28309E-04
  9320.  0.27895E-04
  9325.  0.27357E-04
  9330.  0.26688E-04
  9335.  0.25926E-04
  9340.  0.25164E-04
  9345.  0.24476E-04
  9350.  0.23862E-04
  9355.  0.23461E-04
  9360.  0.23516E-04
  9365.  0.23857E-04
  9370.  0.24340E-04
  9375.  0.24677E-04
  9380.  0.24766E-04
  9385.  0.24931E-04
  9390.  0.25315E-04
  9395.  0.25796E-04
  9400.  0.26538E-04
  9405.  0.27532E-04
  9410.  0.28448E-04
  9415.  0.29167E-04
  9420.  0.29764E-04
  9425.  0.30305E-04
  9430.  0.30721E-04
  9435.  0.30998E-04
  9440.  0.31205E-04
  9445.  0.31513E-04
  9450.  0.31699E-04
  9455.  0.31706E-04
  9460.  0.31846E-04
  9465.  0.32449E-04
  9470.  0.33251E-04
  9475.  0.33755E-04
  9480.  0.34159E-04
  9485.  0.34943E-04
  9490.  0.35827E-04
  9495.  0.36390E-04
  9500.  0.36845E-04
  9505.  0.37294E-04
  9510.  0.37753E-04
  9515.  0.38244E-04
  9520.  0.38871E-04
  9525.  0.39635E-04
  9530.  0.40132E-04
  9535.  0.40304E-04
  9540.  0.40604E-04
  9545.  0.41207E-04
  9550.  0.41916E-04
  9555.  0.42533E-04
  9560.  0.43075E-04
  9565.  0.43560E-04
  9570.  0.43711E-04
  9575.  0.43478E-04
  9580.  0.43075E-04
  9585.  0.42621E-04
  9590.  0.42357E-04
  9595.  0.42568E-04
  9600.  0.42957E-04
  9605.  0.43127E-04
  9610.  0.43156E-04
  9615.  0.43597E-04
  9620.  0.44341E-04
  9625.  0.44931E-04
  9630.  0.45457E-04
  9635.  0.46023E-04
  9640.  0.46332E-04
  9645.  0.46278E-04
  9650.  0.46159E-04
  9655.  0.46155E-04
  9660.  0.46348E-04
  9665.  0.46649E-04
  9670.  0.46886E-04
  9675.  0.46997E-04
  9680.  0.47107E-04
  9685.  0.47185E-04
  9690.  0.47429E-04
  9695.  0.47878E-04
  9700.  0.47926E-04
  9705.  0.48483E-04
  9710.  0.49029E-04
  9715.  0.49158E-04
  9720.  0.49365E-04
  9725.  0.48414E-04
  9730.  0.46043E-04
  9735.  0.44620E-04
  9740.  0.44442E-04
  9745.  0.43779E-04
  9750.  0.43265E-04
  9755.  0.43076E-04
  9760.  0.43817E-04
  9765.  0.44907E-04
  9770.  0.44957E-04
  9775.  0.44635E-04
  9780.  0.44823E-04
  9785.  0.45295E-04
  9790.  0.45890E-04
  9795.  0.46900E-04
  9800.  0.47950E-04
  9805.  0.48317E-04
  9810.  0.47657E-04
  9815.  0.46764E-04
  9820.  0.46604E-04
  9825.  0.47034E-04
  9830.  0.47051E-04
  9835.  0.46789E-04
  9840.  0.47261E-04
  9845.  0.47936E-04
  9850.  0.48789E-04
  9855.  0.49809E-04
  9860.  0.50698E-04
  9865.  0.51197E-04
  9870.  0.51819E-04
  9875.  0.52730E-04
  9880.  0.53497E-04
  9885.  0.54701E-04
  9890.  0.55210E-04
  9895.  0.54604E-04
  9900.  0.53723E-04
  9905.  0.53352E-04
  9910.  0.53421E-04
  9915.  0.53088E-04
  9920.  0.53143E-04
  9925.  0.53435E-04
  9930.  0.54000E-04
  9935.  0.55041E-04
  9940.  0.56244E-04
  9945.  0.56749E-04
  9950.  0.57442E-04
  9955.  0.60588E-04
  9960.  0.61582E-04
  9965.  0.62319E-04
  9970.  0.63137E-04
  9975.  0.64250E-04
  9980.  0.64608E-04
  9985.  0.63369E-04
  9990.  0.62792E-04
  9995.  0.63012E-04
 10000.  0.62446E-04
 10005.  0.62381E-04
 10010.  0.63121E-04
 10015.  0.64051E-04
 10020.  0.63298E-04
 10025.  0.60529E-04
 10030.  0.58242E-04
 10035.  0.57143E-04
 10040.  0.58224E-04
 10045.  0.60444E-04
 10050.  0.61318E-04
 10055.  0.61124E-04
 10060.  0.61253E-04
 10065.  0.62689E-04
 10070.  0.63535E-04
 10075.  0.63941E-04
 10080.  0.64629E-04
 10085.  0.65568E-04
 10090.  0.66511E-04
 10095.  0.67858E-04
 10100.  0.68400E-04
 10105.  0.68545E-04
 10110.  0.68710E-04
 10115.  0.68942E-04
 10120.  0.69255E-04
 10125.  0.69832E-04
 10130.  0.69433E-04
 10135.  0.67510E-04
 10140.  0.65317E-04
 10145.  0.64303E-04
 10150.  0.64684E-04
 10155.  0.65596E-04
 10160.  0.66341E-04
 10165.  0.66647E-04
 10170.  0.66703E-04
 10175.  0.67705E-04
 10180.  0.68272E-04
 10185.  0.68019E-04
 10190.  0.68061E-04
 10195.  0.68415E-04
 10200.  0.68871E-04
 10205.  0.70261E-04
 10210.  0.71125E-04
 10215.  0.71098E-04
 10220.  0.71602E-04
 10225.  0.71852E-04
 10230.  0.71494E-04
 10235.  0.71865E-04
 10240.  0.73103E-04
 10245.  0.72920E-04
 10250.  0.72019E-04
 10255.  0.71073E-04
 10260.  0.70168E-04
 10265.  0.69659E-04
 10270.  0.70187E-04
 10275.  0.70621E-04
 10280.  0.71164E-04
 10285.  0.71873E-04
 10290.  0.72121E-04
 10295.  0.72356E-04
 10300.  0.72877E-04
 10305.  0.73482E-04
 10310.  0.74350E-04
 10315.  0.74772E-04
 10320.  0.74354E-04
 10325.  0.73728E-04
 10330.  0.73837E-04
 10335.  0.74435E-04
 10340.  0.73857E-04
 10345.  0.73710E-04
 10350.  0.75094E-04
 10355.  0.76885E-04
 10360.  0.77676E-04
 10365.  0.77443E-04
 10370.  0.77266E-04
 10375.  0.76848E-04
 10380.  0.76539E-04
 10385.  0.77102E-04
 10390.  0.76777E-04
 10395.  0.76065E-04
 10400.  0.76958E-04
 10405.  0.78665E-04
 10410.  0.79833E-04
 10415.  0.79777E-04
 10420.  0.78411E-04
 10425.  0.76993E-04
 10430.  0.77520E-04
 10435.  0.78741E-04
 10440.  0.79550E-04
 10445.  0.80043E-04
 10450.  0.79767E-04
 10455.  0.76086E-04
 10460.  0.69620E-04
 10465.  0.66992E-04
 10470.  0.67400E-04
 10475.  0.64272E-04
 10480.  0.58245E-04
 10485.  0.54760E-04
 10490.  0.55130E-04
 10495.  0.57337E-04
 10500.  0.58546E-04
 10505.  0.56841E-04
 10510.  0.54935E-04
 10515.  0.55441E-04
 10520.  0.55958E-04
 10525.  0.53086E-04
 10530.  0.49713E-04
 10535.  0.49697E-04
 10540.  0.49975E-04
 10545.  0.48547E-04
 10550.  0.48226E-04
 10555.  0.49097E-04
 10560.  0.48561E-04
 10565.  0.47036E-04
 10570.  0.46842E-04
 10575.  0.47421E-04
 10580.  0.47301E-04
 10585.  0.46869E-04
 10590.  0.46982E-04
 10595.  0.47967E-04
 10600.  0.48160E-04
 10605.  0.47483E-04
 10610.  0.48403E-04
 10615.  0.50864E-04
 10620.  0.52791E-04
 10625.  0.54235E-04
 10630.  0.55826E-04
 10635.  0.57145E-04
 10640.  0.58103E-04
 10645.  0.59078E-04
 10650.  0.59647E-04
 10655.  0.58707E-04
 10660.  0.57431E-04
 10665.  0.58588E-04
 10670.  0.60979E-04
 10675.  0.61915E-04
 10680.  0.62134E-04
 10685.  0.62366E-04
 10690.  0.62156E-04
 10695.  0.62405E-04
 10700.  0.63747E-04
 10705.  0.65709E-04
 10710.  0.67007E-04
 10715.  0.67468E-04
 10720.  0.67212E-04
 10725.  0.66273E-04
 10730.  0.66151E-04
 10735.  0.67143E-04
 10740.  0.68460E-04
 10745.  0.69874E-04
 10750.  0.71302E-04
 10755.  0.72709E-04
 10760.  0.73914E-04
 10765.  0.74306E-04
 10770.  0.73937E-04
 10775.  0.73728E-04
 10780.  0.74811E-04
 10785.  0.76237E-04
 10790.  0.76520E-04
 10795.  0.76578E-04
 10800.  0.77109E-04
 10805.  0.77747E-04
 10810.  0.78324E-04
 10815.  0.78127E-04
 10820.  0.78210E-04
 10825.  0.79814E-04
 10830.  0.81254E-04
 10835.  0.81859E-04
 10840.  0.82184E-04
 10845.  0.82594E-04
 10850.  0.82900E-04
 10855.  0.82879E-04
 10860.  0.83121E-04
 10865.  0.82523E-04
 10870.  0.80954E-04
 10875.  0.80613E-04
 10880.  0.81222E-04
 10885.  0.81261E-04
 10890.  0.81356E-04
 10895.  0.81515E-04
 10900.  0.81848E-04
 10905.  0.83052E-04
 10910.  0.83650E-04
 10915.  0.82572E-04
 10920.  0.79849E-04
 10925.  0.78264E-04
 10930.  0.80105E-04
 10935.  0.82776E-04
 10940.  0.83110E-04
 10945.  0.81817E-04
 10950.  0.80627E-04
 10955.  0.78772E-04
 10960.  0.77960E-04
 10965.  0.77146E-04
 10970.  0.75640E-04
 10975.  0.76525E-04
 10980.  0.77747E-04
 10985.  0.76811E-04
 10990.  0.75671E-04
 10995.  0.74812E-04
 11000.  0.73764E-04
 11005.  0.73434E-04
 11010.  0.73940E-04
 11015.  0.74272E-04
 11020.  0.74245E-04
 11025.  0.72520E-04
 11030.  0.67424E-04
 11035.  0.62628E-04
 11040.  0.61918E-04
 11045.  0.62257E-04
 11050.  0.61015E-04
 11055.  0.60363E-04
 11060.  0.61670E-04
 11065.  0.62986E-04
 11070.  0.63333E-04
 11075.  0.63350E-04
 11080.  0.64342E-04
 11085.  0.65598E-04
 11090.  0.65878E-04
 11095.  0.65044E-04
 11100.  0.63890E-04
 11105.  0.63033E-04
 11110.  0.64066E-04
 11115.  0.65704E-04
 11120.  0.66041E-04
 11125.  0.65721E-04
 11130.  0.65757E-04
 11135.  0.66330E-04
 11140.  0.67553E-04
 11145.  0.68412E-04
 11150.  0.68191E-04
 11155.  0.67313E-04
 11160.  0.66605E-04
 11165.  0.66578E-04
 11170.  0.66151E-04
 11175.  0.67093E-04
 11180.  0.68476E-04
 11185.  0.68432E-04
 11190.  0.66275E-04
 11195.  0.65359E-04
 11200.  0.68519E-04
 11205.  0.70246E-04
 11210.  0.69286E-04
 11215.  0.68059E-04
 11220.  0.70279E-04
 11225.  0.72406E-04
 11230.  0.72244E-04
 11235.  0.72611E-04
 11240.  0.71814E-04
 11245.  0.70818E-04
 11250.  0.71201E-04
 11255.  0.72597E-04
 11260.  0.72899E-04
 11265.  0.73806E-04
 11270.  0.74406E-04
 11275.  0.73369E-04
 11280.  0.71895E-04
 11285.  0.72844E-04
 11290.  0.73626E-04
 11295.  0.73515E-04
 11300.  0.72926E-04
 11305.  0.71647E-04
 11310.  0.70172E-04
 11315.  0.69926E-04
 11320.  0.71227E-04
 11325.  0.71363E-04
 11330.  0.69173E-04
 11335.  0.65948E-04
 11340.  0.64476E-04
 11345.  0.68978E-04
 11350.  0.70316E-04
 11355.  0.70895E-04
 11360.  0.71743E-04
 11365.  0.70675E-04
 11370.  0.69844E-04
 11375.  0.70247E-04
 11380.  0.72437E-04
 11385.  0.73061E-04
 11390.  0.71830E-04
 11395.  0.72897E-04
 11400.  0.73637E-04
 11405.  0.73991E-04
 11410.  0.74475E-04
 11415.  0.74435E-04
 11420.  0.74257E-04
 11425.  0.73179E-04
 11430.  0.71223E-04
 11435.  0.70281E-04
 11440.  0.72223E-04
 11445.  0.73716E-04
 11450.  0.74410E-04
 11455.  0.73809E-04
 11460.  0.72810E-04
 11465.  0.74042E-04
 11470.  0.76372E-04
 11475.  0.75644E-04
 11480.  0.74557E-04
 11485.  0.76276E-04
 11490.  0.77628E-04
 11495.  0.78004E-04
 11500.  0.77588E-04
 11505.  0.76614E-04
 11510.  0.76963E-04
 11515.  0.76939E-04
 11520.  0.76862E-04
 11525.  0.75745E-04
 11530.  0.74113E-04
 11535.  0.74511E-04
 11540.  0.76516E-04
 11545.  0.77665E-04
 11550.  0.77889E-04
 11555.  0.77315E-04
 11560.  0.76413E-04
 11565.  0.76006E-04
 11570.  0.76349E-04
 11575.  0.77726E-04
 11580.  0.78671E-04
 11585.  0.78301E-04
 11590.  0.77306E-04
 11595.  0.76444E-04
 11600.  0.76153E-04
 11605.  0.75901E-04
 11610.  0.75280E-04
 11615.  0.75370E-04
 11620.  0.76994E-04
 11625.  0.78538E-04
 11630.  0.77847E-04
 11635.  0.77014E-04
 11640.  0.77611E-04
 11645.  0.77891E-04
 11650.  0.77310E-04
 11655.  0.76915E-04
 11660.  0.77771E-04
 11665.  0.78518E-04
 11670.  0.78544E-04
 11675.  0.78018E-04
 11680.  0.76833E-04
 11685.  0.76096E-04
 11690.  0.76318E-04
 11695.  0.76826E-04
 11700.  0.77835E-04
 11705.  0.78846E-04
 11710.  0.78321E-04
 11715.  0.78072E-04
 11720.  0.79313E-04
 11725.  0.79142E-04
 11730.  0.77181E-04
 11735.  0.77031E-04
 11740.  0.79263E-04
 11745.  0.79734E-04
 11750.  0.78512E-04
 11755.  0.77815E-04
 11760.  0.77637E-04
 11765.  0.75720E-04
 11770.  0.73565E-04
 11775.  0.73619E-04
 11780.  0.74757E-04
 11785.  0.75702E-04
 11790.  0.76751E-04
 11795.  0.77444E-04
 11800.  0.77711E-04
 11805.  0.77566E-04
 11810.  0.76348E-04
 11815.  0.75822E-04
 11820.  0.77009E-04
 11825.  0.77093E-04
 11830.  0.76200E-04
 11835.  0.75324E-04
 11840.  0.75160E-04
 11845.  0.74010E-04
 11850.  0.72885E-04
 11855.  0.73882E-04
 11860.  0.75545E-04
 11865.  0.76555E-04
 11870.  0.77083E-04
 11875.  0.76842E-04
 11880.  0.75606E-04
 11885.  0.75257E-04
 11890.  0.76569E-04
 11895.  0.78379E-04
 11900.  0.79417E-04
 11905.  0.78986E-04
 11910.  0.77608E-04
 11915.  0.76948E-04
 11920.  0.77718E-04
 11925.  0.78861E-04
 11930.  0.79431E-04
 11935.  0.79281E-04
 11940.  0.78707E-04
 11945.  0.78053E-04
 11950.  0.77997E-04
 11955.  0.78969E-04
 11960.  0.80145E-04
 11965.  0.80397E-04
 11970.  0.79166E-04
 11975.  0.78147E-04
 11980.  0.78719E-04
 11985.  0.80158E-04
 11990.  0.81348E-04
 11995.  0.81585E-04
 12000.  0.81022E-04
 12005.  0.80602E-04
 12010.  0.80932E-04
 12015.  0.81350E-04
 12020.  0.81089E-04
 12025.  0.80819E-04
 12030.  0.81037E-04
 12035.  0.81638E-04
 12040.  0.81683E-04
 12045.  0.82017E-04
 12050.  0.83161E-04
 12055.  0.84254E-04
 12060.  0.84088E-04
 12065.  0.83100E-04
 12070.  0.82740E-04
 12075.  0.83131E-04
 12080.  0.83112E-04
 12085.  0.82627E-04
 12090.  0.82898E-04
 12095.  0.84399E-04
 12100.  0.85459E-04
 12105.  0.84890E-04
 12110.  0.83588E-04
 12115.  0.83004E-04
 12120.  0.83478E-04
 12125.  0.83936E-04
 12130.  0.84492E-04
 12135.  0.85653E-04
 12140.  0.86486E-04
 12145.  0.86841E-04
 12150.  0.86925E-04
 12155.  0.86556E-04
 12160.  0.86304E-04
 12165.  0.86480E-04
 12170.  0.86783E-04
 12175.  0.86757E-04
 12180.  0.86754E-04
 12185.  0.86842E-04
 12190.  0.87005E-04
 12195.  0.87133E-04
 12200.  0.87152E-04
 12205.  0.87019E-04
 12210.  0.86716E-04
 12215.  0.86639E-04
 12220.  0.86454E-04
 12225.  0.86368E-04
 12230.  0.86647E-04
 12235.  0.87054E-04
 12240.  0.86939E-04
 12245.  0.86300E-04
 12250.  0.85706E-04
 12255.  0.85723E-04
 12260.  0.85589E-04
 12265.  0.84824E-04
 12270.  0.84576E-04
 12275.  0.85685E-04
 12280.  0.86487E-04
 12285.  0.85875E-04
 12290.  0.85330E-04
 12295.  0.85507E-04
 12300.  0.86346E-04
 12305.  0.86923E-04
 12310.  0.86885E-04
 12315.  0.86368E-04
 12320.  0.86249E-04
 12325.  0.86560E-04
 12330.  0.86932E-04
 12335.  0.86665E-04
 12340.  0.86123E-04
 12345.  0.86184E-04
 12350.  0.86817E-04
 12355.  0.87236E-04
 12360.  0.87216E-04
 12365.  0.87146E-04
 12370.  0.87457E-04
 12375.  0.87723E-04
 12380.  0.87611E-04
 12385.  0.87354E-04
 12390.  0.86988E-04
 12395.  0.87105E-04
 12400.  0.87074E-04
 12405.  0.87312E-04
 12410.  0.87222E-04
 12415.  0.85980E-04
 12420.  0.83971E-04
 12425.  0.82615E-04
 12430.  0.81738E-04
 12435.  0.81622E-04
 12440.  0.82536E-04
 12445.  0.83554E-04
 12450.  0.83720E-04
 12455.  0.83875E-04
 12460.  0.84192E-04
 12465.  0.84559E-04
 12470.  0.84999E-04
 12475.  0.84762E-04
 12480.  0.84903E-04
 12485.  0.85252E-04
 12490.  0.85622E-04
 12495.  0.85886E-04
 12500.  0.86145E-04
 12505.  0.86198E-04
 12510.  0.86024E-04
 12515.  0.85242E-04
 12520.  0.84642E-04
 12525.  0.85046E-04
 12530.  0.85818E-04
 12535.  0.86252E-04
 12540.  0.86700E-04
 12545.  0.86933E-04
 12550.  0.87161E-04
 12555.  0.87238E-04
 12560.  0.86934E-04
 12565.  0.86410E-04
 12570.  0.86230E-04
 12575.  0.86301E-04
 12580.  0.86555E-04
 12585.  0.86814E-04
 12590.  0.86735E-04
 12595.  0.85908E-04
 12600.  0.85529E-04
 12605.  0.86177E-04
 12610.  0.87128E-04
 12615.  0.87526E-04
 12620.  0.87766E-04
 12625.  0.87898E-04
 12630.  0.87273E-04
 12635.  0.86485E-04
 12640.  0.86286E-04
 12645.  0.86407E-04
 12650.  0.86720E-04
 12655.  0.86954E-04
 12660.  0.87224E-04
 12665.  0.87123E-04
 12670.  0.86469E-04
 12675.  0.85495E-04
 12680.  0.85231E-04
 12685.  0.86283E-04
 12690.  0.86979E-04
 12695.  0.87948E-04
 12700.  0.88404E-04
 12705.  0.88484E-04
 12710.  0.88489E-04
 12715.  0.88530E-04
 12720.  0.88655E-04
 12725.  0.88463E-04
 12730.  0.87820E-04
 12735.  0.87091E-04
 12740.  0.86970E-04
 12745.  0.88021E-04
 12750.  0.88808E-04
 12755.  0.89440E-04
 12760.  0.89833E-04
 12765.  0.89963E-04
 12770.  0.90093E-04
 12775.  0.90280E-04
 12780.  0.90179E-04
 12785.  0.90160E-04
 12790.  0.90248E-04
 12795.  0.89941E-04
 12800.  0.89620E-04
 12805.  0.90324E-04
 12810.  0.92872E-04
 12815.  0.95008E-04
 12820.  0.93612E-04
 12825.  0.90505E-04
 12830.  0.88272E-04
 12835.  0.88371E-04
 12840.  0.88617E-04
 12845.  0.88965E-04
 12850.  0.89592E-04
 12855.  0.89800E-04
 12860.  0.89734E-04
 12865.  0.90105E-04
 12870.  0.90186E-04
 12875.  0.89167E-04
 12880.  0.88237E-04
 12885.  0.88440E-04
 12890.  0.88591E-04
 12895.  0.87500E-04
 12900.  0.86572E-04
 12905.  0.86823E-04
 12910.  0.87402E-04
 12915.  0.87318E-04
 12920.  0.87336E-04
 12925.  0.88281E-04
 12930.  0.88848E-04
 12935.  0.88730E-04
 12940.  0.88632E-04
 12945.  0.88632E-04
 12950.  0.89105E-04
 12955.  0.89573E-04
 12960.  0.89803E-04
 12965.  0.89840E-04
 12970.  0.89779E-04
 12975.  0.89253E-04
 12980.  0.88760E-04
 12985.  0.88855E-04
 12990.  0.89404E-04
 12995.  0.89467E-04
 13000.  0.88768E-04
 13005.  0.87733E-04
 13010.  0.87270E-04
 13015.  0.87992E-04
 13020.  0.89291E-04
 13025.  0.89867E-04
 13030.  0.89334E-04
 13035.  0.89239E-04
 13040.  0.89840E-04
 13045.  0.90007E-04
 13050.  0.90122E-04
 13055.  0.90266E-04
 13060.  0.89800E-04
 13065.  0.89707E-04
 13070.  0.89143E-04
 13075.  0.88757E-04
 13080.  0.88655E-04
 13085.  0.88223E-04
 13090.  0.87949E-04
 13095.  0.88086E-04
 13100.  0.88636E-04
 13105.  0.89540E-04
 13110.  0.89758E-04
 13115.  0.88600E-04
 13120.  0.86843E-04
 13125.  0.85939E-04
 13130.  0.86832E-04
 13135.  0.87868E-04
 13140.  0.87515E-04
 13145.  0.86418E-04
 13150.  0.85837E-04
 13155.  0.86822E-04
 13160.  0.88004E-04
 13165.  0.89368E-04
 13170.  0.89384E-04
 13175.  0.88008E-04
 13180.  0.87393E-04
 13185.  0.87639E-04
 13190.  0.87927E-04
 13195.  0.88065E-04
 13200.  0.88147E-04
 13205.  0.87362E-04
 13210.  0.87122E-04
 13215.  0.86938E-04
 13220.  0.86718E-04
 13225.  0.87325E-04
 13230.  0.87283E-04
 13235.  0.87043E-04
 13240.  0.86840E-04
 13245.  0.85114E-04
 13250.  0.84111E-04
 13255.  0.84680E-04
 13260.  0.84892E-04
 13265.  0.85276E-04
 13270.  0.84970E-04
 13275.  0.83219E-04
 13280.  0.81715E-04
 13285.  0.80524E-04
 13290.  0.78889E-04
 13295.  0.77609E-04
 13300.  0.77049E-04
 13305.  0.75587E-04
 13310.  0.71744E-04
 13315.  0.66178E-04
 13320.  0.64464E-04
 13325.  0.66145E-04
 13330.  0.67797E-04
 13335.  0.65983E-04
 13340.  0.59060E-04
 13345.  0.53114E-04
 13350.  0.51249E-04
 13355.  0.53050E-04
 13360.  0.53037E-04
 13365.  0.50755E-04
 13370.  0.49404E-04
 13375.  0.50031E-04
 13380.  0.51875E-04
 13385.  0.54360E-04
 13390.  0.56483E-04
 13395.  0.57582E-04
 13400.  0.58316E-04
 13405.  0.56812E-04
 13410.  0.53987E-04
 13415.  0.50498E-04
 13420.  0.47571E-04
 13425.  0.46674E-04
 13430.  0.47193E-04
 13435.  0.48528E-04
 13440.  0.49929E-04
 13445.  0.49796E-04
 13450.  0.50401E-04
 13455.  0.52250E-04
 13460.  0.52079E-04
 13465.  0.50201E-04
 13470.  0.48770E-04
 13475.  0.49558E-04
 13480.  0.51922E-04
 13485.  0.53352E-04
 13490.  0.49947E-04
 13495.  0.49896E-04
 13500.  0.49844E-04
 13505.  0.49793E-04
 13510.  0.49742E-04
 13515.  0.49690E-04
 13520.  0.49639E-04
 13525.  0.49588E-04
 13530.  0.49537E-04
 13535.  0.49485E-04
 13540.  0.49434E-04
 13545.  0.49383E-04
 13550.  0.49331E-04
 13555.  0.49280E-04
 13560.  0.49229E-04
 13565.  0.49177E-04
 13570.  0.49126E-04
 13575.  0.49075E-04
 13580.  0.49024E-04
 13585.  0.48972E-04
 13590.  0.48921E-04
 13595.  0.48870E-04
 13600.  0.48818E-04
 13605.  0.48767E-04
 13610.  0.48716E-04
 13615.  0.48664E-04
 13620.  0.48613E-04
 13625.  0.48562E-04
 13630.  0.48511E-04
 13635.  0.48459E-04
 13640.  0.48408E-04
 13645.  0.48357E-04
 13650.  0.48305E-04
 13655.  0.48254E-04
 13660.  0.48203E-04
 13665.  0.48152E-04
 13670.  0.48100E-04
 13675.  0.48049E-04
 13680.  0.47998E-04
 13685.  0.47946E-04
 13690.  0.47895E-04
 13695.  0.47844E-04
 13700.  0.47792E-04
 13705.  0.47741E-04
 13710.  0.47690E-04
 13715.  0.47639E-04
 13720.  0.47587E-04
 13725.  0.47536E-04
 13730.  0.47485E-04
 13735.  0.47433E-04
 13740.  0.47382E-04
 13745.  0.47331E-04
 13750.  0.47279E-04
 13755.  0.47228E-04
 13760.  0.47177E-04
 13765.  0.47126E-04
 13770.  0.47074E-04
 13775.  0.47023E-04
 13780.  0.46972E-04
 13785.  0.46920E-04
 13790.  0.46869E-04
 13795.  0.46818E-04
 13800.  0.46767E-04
 13805.  0.46715E-04
 13810.  0.46664E-04
 13815.  0.46613E-04
 13820.  0.46561E-04
 13825.  0.46510E-04
 13830.  0.46459E-04
 13835.  0.46407E-04
 13840.  0.46356E-04
 13845.  0.46305E-04
 13850.  0.46254E-04
 13855.  0.46202E-04
 13860.  0.46151E-04
 13865.  0.46100E-04
 13870.  0.46048E-04
 13875.  0.45997E-04
 13880.  0.45946E-04
 13885.  0.45894E-04
 13890.  0.45843E-04
 13895.  0.45792E-04
 13900.  0.45741E-04
 13905.  0.45689E-04
 13910.  0.45638E-04
 13915.  0.45587E-04
 13920.  0.45535E-04
 13925.  0.45484E-04
 13930.  0.45433E-04
 13935.  0.45382E-04
 13940.  0.45330E-04
 13945.  0.45279E-04
 13950.  0.45228E-04
 13955.  0.45176E-04
 13960.  0.45125E-04
 13965.  0.45074E-04
 13970.  0.45022E-04
 13975.  0.44971E-04
 13980.  0.44920E-04
 13985.  0.44869E-04
 13990.  0.44817E-04
 13995.  0.44766E-04
 14000.  0.44715E-04
 14005.  0.44663E-04
 14010.  0.44612E-04
 14015.  0.44561E-04
 14020.  0.44509E-04
 14025.  0.44458E-04
 14030.  0.44407E-04
 14035.  0.44356E-04
 14040.  0.44304E-04
 14045.  0.44253E-04
 14050.  0.44202E-04
 14055.  0.44150E-04
 14060.  0.44099E-04
 14065.  0.44048E-04
 14070.  0.43996E-04
 14075.  0.43945E-04
 14080.  0.43894E-04
 14085.  0.43843E-04
 14090.  0.43791E-04
 14095.  0.43740E-04
 14100.  0.43689E-04
 14105.  0.43637E-04
 14110.  0.43586E-04
 14115.  0.43535E-04
 14120.  0.43484E-04
 14125.  0.43432E-04
 14130.  0.43381E-04
 14135.  0.43330E-04
 14140.  0.43278E-04
 14145.  0.43227E-04
 14150.  0.43176E-04
 14155.  0.43124E-04
 14160.  0.43073E-04
 14165.  0.43022E-04
 14170.  0.42971E-04
 14175.  0.42919E-04
 14180.  0.42868E-04
 14185.  0.42817E-04
 14190.  0.42765E-04
 14195.  0.42714E-04
 14200.  0.42663E-04
 14205.  0.42611E-04
 14210.  0.42560E-04
 14215.  0.42509E-04
 14220.  0.42458E-04
 14225.  0.42406E-04
 14230.  0.42355E-04
 14235.  0.42304E-04
 14240.  0.42252E-04
 14245.  0.42201E-04
 14250.  0.42150E-04
 14255.  0.42099E-04
 14260.  0.42047E-04
 14265.  0.41996E-04
 14270.  0.41945E-04
 14275.  0.41893E-04
 14280.  0.41842E-04
 14285.  0.41791E-04
 14290.  0.40052E-04
 14295.  0.45406E-04
 14300.  0.48447E-04
 14305.  0.49112E-04
 14310.  0.48557E-04
 14315.  0.44928E-04
 14320.  0.42354E-04
 14325.  0.42315E-04
 14330.  0.40753E-04
 14335.  0.39448E-04
 14340.  0.40564E-04
 14345.  0.40206E-04
 14350.  0.38880E-04
 14355.  0.38335E-04
 14360.  0.37968E-04
 14365.  0.37673E-04
 14370.  0.39269E-04
 14375.  0.42596E-04
 14380.  0.44822E-04
 14385.  0.44067E-04
 14390.  0.43104E-04
 14395.  0.41833E-04
 14400.  0.40494E-04
 14405.  0.40150E-04
 14410.  0.40028E-04
 14415.  0.39548E-04
 14420.  0.41047E-04
 14425.  0.45729E-04
 14430.  0.45966E-04
 14435.  0.43333E-04
 14440.  0.39888E-04
 14445.  0.36960E-04
 14450.  0.38424E-04
 14455.  0.40723E-04
 14460.  0.40741E-04
 14465.  0.41043E-04
 14470.  0.42741E-04
 14475.  0.43684E-04
 14480.  0.45997E-04
 14485.  0.48422E-04
 14490.  0.48445E-04
 14495.  0.46221E-04
 14500.  0.48165E-04
 14505.  0.50260E-04
 14510.  0.49765E-04
 14515.  0.47931E-04
 14520.  0.47811E-04
 14525.  0.46177E-04
 14530.  0.43720E-04
 14535.  0.42621E-04
 14540.  0.43705E-04
 14545.  0.45129E-04
 14550.  0.45032E-04
 14555.  0.43033E-04
 14560.  0.41336E-04
 14565.  0.42439E-04
 14570.  0.46086E-04
 14575.  0.49613E-04
 14580.  0.51555E-04
 14585.  0.52208E-04
 14590.  0.51905E-04
 14595.  0.49828E-04
 14600.  0.45757E-04
 14605.  0.42043E-04
 14610.  0.40934E-04
 14615.  0.40652E-04
 14620.  0.40086E-04
 14625.  0.41744E-04
 14630.  0.45643E-04
 14635.  0.47796E-04
 14640.  0.48565E-04
 14645.  0.49760E-04
 14650.  0.49737E-04
 14655.  0.48477E-04
 14660.  0.47301E-04
 14665.  0.46295E-04
 14670.  0.44119E-04
 14675.  0.41105E-04
 14680.  0.38855E-04
 14685.  0.38538E-04
 14690.  0.39597E-04
 14695.  0.40390E-04
 14700.  0.41877E-04
 14705.  0.44268E-04
 14710.  0.45433E-04
 14715.  0.47042E-04
 14720.  0.50668E-04
 14725.  0.51250E-04
 14730.  0.49140E-04
 14735.  0.46414E-04
 14740.  0.44274E-04
 14745.  0.43916E-04
 14750.  0.44665E-04
 14755.  0.45264E-04
 14760.  0.45155E-04
 14765.  0.44975E-04
 14770.  0.46672E-04
 14775.  0.49765E-04
 14780.  0.50666E-04
 14785.  0.49405E-04
 14790.  0.46732E-04
 14795.  0.45053E-04
 14800.  0.45997E-04
 14805.  0.47553E-04
 14810.  0.47450E-04
 14815.  0.48231E-04
 14820.  0.48077E-04
 14825.  0.48551E-04
 14830.  0.49909E-04
 14835.  0.50448E-04
 14840.  0.49809E-04
 14845.  0.48394E-04
 14850.  0.47796E-04
 14855.  0.48641E-04
 14860.  0.50337E-04
 14865.  0.51700E-04
 14870.  0.50775E-04
 14875.  0.48391E-04
 14880.  0.46226E-04
 14885.  0.45862E-04
 14890.  0.47615E-04
 14895.  0.49301E-04
 14900.  0.49373E-04
 14905.  0.49207E-04
 14910.  0.49786E-04
 14915.  0.49971E-04
 14920.  0.50093E-04
 14925.  0.50266E-04
 14930.  0.49938E-04
 14935.  0.49664E-04
 14940.  0.50102E-04
 14945.  0.50775E-04
 14950.  0.51457E-04
 14955.  0.51821E-04
 14960.  0.52604E-04
 14965.  0.52980E-04
 14970.  0.53162E-04
 14975.  0.53557E-04
 14980.  0.53689E-04
 14985.  0.53491E-04
 14990.  0.53228E-04
 14995.  0.52769E-04
 15000.  0.51934E-04
 15005.  0.50969E-04
 15010.  0.49770E-04
 15015.  0.49044E-04
 15020.  0.49380E-04
 15025.  0.50419E-04
 15030.  0.51826E-04
 15035.  0.53450E-04
 15040.  0.54553E-04
 15045.  0.53942E-04
 15050.  0.52602E-04
 15055.  0.52067E-04
 15060.  0.52485E-04
 15065.  0.52812E-04
 15070.  0.52301E-04
 15075.  0.51694E-04
 15080.  0.52560E-04
 15085.  0.55057E-04
 15090.  0.56195E-04
 15095.  0.55301E-04
 15100.  0.54005E-04
 15105.  0.53676E-04
 15110.  0.54450E-04
 15115.  0.55042E-04
 15120.  0.54244E-04
 15125.  0.52322E-04
 15130.  0.51279E-04
 15135.  0.53161E-04
 15140.  0.56013E-04
 15145.  0.57847E-04
 15150.  0.58582E-04
 15155.  0.57865E-04
 15160.  0.55871E-04
 15165.  0.53754E-04
 15170.  0.52949E-04
 15175.  0.53695E-04
 15180.  0.55054E-04
 15185.  0.56221E-04
 15190.  0.57042E-04
 15195.  0.57862E-04
 15200.  0.59281E-04
 15205.  0.60443E-04
 15210.  0.60430E-04
 15215.  0.59420E-04
 15220.  0.58953E-04
 15225.  0.60090E-04
 15230.  0.61509E-04
 15235.  0.61243E-04
 15240.  0.59554E-04
 15245.  0.58123E-04
 15250.  0.57462E-04
 15255.  0.56943E-04
 15260.  0.56263E-04
 15265.  0.55858E-04
 15270.  0.55928E-04
 15275.  0.56250E-04
 15280.  0.57026E-04
 15285.  0.58733E-04
 15290.  0.60780E-04
 15295.  0.62556E-04
 15300.  0.63551E-04
 15305.  0.63562E-04
 15310.  0.62243E-04
 15315.  0.60057E-04
 15320.  0.58677E-04
 15325.  0.59561E-04
 15330.  0.62211E-04
 15335.  0.64468E-04
 15340.  0.64882E-04
 15345.  0.64403E-04
 15350.  0.63963E-04
 15355.  0.63833E-04
 15360.  0.63500E-04
 15365.  0.62365E-04
 15370.  0.60796E-04
 15375.  0.60234E-04
 15380.  0.60787E-04
 15385.  0.61648E-04
 15390.  0.62241E-04
 15395.  0.61794E-04
 15400.  0.61071E-04
 15405.  0.61258E-04
 15410.  0.62198E-04
 15415.  0.62095E-04
 15420.  0.60118E-04
 15425.  0.58391E-04
 15430.  0.58839E-04
 15435.  0.61799E-04
 15440.  0.65897E-04
 15445.  0.69374E-04
 15450.  0.70969E-04
 15455.  0.70305E-04
 15460.  0.68418E-04
 15465.  0.66750E-04
 15470.  0.66638E-04
 15475.  0.67644E-04
 15480.  0.69168E-04
 15485.  0.69988E-04
 15490.  0.69443E-04
 15495.  0.67587E-04
 15500.  0.65561E-04
 15505.  0.64920E-04
 15510.  0.66498E-04
 15515.  0.69167E-04
 15520.  0.71267E-04
 15525.  0.71628E-04
 15530.  0.70314E-04
 15535.  0.68622E-04
 15540.  0.67985E-04
 15545.  0.68444E-04
 15550.  0.68886E-04
 15555.  0.68278E-04
 15560.  0.66795E-04
 15565.  0.64796E-04
 15570.  0.62086E-04
 15575.  0.59165E-04
 15580.  0.57425E-04
 15585.  0.57714E-04
 15590.  0.59247E-04
 15595.  0.60867E-04
 15600.  0.62217E-04
 15605.  0.63787E-04
 15610.  0.65693E-04
 15615.  0.67249E-04
 15620.  0.67760E-04
 15625.  0.67622E-04
 15630.  0.67753E-04
 15635.  0.67947E-04
 15640.  0.67315E-04
 15645.  0.65786E-04
 15650.  0.64855E-04
 15655.  0.66119E-04
 15660.  0.69318E-04
 15665.  0.72591E-04
 15670.  0.74330E-04
 15675.  0.74387E-04
 15680.  0.73545E-04
 15685.  0.72891E-04
 15690.  0.72718E-04
 15695.  0.72822E-04
 15700.  0.73037E-04
 15705.  0.73034E-04
 15710.  0.72304E-04
 15715.  0.70942E-04
 15720.  0.69893E-04
 15725.  0.70141E-04
 15730.  0.72169E-04
 15735.  0.75104E-04
 15740.  0.77526E-04
 15745.  0.78082E-04
 15750.  0.76621E-04
 15755.  0.74540E-04
 15760.  0.72849E-04
 15765.  0.69833E-04
 15770.  0.66497E-04
 15775.  0.63002E-04
 15780.  0.61112E-04
 15785.  0.61860E-04
 15790.  0.64047E-04
 15795.  0.66055E-04
 15800.  0.67535E-04
 15805.  0.68859E-04
 15810.  0.69924E-04
 15815.  0.70636E-04
 15820.  0.70831E-04
 15825.  0.70478E-04
 15830.  0.69912E-04
 15835.  0.69750E-04
 15840.  0.70342E-04
 15845.  0.71778E-04
 15850.  0.73777E-04
 15855.  0.75116E-04
 15860.  0.75538E-04
 15865.  0.75901E-04
 15870.  0.76356E-04
 15875.  0.76039E-04
 15880.  0.74145E-04
 15885.  0.71189E-04
 15890.  0.69104E-04
 15895.  0.69387E-04
 15900.  0.71356E-04
 15905.  0.72841E-04
 15910.  0.73394E-04
 15915.  0.73366E-04
 15920.  0.73581E-04
 15925.  0.74556E-04
 15930.  0.75924E-04
 15935.  0.77161E-04
 15940.  0.78166E-04
 15945.  0.78993E-04
 15950.  0.79355E-04
 15955.  0.78942E-04
 15960.  0.77880E-04
 15965.  0.76592E-04
 15970.  0.74706E-04
 15975.  0.71709E-04
 15980.  0.68762E-04
 15985.  0.67725E-04
 15990.  0.68483E-04
 15995.  0.69927E-04
 16000.  0.71527E-04
 16005.  0.72736E-04
 16010.  0.73199E-04
 16015.  0.73274E-04
 16020.  0.73552E-04
 16025.  0.74226E-04
 16030.  0.74949E-04
 16035.  0.75449E-04
 16040.  0.75839E-04
 16045.  0.75917E-04
 16050.  0.75621E-04
 16055.  0.74913E-04
 16060.  0.73918E-04
 16065.  0.73177E-04
 16070.  0.73498E-04
 16075.  0.75375E-04
 16080.  0.78009E-04
 16085.  0.80141E-04
 16090.  0.81307E-04
 16095.  0.81519E-04
 16100.  0.81813E-04
 16105.  0.82348E-04
 16110.  0.82135E-04
 16115.  0.80592E-04
 16120.  0.78012E-04
 16125.  0.76634E-04
 16130.  0.77053E-04
 16135.  0.78593E-04
 16140.  0.79634E-04
 16145.  0.79691E-04
 16150.  0.79266E-04
 16155.  0.79673E-04
 16160.  0.81002E-04
 16165.  0.82782E-04
 16170.  0.83501E-04
 16175.  0.81798E-04
 16180.  0.77474E-04
 16185.  0.71474E-04
 16190.  0.67909E-04
 16195.  0.66706E-04
 16200.  0.67266E-04
 16205.  0.68639E-04
 16210.  0.70327E-04
 16215.  0.72048E-04
 16220.  0.73093E-04
 16225.  0.74030E-04
 16230.  0.75086E-04
 16235.  0.75520E-04
 16240.  0.74516E-04
 16245.  0.72361E-04
 16250.  0.71023E-04
 16255.  0.71656E-04
 16260.  0.74214E-04
 16265.  0.77170E-04
 16270.  0.79439E-04
 16275.  0.80722E-04
 16280.  0.81031E-04
 16285.  0.80970E-04
 16290.  0.80772E-04
 16295.  0.80407E-04
 16300.  0.79743E-04
 16305.  0.79141E-04
 16310.  0.79162E-04
 16315.  0.79420E-04
 16320.  0.79761E-04
 16325.  0.80104E-04
 16330.  0.79936E-04
 16335.  0.79499E-04
 16340.  0.78766E-04
 16345.  0.78181E-04
 16350.  0.78235E-04
 16355.  0.79093E-04
 16360.  0.80370E-04
 16365.  0.81706E-04
 16370.  0.82740E-04
 16375.  0.83275E-04
 16380.  0.83223E-04
 16385.  0.82445E-04
 16390.  0.80211E-04
 16395.  0.77638E-04
 16400.  0.75199E-04
 16405.  0.74375E-04
 16410.  0.75062E-04
 16415.  0.76441E-04
 16420.  0.77143E-04
 16425.  0.77280E-04
 16430.  0.76664E-04
 16435.  0.75652E-04
 16440.  0.74644E-04
 16445.  0.74026E-04
 16450.  0.74342E-04
 16455.  0.75990E-04
 16460.  0.77951E-04
 16465.  0.78899E-04
 16470.  0.78815E-04
 16475.  0.78667E-04
 16480.  0.79473E-04
 16485.  0.79961E-04
 16490.  0.80272E-04
 16495.  0.80779E-04
 16500.  0.82373E-04
 16505.  0.83822E-04
 16510.  0.83728E-04
 16515.  0.81676E-04
 16520.  0.78890E-04
 16525.  0.76473E-04
 16530.  0.75277E-04
 16535.  0.75494E-04
 16540.  0.76720E-04
 16545.  0.78319E-04
 16550.  0.80337E-04
 16555.  0.81963E-04
 16560.  0.82975E-04
 16565.  0.83210E-04
 16570.  0.82601E-04
 16575.  0.81367E-04
 16580.  0.80712E-04
 16585.  0.80617E-04
 16590.  0.80677E-04
 16595.  0.80269E-04
 16600.  0.79086E-04
 16605.  0.76677E-04
 16610.  0.73573E-04
 16615.  0.71183E-04
 16620.  0.70828E-04
 16625.  0.72030E-04
 16630.  0.74042E-04
 16635.  0.75698E-04
 16640.  0.76442E-04
 16645.  0.76450E-04
 16650.  0.75816E-04
 16655.  0.75318E-04
 16660.  0.75314E-04
 16665.  0.76001E-04
 16670.  0.77123E-04
 16675.  0.78042E-04
 16680.  0.78317E-04
 16685.  0.77972E-04
 16690.  0.78326E-04
 16695.  0.79289E-04
 16700.  0.79354E-04
 16705.  0.78656E-04
 16710.  0.77703E-04
 16715.  0.77211E-04
 16720.  0.77047E-04
 16725.  0.77605E-04
 16730.  0.78871E-04
 16735.  0.79235E-04
 16740.  0.78443E-04
 16745.  0.76986E-04
 16750.  0.76577E-04
 16755.  0.77276E-04
 16760.  0.78881E-04
 16765.  0.80889E-04
 16770.  0.82611E-04
 16775.  0.83689E-04
 16780.  0.84387E-04
 16785.  0.84628E-04
 16790.  0.84504E-04
 16795.  0.84520E-04
 16800.  0.84800E-04
 16805.  0.85022E-04
 16810.  0.84584E-04
 16815.  0.84167E-04
 16820.  0.83724E-04
 16825.  0.82625E-04
 16830.  0.80004E-04
 16835.  0.76121E-04
 16840.  0.73830E-04
 16845.  0.73792E-04
 16850.  0.75152E-04
 16855.  0.75302E-04
 16860.  0.74582E-04
 16865.  0.73500E-04
 16870.  0.73306E-04
 16875.  0.73333E-04
 16880.  0.73365E-04
 16885.  0.73638E-04
 16890.  0.73999E-04
 16895.  0.73951E-04
 16900.  0.73571E-04
 16905.  0.74067E-04
 16910.  0.75247E-04
 16915.  0.76744E-04
 16920.  0.77768E-04
 16925.  0.78222E-04
 16930.  0.78264E-04
 16935.  0.78245E-04
 16940.  0.78310E-04
 16945.  0.78363E-04
 16950.  0.77938E-04
 16955.  0.76999E-04
 16960.  0.75802E-04
 16965.  0.75263E-04
 16970.  0.75810E-04
 16975.  0.77074E-04
 16980.  0.77800E-04
 16985.  0.77975E-04
 16990.  0.77713E-04
 16995.  0.77565E-04
 17000.  0.77286E-04
 17005.  0.77279E-04
 17010.  0.78130E-04
 17015.  0.79088E-04
 17020.  0.79885E-04
 17025.  0.79534E-04
 17030.  0.78759E-04
 17035.  0.78138E-04
 17040.  0.78103E-04
 17045.  0.77591E-04
 17050.  0.76339E-04
 17055.  0.74057E-04
 17060.  0.71251E-04
 17065.  0.68749E-04
 17070.  0.67450E-04
 17075.  0.67164E-04
 17080.  0.67933E-04
 17085.  0.69442E-04
 17090.  0.70369E-04
 17095.  0.69829E-04
 17100.  0.67865E-04
 17105.  0.66732E-04
 17110.  0.66874E-04
 17115.  0.68480E-04
 17120.  0.70614E-04
 17125.  0.72332E-04
 17130.  0.72866E-04
 17135.  0.72539E-04
 17140.  0.72544E-04
 17145.  0.73006E-04
 17150.  0.73191E-04
 17155.  0.72874E-04
 17160.  0.71774E-04
 17165.  0.70197E-04
 17170.  0.68637E-04
 17175.  0.67095E-04
 17180.  0.65902E-04
 17185.  0.65664E-04
 17190.  0.66641E-04
 17195.  0.68340E-04
 17200.  0.69362E-04
 17205.  0.70118E-04
 17210.  0.70676E-04
 17215.  0.70331E-04
 17220.  0.69185E-04
 17225.  0.67487E-04
 17230.  0.66859E-04
 17235.  0.66879E-04
 17240.  0.67535E-04
 17245.  0.68769E-04
 17250.  0.69291E-04
 17255.  0.68448E-04
 17260.  0.66801E-04
 17265.  0.66138E-04
 17270.  0.66975E-04
 17275.  0.67877E-04
 17280.  0.67459E-04
 17285.  0.65874E-04
 17290.  0.64716E-04
 17295.  0.64686E-04
 17300.  0.64796E-04
 17305.  0.63440E-04
 17310.  0.61628E-04
 17315.  0.60789E-04
 17320.  0.62315E-04
 17325.  0.64013E-04
 17330.  0.65084E-04
 17335.  0.64758E-04
 17340.  0.63976E-04
 17345.  0.63407E-04
 17350.  0.63615E-04
 17355.  0.64193E-04
 17360.  0.64631E-04
 17365.  0.65234E-04
 17370.  0.66146E-04
 17375.  0.66675E-04
 17380.  0.66612E-04
 17385.  0.66039E-04
 17390.  0.64597E-04
 17395.  0.62358E-04
 17400.  0.60263E-04
 17405.  0.59600E-04
 17410.  0.60544E-04
 17415.  0.61494E-04
 17420.  0.61763E-04
 17425.  0.61378E-04
 17430.  0.61152E-04
 17435.  0.61384E-04
 17440.  0.61887E-04
 17445.  0.62512E-04
 17450.  0.63180E-04
 17455.  0.63271E-04
 17460.  0.62092E-04
 17465.  0.60841E-04
 17470.  0.60166E-04
 17475.  0.60854E-04
 17480.  0.61172E-04
 17485.  0.62238E-04
 17490.  0.56495E-04
 17495.  0.58569E-04
 17500.  0.56552E-04
 17505.  0.56403E-04
 17510.  0.57516E-04
 17515.  0.58830E-04
 17520.  0.59701E-04
 17525.  0.59233E-04
 17530.  0.57985E-04
 17535.  0.56131E-04
 17540.  0.54766E-04
 17545.  0.53436E-04
 17550.  0.52397E-04
 17555.  0.51663E-04
 17560.  0.51743E-04
 17565.  0.52326E-04
 17570.  0.52769E-04
 17575.  0.53036E-04
 17580.  0.53692E-04
 17585.  0.55225E-04
 17590.  0.56331E-04
 17595.  0.56570E-04
 17600.  0.55886E-04
 17605.  0.55516E-04
 17610.  0.55023E-04
 17615.  0.53839E-04
 17620.  0.53704E-04
 17625.  0.54038E-04
 17630.  0.55273E-04
 17635.  0.56028E-04
 17640.  0.56855E-04
 17645.  0.57964E-04
 17650.  0.58455E-04
 17655.  0.57545E-04
 17660.  0.54919E-04
 17665.  0.51653E-04
 17670.  0.48851E-04
 17675.  0.47471E-04
 17680.  0.48418E-04
 17685.  0.50371E-04
 17690.  0.52587E-04
 17695.  0.53255E-04
 17700.  0.53093E-04
 17705.  0.52428E-04
 17710.  0.51539E-04
 17715.  0.50696E-04
 17720.  0.50186E-04
 17725.  0.51128E-04
 17730.  0.51728E-04
 17735.  0.51453E-04
 17740.  0.49157E-04
 17745.  0.46999E-04
 17750.  0.45384E-04
 17755.  0.44980E-04
 17760.  0.45738E-04
 17765.  0.47259E-04
 17770.  0.48653E-04
 17775.  0.48506E-04
 17780.  0.47367E-04
 17785.  0.46890E-04
 17790.  0.48208E-04
 17795.  0.50279E-04
 17800.  0.50975E-04
 17805.  0.49778E-04
 17810.  0.47181E-04
 17815.  0.45942E-04
 17820.  0.46473E-04
 17825.  0.48334E-04
 17830.  0.50370E-04
 17835.  0.50617E-04
 17840.  0.48229E-04
 17845.  0.43966E-04
 17850.  0.41424E-04
 17855.  0.40522E-04
 17860.  0.40923E-04
 17865.  0.42061E-04
 17870.  0.43352E-04
 17875.  0.45285E-04
 17880.  0.47925E-04
 17885.  0.50003E-04
 17890.  0.50924E-04
 17895.  0.50134E-04
 17900.  0.48300E-04
 17905.  0.45485E-04
 17910.  0.43782E-04
 17915.  0.43549E-04
 17920.  0.44043E-04
 17925.  0.44465E-04
 17930.  0.44673E-04
 17935.  0.45026E-04
 17940.  0.46437E-04
 17945.  0.47692E-04
 17950.  0.48168E-04
 17955.  0.47396E-04
 17960.  0.47176E-04
 17965.  0.47518E-04
 17970.  0.48793E-04
 17975.  0.50216E-04
 17980.  0.50830E-04
 17985.  0.50339E-04
 17990.  0.49383E-04
 17995.  0.47714E-04
 18000.  0.44437E-04
 18005.  0.40792E-04
 18010.  0.39203E-04
 18015.  0.40037E-04
 18020.  0.41776E-04
 18025.  0.43495E-04
 18030.  0.45063E-04
 18035.  0.45741E-04
 18040.  0.46105E-04
 18045.  0.46525E-04
 18050.  0.46955E-04
 18055.  0.46383E-04
 18060.  0.43680E-04
 18065.  0.42640E-04
 18070.  0.42615E-04
 18075.  0.43489E-04
 18080.  0.44193E-04
 18085.  0.45390E-04
 18090.  0.46770E-04
 18095.  0.47829E-04
 18100.  0.48695E-04
 18105.  0.47077E-04
 18110.  0.44527E-04
 18115.  0.43812E-04
 18120.  0.45404E-04
 18125.  0.48747E-04
 18130.  0.46777E-04
 18135.  0.46751E-04
 18140.  0.46724E-04
 18145.  0.46697E-04
 18150.  0.46670E-04
 18155.  0.46643E-04
 18160.  0.46616E-04
 18165.  0.46589E-04
 18170.  0.46562E-04
 18175.  0.46535E-04
 18180.  0.46508E-04
 18185.  0.46481E-04
 18190.  0.46454E-04
 18195.  0.46427E-04
 18200.  0.46400E-04
 18205.  0.46373E-04
 18210.  0.46346E-04
 18215.  0.46319E-04
 18220.  0.46292E-04
 18225.  0.46266E-04
 18230.  0.46239E-04
 18235.  0.46212E-04
 18240.  0.46185E-04
 18245.  0.46158E-04
 18250.  0.46131E-04
 18255.  0.46104E-04
 18260.  0.46077E-04
 18265.  0.46050E-04
 18270.  0.46023E-04
 18275.  0.45996E-04
 18280.  0.45969E-04
 18285.  0.45942E-04
 18290.  0.45915E-04
 18295.  0.45888E-04
 18300.  0.45861E-04
 18305.  0.45834E-04
 18310.  0.45807E-04
 18315.  0.45780E-04
 18320.  0.45754E-04
 18325.  0.45727E-04
 18330.  0.45700E-04
 18335.  0.45673E-04
 18340.  0.45646E-04
 18345.  0.45619E-04
 18350.  0.45592E-04
 18355.  0.45565E-04
 18360.  0.45538E-04
 18365.  0.45511E-04
 18370.  0.45484E-04
 18375.  0.45457E-04
 18380.  0.45430E-04
 18385.  0.45403E-04
 18390.  0.45376E-04
 18395.  0.45349E-04
 18400.  0.45322E-04
 18405.  0.45295E-04
 18410.  0.45269E-04
 18415.  0.45242E-04
 18420.  0.45215E-04
 18425.  0.45188E-04
 18430.  0.45161E-04
 18435.  0.45134E-04
 18440.  0.45107E-04
 18445.  0.45080E-04
 18450.  0.45053E-04
 18455.  0.45026E-04
 18460.  0.44999E-04
 18465.  0.44972E-04
 18470.  0.44945E-04
 18475.  0.44918E-04
 18480.  0.44891E-04
 18485.  0.44864E-04
 18490.  0.44837E-04
 18495.  0.44810E-04
 18500.  0.44783E-04
 18505.  0.44757E-04
 18510.  0.44730E-04
 18515.  0.44703E-04
 18520.  0.44676E-04
 18525.  0.44649E-04
 18530.  0.44622E-04
 18535.  0.44595E-04
 18540.  0.44568E-04
 18545.  0.44541E-04
 18550.  0.44514E-04
 18555.  0.44487E-04
 18560.  0.44460E-04
 18565.  0.44433E-04
 18570.  0.44406E-04
 18575.  0.44379E-04
 18580.  0.44352E-04
 18585.  0.44325E-04
 18590.  0.44298E-04
 18595.  0.44271E-04
 18600.  0.44245E-04
 18605.  0.44218E-04
 18610.  0.44191E-04
 18615.  0.44164E-04
 18620.  0.44137E-04
 18625.  0.44110E-04
 18630.  0.44083E-04
 18635.  0.44056E-04
 18640.  0.44029E-04
 18645.  0.44002E-04
 18650.  0.43975E-04
 18655.  0.43948E-04
 18660.  0.43921E-04
 18665.  0.43894E-04
 18670.  0.43867E-04
 18675.  0.43840E-04
 18680.  0.43813E-04
 18685.  0.43786E-04
 18690.  0.43760E-04
 18695.  0.43733E-04
 18700.  0.43706E-04
 18705.  0.43679E-04
 18710.  0.43652E-04
 18715.  0.43625E-04
 18720.  0.43598E-04
 18725.  0.43571E-04
 18730.  0.43544E-04
 18735.  0.43517E-04
 18740.  0.43490E-04
 18745.  0.43463E-04
 18750.  0.43436E-04
 18755.  0.43409E-04
 18760.  0.43382E-04
 18765.  0.43355E-04
 18770.  0.43328E-04
 18775.  0.43301E-04
 18780.  0.43274E-04
 18785.  0.43248E-04
 18790.  0.43221E-04
 18795.  0.43194E-04
 18800.  0.43167E-04
 18805.  0.43140E-04
 18810.  0.43113E-04
 18815.  0.43086E-04
 18820.  0.43059E-04
 18825.  0.43032E-04
 18830.  0.43005E-04
 18835.  0.42978E-04
 18840.  0.42951E-04
 18845.  0.42924E-04
 18850.  0.42897E-04
 18855.  0.42870E-04
 18860.  0.42843E-04
 18865.  0.42816E-04
 18870.  0.42789E-04
 18875.  0.42763E-04
 18880.  0.42736E-04
 18885.  0.42709E-04
 18890.  0.42682E-04
 18895.  0.42655E-04
 18900.  0.42628E-04
 18905.  0.42601E-04
 18910.  0.42574E-04
 18915.  0.42547E-04
 18920.  0.42520E-04
 18925.  0.42493E-04
 18930.  0.42466E-04
 18935.  0.42439E-04
 18940.  0.42412E-04
 18945.  0.42385E-04
 18950.  0.42358E-04
 18955.  0.42331E-04
 18960.  0.42304E-04
 18965.  0.42277E-04
 18970.  0.42251E-04
 18975.  0.42224E-04
 18980.  0.42197E-04
 18985.  0.42170E-04
 18990.  0.42143E-04
 18995.  0.42116E-04
 19000.  0.42089E-04
 19005.  0.42062E-04
 19010.  0.42035E-04
 19015.  0.42008E-04
 19020.  0.41981E-04
 19025.  0.41954E-04
 19030.  0.41927E-04
 19035.  0.41900E-04
 19040.  0.41873E-04
 19045.  0.41846E-04
 19050.  0.41819E-04
 19055.  0.41792E-04
 19060.  0.41765E-04
 19065.  0.41739E-04
 19070.  0.41712E-04
 19075.  0.41685E-04
 19080.  0.41658E-04
 19085.  0.41631E-04
 19090.  0.41604E-04
 19095.  0.41577E-04
 19100.  0.41550E-04
 19105.  0.41523E-04
 19110.  0.41496E-04
 19115.  0.41469E-04
 19120.  0.41442E-04
 19125.  0.41415E-04
 19130.  0.41388E-04
 19135.  0.41361E-04
 19140.  0.41334E-04
 19145.  0.41307E-04
 19150.  0.41280E-04
 19155.  0.41254E-04
 19160.  0.41227E-04
 19165.  0.41200E-04
 19170.  0.41173E-04
 19175.  0.41146E-04
 19180.  0.41119E-04
 19185.  0.41092E-04
 19190.  0.41065E-04
 19195.  0.41038E-04
 19200.  0.41011E-04
 19205.  0.40984E-04
 19210.  0.40957E-04
 19215.  0.40930E-04
 19220.  0.40903E-04
 19225.  0.40876E-04
 19230.  0.40849E-04
 19235.  0.40822E-04
 19240.  0.40795E-04
 19245.  0.40768E-04
 19250.  0.40742E-04
 19255.  0.40715E-04
 19260.  0.40688E-04
 19265.  0.40661E-04
 19270.  0.40634E-04
 19275.  0.40607E-04
 19280.  0.40580E-04
 19285.  0.40553E-04
 19290.  0.40526E-04
 19295.  0.40499E-04
 19300.  0.40472E-04
 19305.  0.40445E-04
 19310.  0.40418E-04
 19315.  0.40391E-04
 19320.  0.40364E-04
 19325.  0.40337E-04
 19330.  0.40310E-04
 19335.  0.40283E-04
 19340.  0.40257E-04
 19345.  0.40230E-04
 19350.  0.40203E-04
 19355.  0.40176E-04
 19360.  0.40149E-04
 19365.  0.40122E-04
 19370.  0.40095E-04
 19375.  0.40068E-04
 19380.  0.40041E-04
 19385.  0.40014E-04
 19390.  0.39987E-04
 19395.  0.39960E-04
 19400.  0.39933E-04
 19405.  0.39906E-04
 19410.  0.39879E-04
 19415.  0.39852E-04
 19420.  0.39825E-04
 19425.  0.39798E-04
 19430.  0.39771E-04
 19435.  0.39745E-04
 19440.  0.39718E-04
 19445.  0.39691E-04
 19450.  0.39664E-04
 19455.  0.39637E-04
 19460.  0.39610E-04
 19465.  0.39583E-04
 19470.  0.40352E-04
 19475.  0.38978E-04
 19480.  0.38347E-04
 19485.  0.37982E-04
 19490.  0.37935E-04
 19495.  0.37764E-04
 19500.  0.37974E-04
 19505.  0.38205E-04
 19510.  0.38102E-04
 19515.  0.37839E-04
 19520.  0.37764E-04
 19525.  0.38223E-04
 19530.  0.38676E-04
 19535.  0.38876E-04
 19540.  0.38565E-04
 19545.  0.37765E-04
 19550.  0.36597E-04
 19555.  0.35875E-04
 19560.  0.35926E-04
 19565.  0.36539E-04
 19570.  0.37344E-04
 19575.  0.38322E-04
 19580.  0.37779E-04
 19585.  0.36324E-04
 19590.  0.34629E-04
 19595.  0.33958E-04
 19600.  0.33850E-04
 19605.  0.34584E-04
 19610.  0.35252E-04
 19615.  0.35977E-04
 19620.  0.36264E-04
 19625.  0.36032E-04
 19630.  0.34929E-04
 19635.  0.33817E-04
 19640.  0.32966E-04
 19645.  0.33129E-04
 19650.  0.34099E-04
 19655.  0.35030E-04
 19660.  0.35442E-04
 19665.  0.35055E-04
 19670.  0.34560E-04
 19675.  0.34335E-04
 19680.  0.35170E-04
 19685.  0.36867E-04
 19690.  0.38655E-04
 19695.  0.39720E-04
 19700.  0.39648E-04
 19705.  0.39147E-04
 19710.  0.38515E-04
 19715.  0.37388E-04
 19720.  0.36337E-04
 19725.  0.35378E-04
 19730.  0.35116E-04
 19735.  0.34618E-04
 19740.  0.33952E-04
 19745.  0.32738E-04
 19750.  0.32415E-04
 19755.  0.32767E-04
 19760.  0.33823E-04
 19765.  0.34731E-04
 19770.  0.35663E-04
 19775.  0.36659E-04
 19780.  0.37264E-04
 19785.  0.37596E-04
 19790.  0.36947E-04
 19795.  0.35595E-04
 19800.  0.33962E-04
 19805.  0.33184E-04
 19810.  0.33047E-04
 19815.  0.33427E-04
 19820.  0.33899E-04
 19825.  0.34098E-04
 19830.  0.34256E-04
 19835.  0.34410E-04
 19840.  0.34629E-04
 19845.  0.34593E-04
 19850.  0.34407E-04
 19855.  0.34271E-04
 19860.  0.34275E-04
 19865.  0.34313E-04
 19870.  0.34231E-04
 19875.  0.34069E-04
 19880.  0.33828E-04
 19885.  0.33332E-04
 19890.  0.32612E-04
 19895.  0.31755E-04
 19900.  0.31364E-04
 19905.  0.31350E-04
 19910.  0.31922E-04
 19915.  0.32808E-04
 19920.  0.33936E-04
 19925.  0.34954E-04
 19930.  0.35588E-04
 19935.  0.35543E-04
 19940.  0.35170E-04
 19945.  0.34807E-04
 19950.  0.34818E-04
 19955.  0.34875E-04
 19960.  0.34594E-04
 19965.  0.33897E-04
 19970.  0.33156E-04
 19975.  0.32996E-04
 19980.  0.33462E-04
 19985.  0.34222E-04
 19990.  0.34545E-04
 19995.  0.34514E-04
 20000.  0.34283E-04
 20005.  0.34309E-04
 20010.  0.34503E-04
 20015.  0.35170E-04
 20020.  0.35700E-04
 20025.  0.35787E-04
 20030.  0.35395E-04
 20035.  0.35055E-04
 20040.  0.34711E-04
 20045.  0.34452E-04
 20050.  0.33622E-04
 20055.  0.33017E-04
 20060.  0.32761E-04
 20065.  0.33157E-04
 20070.  0.33362E-04
 20075.  0.32924E-04
 20080.  0.32082E-04
 20085.  0.31627E-04
 20090.  0.32105E-04
 20095.  0.32957E-04
 20100.  0.33682E-04
 20105.  0.33784E-04
 20110.  0.33781E-04
 20115.  0.33806E-04
 20120.  0.34008E-04
 20125.  0.34312E-04
 20130.  0.34803E-04
 20135.  0.35515E-04
 20140.  0.35860E-04
 20145.  0.35718E-04
 20150.  0.34936E-04
 20155.  0.34391E-04
 20160.  0.34092E-04
 20165.  0.34546E-04
 20170.  0.34910E-04
 20175.  0.35010E-04
 20180.  0.34127E-04
 20185.  0.32897E-04
 20190.  0.31752E-04
 20195.  0.31721E-04
 20200.  0.32909E-04
 20205.  0.34673E-04
 20210.  0.36042E-04
 20215.  0.36560E-04
 20220.  0.36672E-04
 20225.  0.36745E-04
 20230.  0.37117E-04
 20235.  0.37434E-04
 20240.  0.37242E-04
 20245.  0.36250E-04
 20250.  0.35014E-04
 20255.  0.33899E-04
 20260.  0.33461E-04
 20265.  0.33481E-04
 20270.  0.33936E-04
 20275.  0.34294E-04
 20280.  0.34417E-04
 20285.  0.34209E-04
 20290.  0.34128E-04
 20295.  0.34531E-04
 20300.  0.35454E-04
 20305.  0.36797E-04
 20310.  0.38069E-04
 20315.  0.38982E-04
 20320.  0.38969E-04
 20325.  0.38420E-04
 20330.  0.37556E-04
 20335.  0.36814E-04
 20340.  0.36042E-04
 20345.  0.35434E-04
 20350.  0.35210E-04
 20355.  0.35880E-04
 20360.  0.36992E-04
 20365.  0.38019E-04
 20370.  0.38577E-04
 20375.  0.38470E-04
 20380.  0.37761E-04
 20385.  0.36816E-04
 20390.  0.35904E-04
 20395.  0.35410E-04
 20400.  0.36258E-04
 20405.  0.37007E-04
 20410.  0.37450E-04
 20415.  0.38214E-04
 20420.  0.38741E-04
 20425.  0.38676E-04
 20430.  0.37615E-04
 20435.  0.36216E-04
 20440.  0.34973E-04
 20445.  0.34637E-04
 20450.  0.35152E-04
 20455.  0.36302E-04
 20460.  0.37623E-04
 20465.  0.38635E-04
 20470.  0.39111E-04
 20475.  0.38697E-04
 20480.  0.37665E-04
 20485.  0.36594E-04
 20490.  0.36358E-04
 20495.  0.37003E-04
 20500.  0.38070E-04
 20505.  0.38809E-04
 20510.  0.38788E-04
 20515.  0.38252E-04
 20520.  0.37640E-04
 20525.  0.37013E-04
 20530.  0.36446E-04
 20535.  0.35811E-04
 20540.  0.35486E-04
 20545.  0.35526E-04
 20550.  0.36168E-04
 20555.  0.37212E-04
 20560.  0.38382E-04
 20565.  0.39334E-04
 20570.  0.39944E-04
 20575.  0.40290E-04
 20580.  0.40436E-04
 20585.  0.40370E-04
 20590.  0.40104E-04
 20595.  0.39674E-04
 20600.  0.39104E-04
 20605.  0.38793E-04
 20610.  0.38652E-04
 20615.  0.38532E-04
 20620.  0.38206E-04
 20625.  0.37724E-04
 20630.  0.37171E-04
 20635.  0.37029E-04
 20640.  0.37295E-04
 20645.  0.38014E-04
 20650.  0.38867E-04
 20655.  0.39590E-04
 20660.  0.40088E-04
 20665.  0.40239E-04
 20670.  0.40174E-04
 20675.  0.39908E-04
 20680.  0.39707E-04
 20685.  0.39814E-04
 20690.  0.40330E-04
 20695.  0.40626E-04
 20700.  0.40535E-04
 20705.  0.39850E-04
 20710.  0.39019E-04
 20715.  0.38506E-04
 20720.  0.38455E-04
 20725.  0.38655E-04
 20730.  0.38867E-04
 20735.  0.39063E-04
 20740.  0.39287E-04
 20745.  0.39500E-04
 20750.  0.39740E-04
 20755.  0.39914E-04
 20760.  0.40241E-04
 20765.  0.40666E-04
 20770.  0.41171E-04
 20775.  0.41474E-04
 20780.  0.41555E-04
 20785.  0.41440E-04
 20790.  0.41269E-04
 20795.  0.41036E-04
 20800.  0.40733E-04
 20805.  0.40499E-04
 20810.  0.40403E-04
 20815.  0.40478E-04
 20820.  0.40555E-04
 20825.  0.40597E-04
 20830.  0.40588E-04
 20835.  0.40678E-04
 20840.  0.40879E-04
 20845.  0.41192E-04
 20850.  0.41405E-04
 20855.  0.41495E-04
 20860.  0.41475E-04
 20865.  0.41450E-04
 20870.  0.41388E-04
 20875.  0.41400E-04
 20880.  0.41477E-04
 20885.  0.41481E-04
 20890.  0.41469E-04
 20895.  0.41836E-04
 20900.  0.42436E-04
 20905.  0.43204E-04
 20910.  0.43815E-04
 20915.  0.44130E-04
 20920.  0.44033E-04
 20925.  0.43343E-04
 20930.  0.42539E-04
 20935.  0.41876E-04
 20940.  0.41705E-04
 20945.  0.41790E-04
 20950.  0.41814E-04
 20955.  0.41698E-04
 20960.  0.41726E-04
 20965.  0.41949E-04
 20970.  0.42348E-04
 20975.  0.42813E-04
 20980.  0.43148E-04
 20985.  0.43285E-04
 20990.  0.43321E-04
 20995.  0.43477E-04
 21000.  0.43745E-04
 21005.  0.43802E-04
 21010.  0.43575E-04
 21015.  0.43245E-04
 21020.  0.43211E-04
 21025.  0.43466E-04
 21030.  0.43849E-04
 21035.  0.43938E-04
 21040.  0.43960E-04
 21045.  0.43951E-04
 21050.  0.44367E-04
 21055.  0.44620E-04
 21060.  0.44645E-04
 21065.  0.44116E-04
 21070.  0.43388E-04
 21075.  0.42671E-04
 21080.  0.42368E-04
 21085.  0.42728E-04
 21090.  0.43414E-04
 21095.  0.44116E-04
 21100.  0.44345E-04
 21105.  0.44290E-04
 21110.  0.43978E-04
 21115.  0.43970E-04
 21120.  0.44328E-04
 21125.  0.45026E-04
 21130.  0.45619E-04
 21135.  0.45863E-04
 21140.  0.45756E-04
 21145.  0.45339E-04
 21150.  0.44759E-04
 21155.  0.44118E-04
 21160.  0.43462E-04
 21165.  0.43090E-04
 21170.  0.43030E-04
 21175.  0.43304E-04
 21180.  0.43643E-04
 21185.  0.43926E-04
 21190.  0.44069E-04
 21195.  0.44167E-04
 21200.  0.44207E-04
 21205.  0.44327E-04
 21210.  0.44594E-04
 21215.  0.44998E-04
 21220.  0.45337E-04
 21225.  0.45497E-04
 21230.  0.45588E-04
 21235.  0.45678E-04
 21240.  0.45844E-04
 21245.  0.45926E-04
 21250.  0.45804E-04
 21255.  0.45484E-04
 21260.  0.45063E-04
 21265.  0.44598E-04
 21270.  0.44124E-04
 21275.  0.43718E-04
 21280.  0.43511E-04
 21285.  0.43691E-04
 21290.  0.44119E-04
 21295.  0.44740E-04
 21300.  0.45334E-04
 21305.  0.45758E-04
 21310.  0.45899E-04
 21315.  0.45791E-04
 21320.  0.45616E-04
 21325.  0.45530E-04
 21330.  0.45511E-04
 21335.  0.45577E-04
 21340.  0.45649E-04
 21345.  0.45760E-04
 21350.  0.45848E-04
 21355.  0.45863E-04
 21360.  0.45805E-04
 21365.  0.45731E-04
 21370.  0.45696E-04
 21375.  0.45654E-04
 21380.  0.45560E-04
 21385.  0.45362E-04
 21390.  0.45143E-04
 21395.  0.44923E-04
 21400.  0.44728E-04
 21405.  0.44608E-04
 21410.  0.44585E-04
 21415.  0.44745E-04
 21420.  0.45068E-04
 21425.  0.45646E-04
 21430.  0.46299E-04
 21435.  0.46881E-04
 21440.  0.47135E-04
 21445.  0.47152E-04
 21450.  0.46970E-04
 21455.  0.46678E-04
 21460.  0.46380E-04
 21465.  0.46177E-04
 21470.  0.45972E-04
 21475.  0.45678E-04
 21480.  0.45284E-04
 21485.  0.44914E-04
 21490.  0.44782E-04
 21495.  0.44881E-04
 21500.  0.45207E-04
 21505.  0.45482E-04
 21510.  0.45614E-04
 21515.  0.45532E-04
 21520.  0.45457E-04
 21525.  0.45451E-04
 21530.  0.45585E-04
 21535.  0.45731E-04
 21540.  0.45812E-04
 21545.  0.45765E-04
 21550.  0.45650E-04
 21555.  0.45610E-04
 21560.  0.45728E-04
 21565.  0.46054E-04
 21570.  0.46352E-04
 21575.  0.46511E-04
 21580.  0.46337E-04
 21585.  0.46046E-04
 21590.  0.45746E-04
 21595.  0.45832E-04
 21600.  0.46169E-04
 21605.  0.46623E-04
 21610.  0.46850E-04
 21615.  0.46642E-04
 21620.  0.46138E-04
 21625.  0.45632E-04
 21630.  0.45708E-04
 21635.  0.46236E-04
 21640.  0.46985E-04
 21645.  0.47533E-04
 21650.  0.47839E-04
 21655.  0.47823E-04
 21660.  0.47626E-04
 21665.  0.47293E-04
 21670.  0.46896E-04
 21675.  0.46558E-04
 21680.  0.46426E-04
 21685.  0.46547E-04
 21690.  0.46635E-04
 21695.  0.46614E-04
 21700.  0.46436E-04
 21705.  0.46276E-04
 21710.  0.46160E-04
 21715.  0.46033E-04
 21720.  0.45739E-04
 21725.  0.45405E-04
 21730.  0.45165E-04
 21735.  0.45210E-04
 21740.  0.45388E-04
 21745.  0.45569E-04
 21750.  0.45442E-04
 21755.  0.45174E-04
 21760.  0.44911E-04
 21765.  0.44815E-04
 21770.  0.44685E-04
 21775.  0.44506E-04
 21780.  0.44272E-04
 21785.  0.44254E-04
 21790.  0.44355E-04
 21795.  0.44763E-04
 21800.  0.45149E-04
 21805.  0.45388E-04
 21810.  0.45336E-04
 21815.  0.45069E-04
 21820.  0.44862E-04
 21825.  0.44797E-04
 21830.  0.44869E-04
 21835.  0.44942E-04
 21840.  0.44861E-04
 21845.  0.44667E-04
 21850.  0.44406E-04
 21855.  0.44243E-04
 21860.  0.44299E-04
 21865.  0.44515E-04
 21870.  0.44818E-04
 21875.  0.45079E-04
 21880.  0.45214E-04
 21885.  0.45309E-04
 21890.  0.45299E-04
 21895.  0.45332E-04
 21900.  0.45393E-04
 21905.  0.45646E-04
 21910.  0.45803E-04
 21915.  0.45763E-04
 21920.  0.45478E-04
 21925.  0.45307E-04
 21930.  0.45119E-04
 21935.  0.44978E-04
 21940.  0.44854E-04
 21945.  0.44864E-04
 21950.  0.44990E-04
 21955.  0.45155E-04
 21960.  0.45259E-04
 21965.  0.45229E-04
 21970.  0.45138E-04
 21975.  0.45078E-04
 21980.  0.45086E-04
 21985.  0.45079E-04
 21990.  0.44895E-04
 21995.  0.44450E-04
 22000.  0.43929E-04
 22005.  0.43459E-04
 22010.  0.43130E-04
 22015.  0.42915E-04
 22020.  0.42812E-04
 22025.  0.42780E-04
 22030.  0.42983E-04
 22035.  0.43332E-04
 22040.  0.43493E-04
 22045.  0.43374E-04
 22050.  0.43029E-04
 22055.  0.42671E-04
 22060.  0.42444E-04
 22065.  0.42432E-04
 22070.  0.42685E-04
 22075.  0.43043E-04
 22080.  0.43365E-04
 22085.  0.43576E-04
 22090.  0.43694E-04
 22095.  0.43732E-04
 22100.  0.43870E-04
 22105.  0.44162E-04
 22110.  0.44629E-04
 22115.  0.45007E-04
 22120.  0.45149E-04
 22125.  0.45035E-04
 22130.  0.44847E-04
 22135.  0.44684E-04
 22140.  0.44606E-04
 22145.  0.44562E-04
 22150.  0.44546E-04
 22155.  0.44580E-04
 22160.  0.44667E-04
 22165.  0.44772E-04
 22170.  0.44857E-04
 22175.  0.44721E-04
 22180.  0.44356E-04
 22185.  0.43694E-04
 22190.  0.43077E-04
 22195.  0.42528E-04
 22200.  0.42225E-04
 22205.  0.42387E-04
 22210.  0.42737E-04
 22215.  0.43183E-04
 22220.  0.43431E-04
 22225.  0.43724E-04
 22230.  0.43906E-04
 22235.  0.44127E-04
 22240.  0.44239E-04
 22245.  0.44294E-04
 22250.  0.44069E-04
 22255.  0.43565E-04
 22260.  0.42680E-04
 22265.  0.41794E-04
 22270.  0.41294E-04
 22275.  0.41366E-04
 22280.  0.41772E-04
 22285.  0.42230E-04
 22290.  0.42646E-04
 22295.  0.43004E-04
 22300.  0.43284E-04
 22305.  0.43458E-04
 22310.  0.43472E-04
 22315.  0.43428E-04
 22320.  0.43460E-04
 22325.  0.43579E-04
 22330.  0.43550E-04
 22335.  0.43283E-04
 22340.  0.42756E-04
 22345.  0.42285E-04
 22350.  0.41934E-04
 22355.  0.42022E-04
 22360.  0.42381E-04
 22365.  0.42771E-04
 22370.  0.42936E-04
 22375.  0.42779E-04
 22380.  0.42487E-04
 22385.  0.42204E-04
 22390.  0.42137E-04
 22395.  0.42319E-04
 22400.  0.42563E-04
 22405.  0.42533E-04
 22410.  0.42305E-04
 22415.  0.41943E-04
 22420.  0.41597E-04
 22425.  0.41418E-04
 22430.  0.41460E-04
 22435.  0.41678E-04
 22440.  0.41963E-04
 22445.  0.42321E-04
 22450.  0.42588E-04
 22455.  0.42651E-04
 22460.  0.42528E-04
 22465.  0.42296E-04
 22470.  0.42201E-04
 22475.  0.42179E-04
 22480.  0.42138E-04
 22485.  0.41996E-04
 22490.  0.41814E-04
 22495.  0.41703E-04
 22500.  0.41765E-04
 22505.  0.41924E-04
 22510.  0.42116E-04
 22515.  0.42236E-04
 22520.  0.42221E-04
 22525.  0.42055E-04
 22530.  0.41812E-04
 22535.  0.41635E-04
 22540.  0.41510E-04
 22545.  0.41509E-04
 22550.  0.41637E-04
 22555.  0.41867E-04
 22560.  0.41917E-04
 22565.  0.41778E-04
 22570.  0.41594E-04
 22575.  0.41594E-04
 22580.  0.41734E-04
 22585.  0.41969E-04
 22590.  0.42169E-04
 22595.  0.42261E-04
 22600.  0.42219E-04
 22605.  0.41967E-04
 22610.  0.41475E-04
 22615.  0.40838E-04
 22620.  0.40154E-04
 22625.  0.39631E-04
 22630.  0.39292E-04
 22635.  0.39151E-04
 22640.  0.39152E-04
 22645.  0.39153E-04
 22650.  0.39176E-04
 22655.  0.39264E-04
 22660.  0.39528E-04
 22665.  0.40005E-04
 22670.  0.40478E-04
 22675.  0.40817E-04
 22680.  0.40859E-04
 22685.  0.40678E-04
 22690.  0.40447E-04
 22695.  0.40294E-04
 22700.  0.40212E-04
 22705.  0.40177E-04
 22710.  0.40122E-04
 22715.  0.40156E-04
 22720.  0.40282E-04
 22725.  0.40474E-04
 22730.  0.40756E-04
 22735.  0.41022E-04
 22740.  0.41224E-04
 22745.  0.41268E-04
 22750.  0.41265E-04
 22755.  0.41307E-04
 22760.  0.41447E-04
 22765.  0.41541E-04
 22770.  0.41490E-04
 22775.  0.41048E-04
 22780.  0.40364E-04
 22785.  0.39669E-04
 22790.  0.39110E-04
 22795.  0.38948E-04
 22800.  0.39112E-04
 22805.  0.39688E-04
 22810.  0.40182E-04
 22815.  0.40539E-04
 22820.  0.40521E-04
 22825.  0.40184E-04
 22830.  0.39723E-04
 22835.  0.39414E-04
 22840.  0.39488E-04
 22845.  0.39686E-04
 22850.  0.39948E-04
 22855.  0.40139E-04
 22860.  0.40358E-04
 22865.  0.40533E-04
 22870.  0.40665E-04
 22875.  0.40602E-04
 22880.  0.40411E-04
 22885.  0.40226E-04
 22890.  0.40135E-04
 22895.  0.40062E-04
 22900.  0.39776E-04
 22905.  0.39472E-04
 22910.  0.38985E-04
 22915.  0.37895E-04
 22920.  0.35894E-04
 22925.  0.33286E-04
 22930.  0.30462E-04
 22935.  0.28334E-04
 22940.  0.27063E-04
 22945.  0.26943E-04
 22950.  0.27576E-04
 22955.  0.28573E-04
 22960.  0.29568E-04
 22965.  0.30375E-04
 22970.  0.31024E-04
 22975.  0.31552E-04
 22980.  0.31987E-04
 22985.  0.32397E-04
 22990.  0.32837E-04
 22995.  0.33195E-04
 23000.  0.33549E-04
 23005.  0.33868E-04
 23010.  0.34220E-04
 23015.  0.34417E-04
 23020.  0.34587E-04
 23025.  0.34696E-04
 23030.  0.34647E-04
 23035.  0.34417E-04
 23040.  0.34043E-04
 23045.  0.33776E-04
 23050.  0.33622E-04
 23055.  0.33581E-04
 23060.  0.33672E-04
 23065.  0.33832E-04
 23070.  0.34004E-04
 23075.  0.33994E-04
 23080.  0.33874E-04
 23085.  0.33679E-04
 23090.  0.33521E-04
 23095.  0.33448E-04
 23100.  0.33504E-04
 23105.  0.33640E-04
 23110.  0.33824E-04
 23115.  0.34014E-04
 23120.  0.34052E-04
 23125.  0.33965E-04
 23130.  0.33743E-04
 23135.  0.33504E-04
 23140.  0.33369E-04
 23145.  0.33455E-04
 23150.  0.33575E-04
 23155.  0.33621E-04
 23160.  0.33495E-04
 23165.  0.33305E-04
 23170.  0.33184E-04
 23175.  0.33273E-04
 23180.  0.33499E-04
 23185.  0.33652E-04
 23190.  0.33698E-04
 23195.  0.33561E-04
 23200.  0.33225E-04
 23205.  0.32416E-04
 23210.  0.30767E-04
 23215.  0.28627E-04
 23220.  0.26530E-04
 23225.  0.25150E-04
 23230.  0.24880E-04
 23235.  0.25435E-04
 23240.  0.26465E-04
 23245.  0.27504E-04
 23250.  0.28349E-04
 23255.  0.28951E-04
 23260.  0.29302E-04
 23265.  0.29475E-04
 23270.  0.29398E-04
 23275.  0.29281E-04
 23280.  0.29201E-04
 23285.  0.29201E-04
 23290.  0.29038E-04
 23295.  0.28941E-04
 23300.  0.29095E-04
 23305.  0.29733E-04
 23310.  0.30542E-04
 23315.  0.31302E-04
 23320.  0.31616E-04
 23325.  0.31703E-04
 23330.  0.31569E-04
 23335.  0.31306E-04
 23340.  0.31076E-04
 23345.  0.30938E-04
 23350.  0.30914E-04
 23355.  0.30785E-04
 23360.  0.30693E-04
 23365.  0.30658E-04
 23370.  0.30596E-04
 23375.  0.30402E-04
 23380.  0.30054E-04
 23385.  0.29773E-04
 23390.  0.29429E-04
 23395.  0.29007E-04
 23400.  0.28816E-04
 23405.  0.29026E-04
 23410.  0.29731E-04
 23415.  0.30302E-04
 23420.  0.30528E-04
 23425.  0.30253E-04
 23430.  0.29404E-04
 23435.  0.28313E-04
 23440.  0.27182E-04
 23445.  0.26673E-04
 23450.  0.26717E-04
 23455.  0.27239E-04
 23460.  0.27985E-04
 23465.  0.28660E-04
 23470.  0.29125E-04
 23475.  0.29291E-04
 23480.  0.29196E-04
 23485.  0.28833E-04
 23490.  0.28229E-04
 23495.  0.27504E-04
 23500.  0.26776E-04
 23505.  0.26035E-04
 23510.  0.25150E-04
 23515.  0.24122E-04
 23520.  0.23126E-04
 23525.  0.22541E-04
 23530.  0.22522E-04
 23535.  0.23111E-04
 23540.  0.23850E-04
 23545.  0.24541E-04
 23550.  0.25033E-04
 23555.  0.25336E-04
 23560.  0.25437E-04
 23565.  0.25409E-04
 23570.  0.25294E-04
 23575.  0.25223E-04
 23580.  0.25211E-04
 23585.  0.25336E-04
 23590.  0.25454E-04
 23595.  0.25587E-04
 23600.  0.25805E-04
 23605.  0.25991E-04
 23610.  0.26100E-04
 23615.  0.26052E-04
 23620.  0.26006E-04
 23625.  0.26030E-04
 23630.  0.26410E-04
 23635.  0.26872E-04
 23640.  0.27259E-04
 23645.  0.27367E-04
 23650.  0.27334E-04
 23655.  0.27158E-04
 23660.  0.26697E-04
 23665.  0.26310E-04
 23670.  0.26204E-04
 23675.  0.26593E-04
 23680.  0.27209E-04
 23685.  0.27727E-04
 23690.  0.27821E-04
 23695.  0.27772E-04
 23700.  0.27626E-04
 23705.  0.27515E-04
 23710.  0.27322E-04
 23715.  0.27196E-04
 23720.  0.26986E-04
 23725.  0.26587E-04
 23730.  0.26074E-04
 23735.  0.25532E-04
 23740.  0.25161E-04
 23745.  0.24964E-04
 23750.  0.24981E-04
 23755.  0.25210E-04
 23760.  0.25431E-04
 23765.  0.25494E-04
 23770.  0.25249E-04
 23775.  0.24826E-04
 23780.  0.24487E-04
 23785.  0.24516E-04
 23790.  0.24956E-04
 23795.  0.25485E-04
 23800.  0.25851E-04
 23805.  0.25841E-04
 23810.  0.25618E-04
 23815.  0.24988E-04
 23820.  0.24238E-04
 23825.  0.23534E-04
 23830.  0.23171E-04
 23835.  0.23161E-04
 23840.  0.23380E-04
 23845.  0.23495E-04
 23850.  0.23411E-04
 23855.  0.23162E-04
 23860.  0.22935E-04
 23865.  0.23004E-04
 23870.  0.23388E-04
 23875.  0.23918E-04
 23880.  0.24550E-04
 23885.  0.25219E-04
 23890.  0.25890E-04
 23895.  0.26305E-04
 23900.  0.26052E-04
 23905.  0.25226E-04
 23910.  0.24260E-04
 23915.  0.23824E-04
 23920.  0.24042E-04
 23925.  0.24822E-04
 23930.  0.25580E-04
 23935.  0.25898E-04
 23940.  0.25737E-04
 23945.  0.25343E-04
 23950.  0.25007E-04
 23955.  0.24799E-04
 23960.  0.24685E-04
 23965.  0.24637E-04
 23970.  0.24744E-04
 23975.  0.25060E-04
 23980.  0.25437E-04
 23985.  0.25751E-04
 23990.  0.25629E-04
 23995.  0.25100E-04
 24000.  0.24373E-04
 24005.  0.23883E-04
 24010.  0.23829E-04
 24015.  0.24143E-04
 24020.  0.24697E-04
 24025.  0.25036E-04
 24030.  0.25037E-04
 24035.  0.24582E-04
 24040.  0.24223E-04
 24045.  0.24051E-04
 24050.  0.24025E-04
 24055.  0.23807E-04
 24060.  0.23343E-04
 24065.  0.22642E-04
 24070.  0.22120E-04
 24075.  0.21883E-04
 24080.  0.21949E-04
 24085.  0.22389E-04
 24090.  0.22840E-04
 24095.  0.23169E-04
 24100.  0.23101E-04
 24105.  0.22993E-04
 24110.  0.22933E-04
 24115.  0.22698E-04
 24120.  0.22352E-04
 24125.  0.21924E-04
 24130.  0.21714E-04
 24135.  0.21624E-04
 24140.  0.21709E-04
 24145.  0.21779E-04
 24150.  0.21518E-04
 24155.  0.21043E-04
 24160.  0.20719E-04
 24165.  0.20867E-04
 24170.  0.21169E-04
 24175.  0.21256E-04
 24180.  0.21080E-04
 24185.  0.20787E-04
 24190.  0.20787E-04
 24195.  0.20986E-04
 24200.  0.21355E-04
 24205.  0.21821E-04
 24210.  0.22039E-04
 24215.  0.21997E-04
 24220.  0.21765E-04
 24225.  0.21693E-04
 24230.  0.21861E-04
 24235.  0.22179E-04
 24240.  0.22325E-04
 24245.  0.22265E-04
 24250.  0.22061E-04
 24255.  0.21951E-04
 24260.  0.21791E-04
 24265.  0.21521E-04
 24270.  0.21436E-04
 24275.  0.21606E-04
 24280.  0.22007E-04
 24285.  0.22420E-04
 24290.  0.22458E-04
 24295.  0.22093E-04
 24300.  0.21762E-04
 24305.  0.21697E-04
 24310.  0.22084E-04
 24315.  0.22660E-04
 24320.  0.22908E-04
 24325.  0.22438E-04
 24330.  0.21536E-04
 24335.  0.20774E-04
 24340.  0.20317E-04
 24345.  0.19960E-04
 24350.  0.19463E-04
 24355.  0.18707E-04
 24360.  0.18194E-04
 24365.  0.18448E-04
 24370.  0.19244E-04
 24375.  0.20351E-04
 24380.  0.21234E-04
 24385.  0.21852E-04
 24390.  0.22085E-04
 24395.  0.22008E-04
 24400.  0.21732E-04
 24405.  0.21374E-04
 24410.  0.20990E-04
 24415.  0.20692E-04
 24420.  0.20446E-04
 24425.  0.20151E-04
 24430.  0.19861E-04
 24435.  0.19672E-04
 24440.  0.19836E-04
 24445.  0.20288E-04
 24450.  0.20808E-04
 24455.  0.20630E-04
 24460.  0.19616E-04
 24465.  0.18404E-04
 24470.  0.18106E-04
 24475.  0.18464E-04
 24480.  0.19148E-04
 24485.  0.19824E-04
 24490.  0.20470E-04
 24495.  0.20886E-04
 24500.  0.20907E-04
 24505.  0.19751E-04
 24510.  0.18589E-04
 24515.  0.17708E-04
 24520.  0.17340E-04
 24525.  0.17150E-04
 24530.  0.17290E-04
 24535.  0.17811E-04
 24540.  0.18472E-04
 24545.  0.19150E-04
 24550.  0.19771E-04
 24555.  0.20480E-04
 24560.  0.21244E-04
 24565.  0.21777E-04
 24570.  0.21828E-04
 24575.  0.21438E-04
 24580.  0.20744E-04
 24585.  0.19936E-04
 24590.  0.19084E-04
 24595.  0.18093E-04
 24600.  0.17499E-04
 24605.  0.17375E-04
 24610.  0.17823E-04
 24615.  0.18291E-04
 24620.  0.18645E-04
 24625.  0.19095E-04
 24630.  0.19638E-04
 24635.  0.19926E-04
 24640.  0.19797E-04
 24645.  0.19580E-04
 24650.  0.19462E-04
 24655.  0.19408E-04
 24660.  0.19347E-04
 24665.  0.19205E-04
 24670.  0.19076E-04
 24675.  0.19011E-04
 24680.  0.19057E-04
 24685.  0.19097E-04
 24690.  0.19324E-04
 24695.  0.19338E-04
 24700.  0.19367E-04
 24705.  0.19646E-04
 24710.  0.20142E-04
 24715.  0.20315E-04
 24720.  0.19062E-04
 24725.  0.17591E-04
 24730.  0.16500E-04
 24735.  0.16121E-04
 24740.  0.16346E-04
 24745.  0.16885E-04
 24750.  0.17590E-04
 24755.  0.18429E-04
 24760.  0.19195E-04
 24765.  0.19549E-04
 24770.  0.19296E-04
 24775.  0.18563E-04
 24780.  0.17597E-04
 24785.  0.16909E-04
 24790.  0.16706E-04
 24795.  0.16995E-04
 24800.  0.17143E-04
 24805.  0.16819E-04
 24810.  0.16177E-04
 24815.  0.16226E-04
 24820.  0.16967E-04
 24825.  0.18430E-04
 24830.  0.19600E-04
 24835.  0.19864E-04
 24840.  0.19578E-04
 24845.  0.19570E-04
 24850.  0.19716E-04
 24855.  0.19908E-04
 24860.  0.19625E-04
 24865.  0.18521E-04
 24870.  0.16822E-04
 24875.  0.15122E-04
 24880.  0.14295E-04
 24885.  0.13937E-04
 24890.  0.12468E-04
 24895.  0.11560E-04
 24900.  0.10245E-04
