  5100.  0.21555E-06
  5105.  0.21906E-06
  5110.  0.22290E-06
  5115.  0.23026E-06
  5120.  0.24018E-06
  5125.  0.25023E-06
  5130.  0.26195E-06
  5135.  0.26975E-06
  5140.  0.27896E-06
  5145.  0.28929E-06
  5150.  0.29945E-06
  5155.  0.30965E-06
  5160.  0.31815E-06
  5165.  0.33241E-06
  5170.  0.35242E-06
  5175.  0.35041E-06
  5180.  0.31501E-06
  5185.  0.26982E-06
  5190.  0.23175E-06
  5195.  0.18974E-06
  5200.  0.15534E-06
  5205.  0.14451E-06
  5210.  0.14348E-06
  5215.  0.12999E-06
  5220.  0.11757E-06
  5225.  0.12348E-06
  5230.  0.13307E-06
  5235.  0.13299E-06
  5240.  0.13382E-06
  5245.  0.14473E-06
  5250.  0.15614E-06
  5255.  0.16186E-06
  5260.  0.17294E-06
  5265.  0.19233E-06
  5270.  0.20596E-06
  5275.  0.20819E-06
  5280.  0.20458E-06
  5285.  0.20243E-06
  5290.  0.20946E-06
  5295.  0.22423E-06
  5300.  0.23707E-06
  5305.  0.24445E-06
  5310.  0.24905E-06
  5315.  0.25123E-06
  5320.  0.25163E-06
  5325.  0.25453E-06
  5330.  0.26053E-06
  5335.  0.27013E-06
  5340.  0.28249E-06
  5345.  0.29149E-06
  5350.  0.29614E-06
  5355.  0.30518E-06
  5360.  0.31802E-06
  5365.  0.32030E-06
  5370.  0.31549E-06
  5375.  0.32100E-06
  5380.  0.33574E-06
  5385.  0.34952E-06
  5390.  0.35718E-06
  5395.  0.35883E-06
  5400.  0.43059E-06
  5405.  0.40772E-06
  5410.  0.41477E-06
  5415.  0.42570E-06
  5420.  0.43244E-06
  5425.  0.43810E-06
  5430.  0.44919E-06
  5435.  0.46204E-06
  5440.  0.46731E-06
  5445.  0.46518E-06
  5450.  0.46182E-06
  5455.  0.45461E-06
  5460.  0.43520E-06
  5465.  0.40591E-06
  5470.  0.37721E-06
  5475.  0.35387E-06
  5480.  0.33631E-06
  5485.  0.32079E-06
  5490.  0.30823E-06
  5495.  0.30203E-06
  5500.  0.30069E-06
  5505.  0.29554E-06
  5510.  0.28763E-06
  5515.  0.28545E-06
  5520.  0.28933E-06
  5525.  0.30049E-06
  5530.  0.31824E-06
  5535.  0.33179E-06
  5540.  0.34184E-06
  5545.  0.35626E-06
  5550.  0.37038E-06
  5555.  0.37883E-06
  5560.  0.38453E-06
  5565.  0.39089E-06
  5570.  0.39633E-06
  5575.  0.39366E-06
  5580.  0.37666E-06
  5585.  0.34809E-06
  5590.  0.31842E-06
  5595.  0.29447E-06
  5600.  0.27966E-06
  5605.  0.27121E-06
  5610.  0.26269E-06
  5615.  0.25100E-06
  5620.  0.23488E-06
  5625.  0.21708E-06
  5630.  0.20418E-06
  5635.  0.20269E-06
  5640.  0.21191E-06
  5645.  0.22186E-06
  5650.  0.22959E-06
  5655.  0.24439E-06
  5660.  0.26651E-06
  5665.  0.28311E-06
  5670.  0.29468E-06
  5675.  0.31481E-06
  5680.  0.34008E-06
  5685.  0.35400E-06
  5690.  0.35994E-06
  5695.  0.37544E-06
  5700.  0.39814E-06
  5705.  0.41468E-06
  5710.  0.43036E-06
  5715.  0.45354E-06
  5720.  0.47421E-06
  5725.  0.48188E-06
  5730.  0.47885E-06
  5735.  0.47178E-06
  5740.  0.46956E-06
  5745.  0.47720E-06
  5750.  0.49204E-06
  5755.  0.50698E-06
  5760.  0.51435E-06
  5765.  0.51807E-06
  5770.  0.52878E-06
  5775.  0.54515E-06
  5780.  0.55705E-06
  5785.  0.56634E-06
  5790.  0.58133E-06
  5795.  0.60415E-06
  5800.  0.62669E-06
  5805.  0.63978E-06
  5810.  0.64513E-06
  5815.  0.64776E-06
  5820.  0.64557E-06
  5825.  0.63261E-06
  5830.  0.60822E-06
  5835.  0.58036E-06
  5840.  0.55055E-06
  5845.  0.51890E-06
  5850.  0.48462E-06
  5855.  0.44237E-06
  5860.  0.39085E-06
  5865.  0.33621E-06
  5870.  0.29117E-06
  5875.  0.26420E-06
  5880.  0.24349E-06
  5885.  0.21893E-06
  5890.  0.20320E-06
  5895.  0.20158E-06
  5900.  0.20021E-06
  5905.  0.19478E-06
  5910.  0.19225E-06
  5915.  0.19686E-06
  5920.  0.20621E-06
  5925.  0.21507E-06
  5930.  0.21828E-06
  5935.  0.22078E-06
  5940.  0.23169E-06
  5945.  0.24981E-06
  5950.  0.26969E-06
  5955.  0.29272E-06
  5960.  0.32003E-06
  5965.  0.34298E-06
  5970.  0.35626E-06
  5975.  0.36795E-06
  5980.  0.38358E-06
  5985.  0.39847E-06
  5990.  0.40962E-06
  5995.  0.42236E-06
  6000.  0.44457E-06
  6005.  0.47225E-06
  6010.  0.49836E-06
  6015.  0.52557E-06
  6020.  0.55288E-06
  6025.  0.57444E-06
  6030.  0.58909E-06
  6035.  0.60024E-06
  6040.  0.61168E-06
  6045.  0.62657E-06
  6050.  0.64668E-06
  6055.  0.66903E-06
  6060.  0.69121E-06
  6065.  0.71334E-06
  6070.  0.73422E-06
  6075.  0.75226E-06
  6080.  0.76812E-06
  6085.  0.78241E-06
  6090.  0.79213E-06
  6095.  0.79627E-06
  6100.  0.80021E-06
  6105.  0.81118E-06
  6110.  0.83408E-06
  6115.  0.86241E-06
  6120.  0.88713E-06
  6125.  0.90716E-06
  6130.  0.92449E-06
  6135.  0.93102E-06
  6140.  0.91972E-06
  6145.  0.88868E-06
  6150.  0.84317E-06
  6155.  0.79185E-06
  6160.  0.72677E-06
  6165.  0.64923E-06
  6170.  0.56663E-06
  6175.  0.49109E-06
  6180.  0.42395E-06
  6185.  0.36517E-06
  6190.  0.32885E-06
  6195.  0.31888E-06
  6200.  0.32382E-06
  6205.  0.33086E-06
  6210.  0.34055E-06
  6215.  0.34865E-06
  6220.  0.34880E-06
  6225.  0.34602E-06
  6230.  0.34758E-06
  6235.  0.35472E-06
  6240.  0.37059E-06
  6245.  0.39476E-06
  6250.  0.41907E-06
  6255.  0.44379E-06
  6260.  0.47416E-06
  6265.  0.50776E-06
  6270.  0.53749E-06
  6275.  0.57008E-06
  6280.  0.61128E-06
  6285.  0.64686E-06
  6290.  0.66820E-06
  6295.  0.68468E-06
  6300.  0.70339E-06
  6305.  0.72578E-06
  6310.  0.75179E-06
  6315.  0.77781E-06
  6320.  0.80220E-06
  6325.  0.82193E-06
  6330.  0.83299E-06
  6335.  0.84018E-06
  6340.  0.85304E-06
  6345.  0.87855E-06
  6350.  0.90481E-06
  6355.  0.91587E-06
  6360.  0.92237E-06
  6365.  0.93846E-06
  6370.  0.95710E-06
  6375.  0.97785E-06
  6380.  0.10172E-05
  6385.  0.10796E-05
  6390.  0.11404E-05
  6395.  0.11877E-05
  6400.  0.12264E-05
  6405.  0.12611E-05
  6410.  0.12943E-05
  6415.  0.13255E-05
  6420.  0.13558E-05
  6425.  0.13822E-05
  6430.  0.14028E-05
  6435.  0.14261E-05
  6440.  0.14675E-05
  6445.  0.15219E-05
  6450.  0.15820E-05
  6455.  0.16546E-05
  6460.  0.17359E-05
  6465.  0.18046E-05
  6470.  0.18566E-05
  6475.  0.19119E-05
  6480.  0.19631E-05
  6485.  0.19934E-05
  6490.  0.20073E-05
  6495.  0.20221E-05
  6500.  0.20492E-05
  6505.  0.21037E-05
  6510.  0.21895E-05
  6515.  0.22857E-05
  6520.  0.23694E-05
  6525.  0.24274E-05
  6530.  0.24734E-05
  6535.  0.25118E-05
  6540.  0.25347E-05
  6545.  0.25322E-05
  6550.  0.25040E-05
  6555.  0.24460E-05
  6560.  0.23659E-05
  6565.  0.22733E-05
  6570.  0.21858E-05
  6575.  0.21081E-05
  6580.  0.20419E-05
  6585.  0.19893E-05
  6590.  0.19496E-05
  6595.  0.19249E-05
  6600.  0.19079E-05
  6605.  0.18894E-05
  6610.  0.18665E-05
  6615.  0.18375E-05
  6620.  0.18025E-05
  6625.  0.17644E-05
  6630.  0.17129E-05
  6635.  0.16477E-05
  6640.  0.15741E-05
  6645.  0.14975E-05
  6650.  0.14143E-05
  6655.  0.13270E-05
  6660.  0.12403E-05
  6665.  0.11620E-05
  6670.  0.11024E-05
  6675.  0.10652E-05
  6680.  0.10473E-05
  6685.  0.10334E-05
  6690.  0.10145E-05
  6695.  0.99055E-06
  6700.  0.97222E-06
  6705.  0.96268E-06
  6710.  0.95531E-06
  6715.  0.94779E-06
  6720.  0.93663E-06
  6725.  0.92281E-06
  6730.  0.92195E-06
  6735.  0.94582E-06
  6740.  0.98835E-06
  6745.  0.10436E-05
  6750.  0.11012E-05
  6755.  0.11573E-05
  6760.  0.12100E-05
  6765.  0.12647E-05
  6770.  0.13230E-05
  6775.  0.13743E-05
  6780.  0.14131E-05
  6785.  0.14476E-05
  6790.  0.14750E-05
  6795.  0.14983E-05
  6800.  0.15375E-05
  6805.  0.15961E-05
  6810.  0.16660E-05
  6815.  0.17405E-05
  6820.  0.18161E-05
  6825.  0.18829E-05
  6830.  0.19504E-05
  6835.  0.20291E-05
  6840.  0.21072E-05
  6845.  0.21796E-05
  6850.  0.22500E-05
  6855.  0.23240E-05
  6860.  0.24036E-05
  6865.  0.24948E-05
  6870.  0.26019E-05
  6875.  0.27342E-05
  6880.  0.28840E-05
  6885.  0.30414E-05
  6890.  0.31854E-05
  6895.  0.33210E-05
  6900.  0.34562E-05
  6905.  0.35937E-05
  6910.  0.37370E-05
  6915.  0.38694E-05
  6920.  0.39752E-05
  6925.  0.40729E-05
  6930.  0.41926E-05
  6935.  0.43233E-05
  6940.  0.44554E-05
  6945.  0.45953E-05
  6950.  0.47481E-05
  6955.  0.49080E-05
  6960.  0.50642E-05
  6965.  0.52057E-05
  6970.  0.53282E-05
  6975.  0.54348E-05
  6980.  0.55196E-05
  6985.  0.55955E-05
  6990.  0.56449E-05
  6995.  0.56539E-05
  7000.  0.56430E-05
  7005.  0.56309E-05
  7010.  0.56058E-05
  7015.  0.55514E-05
  7020.  0.54597E-05
  7025.  0.53258E-05
  7030.  0.51595E-05
  7035.  0.49526E-05
  7040.  0.46990E-05
  7045.  0.43726E-05
  7050.  0.39921E-05
  7055.  0.35620E-05
  7060.  0.31072E-05
  7065.  0.26926E-05
  7070.  0.23694E-05
  7075.  0.21580E-05
  7080.  0.20236E-05
  7085.  0.19303E-05
  7090.  0.18533E-05
  7095.  0.17793E-05
  7100.  0.17135E-05
  7105.  0.16658E-05
  7110.  0.16510E-05
  7115.  0.16569E-05
  7120.  0.16524E-05
  7125.  0.16236E-05
  7130.  0.15800E-05
  7135.  0.15461E-05
  7140.  0.15349E-05
  7145.  0.15499E-05
  7150.  0.16099E-05
  7155.  0.17130E-05
  7160.  0.18334E-05
  7165.  0.19511E-05
  7170.  0.20680E-05
  7175.  0.21890E-05
  7180.  0.23007E-05
  7185.  0.23980E-05
  7190.  0.24889E-05
  7195.  0.25700E-05
  7200.  0.26375E-05
  7205.  0.27156E-05
  7210.  0.28190E-05
  7215.  0.29407E-05
  7220.  0.30827E-05
  7225.  0.32462E-05
  7230.  0.34218E-05
  7235.  0.36112E-05
  7240.  0.38130E-05
  7245.  0.40246E-05
  7250.  0.42567E-05
  7255.  0.44914E-05
  7260.  0.46932E-05
  7265.  0.48809E-05
  7270.  0.50809E-05
  7275.  0.52902E-05
  7280.  0.55313E-05
  7285.  0.58153E-05
  7290.  0.61353E-05
  7295.  0.64783E-05
  7300.  0.68468E-05
  7305.  0.72135E-05
  7310.  0.75686E-05
  7315.  0.79061E-05
  7320.  0.82102E-05
  7325.  0.84741E-05
  7330.  0.86695E-05
  7335.  0.87774E-05
  7340.  0.88229E-05
  7345.  0.88361E-05
  7350.  0.88198E-05
  7355.  0.88068E-05
  7360.  0.88382E-05
  7365.  0.89051E-05
  7370.  0.89868E-05
  7375.  0.90593E-05
  7380.  0.90940E-05
  7385.  0.90768E-05
  7390.  0.90280E-05
  7395.  0.89661E-05
  7400.  0.89075E-05
  7405.  0.88558E-05
  7410.  0.88112E-05
  7415.  0.87716E-05
  7420.  0.87325E-05
  7425.  0.87108E-05
  7430.  0.87069E-05
  7435.  0.86964E-05
  7440.  0.87024E-05
  7445.  0.87508E-05
  7450.  0.88405E-05
  7455.  0.89622E-05
  7460.  0.91272E-05
  7465.  0.93259E-05
  7470.  0.95449E-05
  7475.  0.97738E-05
  7480.  0.10015E-04
  7485.  0.10281E-04
  7490.  0.10540E-04
  7495.  0.10770E-04
  7500.  0.10986E-04
  7505.  0.11196E-04
  7510.  0.11424E-04
  7515.  0.11697E-04
  7520.  0.11996E-04
  7525.  0.12326E-04
  7530.  0.12676E-04
  7535.  0.12994E-04
  7540.  0.13318E-04
  7545.  0.13627E-04
  7550.  0.13889E-04
  7555.  0.14110E-04
  7560.  0.14281E-04
  7565.  0.14339E-04
  7570.  0.14314E-04
  7575.  0.14213E-04
  7580.  0.14041E-04
  7585.  0.13707E-04
  7590.  0.13154E-04
  7595.  0.12328E-04
  7600.  0.11319E-04
  7605.  0.10320E-04
  7610.  0.95792E-05
  7615.  0.90785E-05
  7620.  0.87352E-05
  7625.  0.84436E-05
  7630.  0.81694E-05
  7635.  0.79026E-05
  7640.  0.77050E-05
  7645.  0.76150E-05
  7650.  0.75771E-05
  7655.  0.75076E-05
  7660.  0.73777E-05
  7665.  0.72079E-05
  7670.  0.70240E-05
  7675.  0.68810E-05
  7680.  0.68101E-05
  7685.  0.68295E-05
  7690.  0.69401E-05
  7695.  0.70924E-05
  7700.  0.72372E-05
  7705.  0.73784E-05
  7710.  0.75493E-05
  7715.  0.77413E-05
  7720.  0.79283E-05
  7725.  0.81113E-05
  7730.  0.82731E-05
  7735.  0.83819E-05
  7740.  0.84332E-05
  7745.  0.84324E-05
  7750.  0.84066E-05
  7755.  0.84032E-05
  7760.  0.84472E-05
  7765.  0.85561E-05
  7770.  0.87316E-05
  7775.  0.89329E-05
  7780.  0.91434E-05
  7785.  0.93629E-05
  7790.  0.95737E-05
  7795.  0.97781E-05
  7800.  0.99917E-05
  7805.  0.10186E-04
  7810.  0.10333E-04
  7815.  0.10402E-04
  7820.  0.10388E-04
  7825.  0.10304E-04
  7830.  0.10130E-04
  7835.  0.99019E-05
  7840.  0.96995E-05
  7845.  0.95302E-05
  7850.  0.93763E-05
  7855.  0.92209E-05
  7860.  0.90823E-05
  7865.  0.89685E-05
  7870.  0.88625E-05
  7875.  0.88015E-05
  7880.  0.87894E-05
  7885.  0.87839E-05
  7890.  0.87691E-05
  7895.  0.87218E-05
  7900.  0.86507E-05
  7905.  0.85991E-05
  7910.  0.85891E-05
  7915.  0.86139E-05
  7920.  0.86887E-05
  7925.  0.87981E-05
  7930.  0.88847E-05
  7935.  0.89514E-05
  7940.  0.90249E-05
  7945.  0.90907E-05
  7950.  0.91577E-05
  7955.  0.92456E-05
  7960.  0.93561E-05
  7965.  0.94679E-05
  7970.  0.95661E-05
  7975.  0.96652E-05
  7980.  0.97874E-05
  7985.  0.99495E-05
  7990.  0.10143E-04
  7995.  0.10396E-04
  8000.  0.10774E-04
  8005.  0.11258E-04
  8010.  0.11758E-04
  8015.  0.12253E-04
  8020.  0.12781E-04
  8025.  0.13352E-04
  8030.  0.13937E-04
  8035.  0.14476E-04
  8040.  0.15022E-04
  8045.  0.15644E-04
  8050.  0.16314E-04
  8055.  0.17051E-04
  8060.  0.17859E-04
  8065.  0.18683E-04
  8070.  0.19535E-04
  8075.  0.20441E-04
  8080.  0.21424E-04
  8085.  0.22509E-04
  8090.  0.23634E-04
  8095.  0.24754E-04
  8100.  0.25887E-04
  8105.  0.27074E-04
  8110.  0.28372E-04
  8115.  0.29757E-04
  8120.  0.31156E-04
  8125.  0.32541E-04
  8130.  0.33937E-04
  8135.  0.35408E-04
  8140.  0.36838E-04
  8145.  0.37985E-04
  8150.  0.38899E-04
  8155.  0.39702E-04
  8160.  0.40306E-04
  8165.  0.40690E-04
  8170.  0.40789E-04
  8175.  0.40587E-04
  8180.  0.40104E-04
  8185.  0.39200E-04
  8190.  0.37830E-04
  8195.  0.35974E-04
  8200.  0.33976E-04
  8205.  0.32128E-04
  8210.  0.30605E-04
  8215.  0.29645E-04
  8220.  0.29307E-04
  8225.  0.29421E-04
  8230.  0.29718E-04
  8235.  0.30003E-04
  8240.  0.30072E-04
  8245.  0.29972E-04
  8250.  0.29719E-04
  8255.  0.29304E-04
  8260.  0.28831E-04
  8265.  0.28344E-04
  8270.  0.27829E-04
  8275.  0.27283E-04
  8280.  0.26676E-04
  8285.  0.26005E-04
  8290.  0.25468E-04
  8295.  0.25118E-04
  8300.  0.24866E-04
  8305.  0.24746E-04
  8310.  0.24810E-04
  8315.  0.25010E-04
  8320.  0.25262E-04
  8325.  0.25473E-04
  8330.  0.25614E-04
  8335.  0.25623E-04
  8340.  0.25560E-04
  8345.  0.25578E-04
  8350.  0.25667E-04
  8355.  0.25787E-04
  8360.  0.25956E-04
  8365.  0.26146E-04
  8370.  0.26227E-04
  8375.  0.26171E-04
  8380.  0.26019E-04
  8385.  0.25743E-04
  8390.  0.25475E-04
  8395.  0.25326E-04
  8400.  0.25224E-04
  8405.  0.25055E-04
  8410.  0.24698E-04
  8415.  0.24029E-04
  8420.  0.23023E-04
  8425.  0.21714E-04
  8430.  0.20144E-04
  8435.  0.18385E-04
  8440.  0.16632E-04
  8445.  0.15043E-04
  8450.  0.13807E-04
  8455.  0.12951E-04
  8460.  0.12492E-04
  8465.  0.12322E-04
  8470.  0.12375E-04
  8475.  0.12553E-04
  8480.  0.12829E-04
  8485.  0.13145E-04
  8490.  0.13428E-04
  8495.  0.13654E-04
  8500.  0.13860E-04
  8505.  0.14035E-04
  8510.  0.14160E-04
  8515.  0.14279E-04
  8520.  0.14442E-04
  8525.  0.14665E-04
  8530.  0.14932E-04
  8535.  0.15227E-04
  8540.  0.15533E-04
  8545.  0.15867E-04
  8550.  0.16234E-04
  8555.  0.16614E-04
  8560.  0.16940E-04
  8565.  0.17222E-04
  8570.  0.17470E-04
  8575.  0.17719E-04
  8580.  0.17968E-04
  8585.  0.18219E-04
  8590.  0.18473E-04
  8595.  0.18781E-04
  8600.  0.19166E-04
  8605.  0.19554E-04
  8610.  0.19930E-04
  8615.  0.20327E-04
  8620.  0.20764E-04
  8625.  0.21127E-04
  8630.  0.21383E-04
  8635.  0.21581E-04
  8640.  0.21763E-04
  8645.  0.21964E-04
  8650.  0.22164E-04
  8655.  0.22346E-04
  8660.  0.22552E-04
  8665.  0.22792E-04
  8670.  0.23066E-04
  8675.  0.23399E-04
  8680.  0.23769E-04
  8685.  0.24189E-04
  8690.  0.24719E-04
  8695.  0.25330E-04
  8700.  0.25921E-04
  8705.  0.26551E-04
  8710.  0.27246E-04
  8715.  0.27990E-04
  8720.  0.28720E-04
  8725.  0.29405E-04
  8730.  0.30004E-04
  8735.  0.30617E-04
  8740.  0.31341E-04
  8745.  0.32096E-04
  8750.  0.32817E-04
  8755.  0.33537E-04
  8760.  0.34327E-04
  8765.  0.35120E-04
  8770.  0.35943E-04
  8775.  0.36895E-04
  8780.  0.37969E-04
  8785.  0.39071E-04
  8790.  0.40194E-04
  8795.  0.41352E-04
  8800.  0.42467E-04
  8805.  0.43516E-04
  8810.  0.44476E-04
  8815.  0.45289E-04
  8820.  0.45873E-04
  8825.  0.46228E-04
  8830.  0.46295E-04
  8835.  0.46151E-04
  8840.  0.45952E-04
  8845.  0.45423E-04
  8850.  0.44211E-04
  8855.  0.42340E-04
  8860.  0.39914E-04
  8865.  0.37053E-04
  8870.  0.34323E-04
  8875.  0.32153E-04
  8880.  0.30883E-04
  8885.  0.30443E-04
  8890.  0.30622E-04
  8895.  0.31259E-04
  8900.  0.32102E-04
  8905.  0.33009E-04
  8910.  0.33947E-04
  8915.  0.34810E-04
  8920.  0.35514E-04
  8925.  0.36111E-04
  8930.  0.36630E-04
  8935.  0.36942E-04
  8940.  0.36997E-04
  8945.  0.36922E-04
  8950.  0.36846E-04
  8955.  0.37029E-04
  8960.  0.37467E-04
  8965.  0.38174E-04
  8970.  0.39171E-04
  8975.  0.40410E-04
  8980.  0.41784E-04
  8985.  0.43034E-04
  8990.  0.44131E-04
  8995.  0.45264E-04
  9000.  0.46601E-04
  9005.  0.47925E-04
  9010.  0.48883E-04
  9015.  0.49577E-04
  9020.  0.50164E-04
  9025.  0.50693E-04
  9030.  0.51340E-04
  9035.  0.52057E-04
  9040.  0.52996E-04
  9045.  0.54095E-04
  9050.  0.55396E-04
  9055.  0.56859E-04
  9060.  0.58308E-04
  9065.  0.59603E-04
  9070.  0.60698E-04
  9075.  0.61667E-04
  9080.  0.62524E-04
  9085.  0.63556E-04
  9090.  0.64680E-04
  9095.  0.65517E-04
  9100.  0.66109E-04
  9105.  0.66746E-04
  9110.  0.67545E-04
  9115.  0.68397E-04
  9120.  0.69158E-04
  9125.  0.69939E-04
  9130.  0.70717E-04
  9135.  0.71282E-04
  9140.  0.71748E-04
  9145.  0.72154E-04
  9150.  0.72460E-04
  9155.  0.72806E-04
  9160.  0.73115E-04
  9165.  0.73301E-04
  9170.  0.73414E-04
  9175.  0.73437E-04
  9180.  0.73317E-04
  9185.  0.72866E-04
  9190.  0.72107E-04
  9195.  0.70927E-04
  9200.  0.69561E-04
  9205.  0.67809E-04
  9210.  0.64995E-04
  9215.  0.62062E-04
  9220.  0.59404E-04
  9225.  0.57203E-04
  9230.  0.55040E-04
  9235.  0.53183E-04
  9240.  0.51699E-04
  9245.  0.50593E-04
  9250.  0.49892E-04
  9255.  0.49504E-04
  9260.  0.49230E-04
  9265.  0.49193E-04
  9270.  0.49161E-04
  9275.  0.48767E-04
  9280.  0.47880E-04
  9285.  0.46858E-04
  9290.  0.45815E-04
  9295.  0.44700E-04
  9300.  0.43790E-04
  9305.  0.43343E-04
  9310.  0.43237E-04
  9315.  0.43383E-04
  9320.  0.43390E-04
  9325.  0.43191E-04
  9330.  0.42962E-04
  9335.  0.42962E-04
  9340.  0.42538E-04
  9345.  0.42064E-04
  9350.  0.41904E-04
  9355.  0.42114E-04
  9360.  0.42253E-04
  9365.  0.42153E-04
  9370.  0.41458E-04
  9375.  0.40831E-04
  9380.  0.40770E-04
  9385.  0.41373E-04
  9390.  0.42161E-04
  9395.  0.43186E-04
  9400.  0.44393E-04
  9405.  0.45591E-04
  9410.  0.46615E-04
  9415.  0.47589E-04
  9420.  0.48438E-04
  9425.  0.49333E-04
  9430.  0.50151E-04
  9435.  0.50704E-04
  9440.  0.51187E-04
  9445.  0.51530E-04
  9450.  0.51825E-04
  9455.  0.51834E-04
  9460.  0.51801E-04
  9465.  0.52165E-04
  9470.  0.52868E-04
  9475.  0.53571E-04
  9480.  0.54208E-04
  9485.  0.54920E-04
  9490.  0.55720E-04
  9495.  0.56387E-04
  9500.  0.56876E-04
  9505.  0.57444E-04
  9510.  0.58462E-04
  9515.  0.59662E-04
  9520.  0.60512E-04
  9525.  0.61286E-04
  9530.  0.62052E-04
  9535.  0.62475E-04
  9540.  0.62702E-04
  9545.  0.63142E-04
  9550.  0.63704E-04
  9555.  0.63962E-04
  9560.  0.63948E-04
  9565.  0.63676E-04
  9570.  0.63239E-04
  9575.  0.62786E-04
  9580.  0.62360E-04
  9585.  0.61859E-04
  9590.  0.61056E-04
  9595.  0.60130E-04
  9600.  0.59272E-04
  9605.  0.58822E-04
  9610.  0.59301E-04
  9615.  0.60459E-04
  9620.  0.61541E-04
  9625.  0.62330E-04
  9630.  0.63365E-04
  9635.  0.64212E-04
  9640.  0.64422E-04
  9645.  0.64065E-04
  9650.  0.62878E-04
  9655.  0.61838E-04
  9660.  0.61621E-04
  9665.  0.61644E-04
  9670.  0.61714E-04
  9675.  0.61967E-04
  9680.  0.62097E-04
  9685.  0.61927E-04
  9690.  0.61880E-04
  9695.  0.62146E-04
  9700.  0.62507E-04
  9705.  0.63114E-04
  9710.  0.62879E-04
  9715.  0.63788E-04
  9720.  0.63492E-04
  9725.  0.62757E-04
  9730.  0.61416E-04
  9735.  0.60640E-04
  9740.  0.60292E-04
  9745.  0.58704E-04
  9750.  0.58417E-04
  9755.  0.58840E-04
  9760.  0.59974E-04
  9765.  0.59970E-04
  9770.  0.59692E-04
  9775.  0.60045E-04
  9780.  0.59118E-04
  9785.  0.58727E-04
  9790.  0.59924E-04
  9795.  0.61813E-04
  9800.  0.63133E-04
  9805.  0.64050E-04
  9810.  0.63281E-04
  9815.  0.62317E-04
  9820.  0.63138E-04
  9825.  0.63561E-04
  9830.  0.62924E-04
  9835.  0.62424E-04
  9840.  0.62942E-04
  9845.  0.63532E-04
  9850.  0.64953E-04
  9855.  0.66521E-04
  9860.  0.67395E-04
  9865.  0.68199E-04
  9870.  0.68050E-04
  9875.  0.68422E-04
  9880.  0.68546E-04
  9885.  0.69754E-04
  9890.  0.70519E-04
  9895.  0.70236E-04
  9900.  0.69157E-04
  9905.  0.68679E-04
  9910.  0.68827E-04
  9915.  0.68228E-04
  9920.  0.69038E-04
  9925.  0.69896E-04
  9930.  0.70711E-04
  9935.  0.72112E-04
  9940.  0.73304E-04
  9945.  0.73758E-04
  9950.  0.73849E-04
  9955.  0.74831E-04
  9960.  0.75621E-04
  9965.  0.76638E-04
  9970.  0.77679E-04
  9975.  0.78254E-04
  9980.  0.78955E-04
  9985.  0.78851E-04
  9990.  0.78292E-04
  9995.  0.78371E-04
 10000.  0.77829E-04
 10005.  0.77452E-04
 10010.  0.77892E-04
 10015.  0.78460E-04
 10020.  0.78635E-04
 10025.  0.76377E-04
 10030.  0.73801E-04
 10035.  0.72538E-04
 10040.  0.74033E-04
 10045.  0.76834E-04
 10050.  0.77714E-04
 10055.  0.76247E-04
 10060.  0.75100E-04
 10065.  0.76501E-04
 10070.  0.78193E-04
 10075.  0.79152E-04
 10080.  0.79983E-04
 10085.  0.80585E-04
 10090.  0.81267E-04
 10095.  0.82787E-04
 10100.  0.83527E-04
 10105.  0.83309E-04
 10110.  0.83055E-04
 10115.  0.82739E-04
 10120.  0.83119E-04
 10125.  0.83924E-04
 10130.  0.83826E-04
 10135.  0.82179E-04
 10140.  0.79994E-04
 10145.  0.78678E-04
 10150.  0.79309E-04
 10155.  0.80087E-04
 10160.  0.80883E-04
 10165.  0.81332E-04
 10170.  0.81508E-04
 10175.  0.83046E-04
 10180.  0.83468E-04
 10185.  0.83244E-04
 10190.  0.82726E-04
 10195.  0.83018E-04
 10200.  0.83679E-04
 10205.  0.84936E-04
 10210.  0.86258E-04
 10215.  0.86506E-04
 10220.  0.87086E-04
 10225.  0.87184E-04
 10230.  0.87052E-04
 10235.  0.87472E-04
 10240.  0.88298E-04
 10245.  0.88313E-04
 10250.  0.87569E-04
 10255.  0.87076E-04
 10260.  0.86302E-04
 10265.  0.85532E-04
 10270.  0.86004E-04
 10275.  0.87210E-04
 10280.  0.87921E-04
 10285.  0.88101E-04
 10290.  0.88768E-04
 10295.  0.89149E-04
 10300.  0.89448E-04
 10305.  0.89619E-04
 10310.  0.90181E-04
 10315.  0.90877E-04
 10320.  0.90394E-04
 10325.  0.88813E-04
 10330.  0.88614E-04
 10335.  0.89513E-04
 10340.  0.88629E-04
 10345.  0.87908E-04
 10350.  0.89752E-04
 10355.  0.92123E-04
 10360.  0.93002E-04
 10365.  0.92941E-04
 10370.  0.92781E-04
 10375.  0.91920E-04
 10380.  0.91577E-04
 10385.  0.92043E-04
 10390.  0.91642E-04
 10395.  0.89582E-04
 10400.  0.90268E-04
 10405.  0.92784E-04
 10410.  0.93761E-04
 10415.  0.93571E-04
 10420.  0.92042E-04
 10425.  0.90548E-04
 10430.  0.90957E-04
 10435.  0.92304E-04
 10440.  0.93128E-04
 10445.  0.93328E-04
 10450.  0.93381E-04
 10455.  0.89896E-04
 10460.  0.83560E-04
 10465.  0.81610E-04
 10470.  0.82343E-04
 10475.  0.79118E-04
 10480.  0.73556E-04
 10485.  0.70457E-04
 10490.  0.70402E-04
 10495.  0.72008E-04
 10500.  0.73247E-04
 10505.  0.72071E-04
 10510.  0.70285E-04
 10515.  0.71479E-04
 10520.  0.72410E-04
 10525.  0.69519E-04
 10530.  0.66017E-04
 10535.  0.66539E-04
 10540.  0.67111E-04
 10545.  0.64674E-04
 10550.  0.64073E-04
 10555.  0.65125E-04
 10560.  0.64354E-04
 10565.  0.62594E-04
 10570.  0.62217E-04
 10575.  0.62616E-04
 10580.  0.61793E-04
 10585.  0.60861E-04
 10590.  0.61284E-04
 10595.  0.62559E-04
 10600.  0.62697E-04
 10605.  0.61462E-04
 10610.  0.62394E-04
 10615.  0.65327E-04
 10620.  0.67333E-04
 10625.  0.68573E-04
 10630.  0.70082E-04
 10635.  0.71298E-04
 10640.  0.72022E-04
 10645.  0.72726E-04
 10650.  0.73002E-04
 10655.  0.71743E-04
 10660.  0.69956E-04
 10665.  0.71030E-04
 10670.  0.73620E-04
 10675.  0.74572E-04
 10680.  0.74731E-04
 10685.  0.74920E-04
 10690.  0.74920E-04
 10695.  0.75189E-04
 10700.  0.76777E-04
 10705.  0.78354E-04
 10710.  0.79507E-04
 10715.  0.79541E-04
 10720.  0.78845E-04
 10725.  0.77600E-04
 10730.  0.77500E-04
 10735.  0.78710E-04
 10740.  0.80187E-04
 10745.  0.81654E-04
 10750.  0.82617E-04
 10755.  0.83347E-04
 10760.  0.84027E-04
 10765.  0.84223E-04
 10770.  0.83899E-04
 10775.  0.83392E-04
 10780.  0.83967E-04
 10785.  0.85107E-04
 10790.  0.85799E-04
 10795.  0.85963E-04
 10800.  0.86342E-04
 10805.  0.86835E-04
 10810.  0.87282E-04
 10815.  0.87160E-04
 10820.  0.87014E-04
 10825.  0.87978E-04
 10830.  0.89075E-04
 10835.  0.89445E-04
 10840.  0.89793E-04
 10845.  0.90055E-04
 10850.  0.90304E-04
 10855.  0.90159E-04
 10860.  0.89892E-04
 10865.  0.89932E-04
 10870.  0.89651E-04
 10875.  0.89557E-04
 10880.  0.89338E-04
 10885.  0.89406E-04
 10890.  0.89737E-04
 10895.  0.89636E-04
 10900.  0.89646E-04
 10905.  0.90205E-04
 10910.  0.90373E-04
 10915.  0.89485E-04
 10920.  0.87497E-04
 10925.  0.85223E-04
 10930.  0.86768E-04
 10935.  0.91089E-04
 10940.  0.92171E-04
 10945.  0.89380E-04
 10950.  0.86786E-04
 10955.  0.84544E-04
 10960.  0.83259E-04
 10965.  0.82756E-04
 10970.  0.81643E-04
 10975.  0.81748E-04
 10980.  0.83103E-04
 10985.  0.82843E-04
 10990.  0.81090E-04
 10995.  0.79975E-04
 11000.  0.79084E-04
 11005.  0.78431E-04
 11010.  0.78513E-04
 11015.  0.78819E-04
 11020.  0.79143E-04
 11025.  0.78376E-04
 11030.  0.75227E-04
 11035.  0.71817E-04
 11040.  0.71173E-04
 11045.  0.71491E-04
 11050.  0.69942E-04
 11055.  0.68640E-04
 11060.  0.69980E-04
 11065.  0.71749E-04
 11070.  0.71915E-04
 11075.  0.71211E-04
 11080.  0.71522E-04
 11085.  0.72762E-04
 11090.  0.72585E-04
 11095.  0.71365E-04
 11100.  0.69877E-04
 11105.  0.68757E-04
 11110.  0.69898E-04
 11115.  0.71769E-04
 11120.  0.71954E-04
 11125.  0.71292E-04
 11130.  0.70943E-04
 11135.  0.71876E-04
 11140.  0.73843E-04
 11145.  0.74595E-04
 11150.  0.74772E-04
 11155.  0.74331E-04
 11160.  0.72207E-04
 11165.  0.71005E-04
 11170.  0.72407E-04
 11175.  0.74970E-04
 11180.  0.76711E-04
 11185.  0.75878E-04
 11190.  0.72430E-04
 11195.  0.70978E-04
 11200.  0.74273E-04
 11205.  0.76932E-04
 11210.  0.75355E-04
 11215.  0.73515E-04
 11220.  0.75270E-04
 11225.  0.77742E-04
 11230.  0.77843E-04
 11235.  0.78966E-04
 11240.  0.79371E-04
 11245.  0.77971E-04
 11250.  0.77460E-04
 11255.  0.78623E-04
 11260.  0.79382E-04
 11265.  0.79755E-04
 11270.  0.79637E-04
 11275.  0.78208E-04
 11280.  0.76925E-04
 11285.  0.78187E-04
 11290.  0.79363E-04
 11295.  0.79048E-04
 11300.  0.78591E-04
 11305.  0.76952E-04
 11310.  0.74726E-04
 11315.  0.74438E-04
 11320.  0.75608E-04
 11325.  0.74810E-04
 11330.  0.72465E-04
 11335.  0.69787E-04
 11340.  0.68369E-04
 11345.  0.71803E-04
 11350.  0.76182E-04
 11355.  0.77261E-04
 11360.  0.77029E-04
 11365.  0.75621E-04
 11370.  0.73836E-04
 11375.  0.74234E-04
 11380.  0.76613E-04
 11385.  0.77574E-04
 11390.  0.76243E-04
 11395.  0.76301E-04
 11400.  0.77150E-04
 11405.  0.76927E-04
 11410.  0.77172E-04
 11415.  0.78023E-04
 11420.  0.77583E-04
 11425.  0.76008E-04
 11430.  0.73966E-04
 11435.  0.72883E-04
 11440.  0.75411E-04
 11445.  0.78767E-04
 11450.  0.79286E-04
 11455.  0.78570E-04
 11460.  0.77202E-04
 11465.  0.77472E-04
 11470.  0.79106E-04
 11475.  0.79049E-04
 11480.  0.78486E-04
 11485.  0.79532E-04
 11490.  0.81078E-04
 11495.  0.81409E-04
 11500.  0.81409E-04
 11505.  0.80437E-04
 11510.  0.80204E-04
 11515.  0.80456E-04
 11520.  0.80032E-04
 11525.  0.79395E-04
 11530.  0.78026E-04
 11535.  0.77372E-04
 11540.  0.79004E-04
 11545.  0.80910E-04
 11550.  0.81244E-04
 11555.  0.80613E-04
 11560.  0.79571E-04
 11565.  0.78648E-04
 11570.  0.78554E-04
 11575.  0.79871E-04
 11580.  0.81472E-04
 11585.  0.81298E-04
 11590.  0.79912E-04
 11595.  0.78877E-04
 11600.  0.78476E-04
 11605.  0.77763E-04
 11610.  0.76906E-04
 11615.  0.77068E-04
 11620.  0.78542E-04
 11625.  0.80197E-04
 11630.  0.79858E-04
 11635.  0.78372E-04
 11640.  0.78481E-04
 11645.  0.79140E-04
 11650.  0.78752E-04
 11655.  0.78430E-04
 11660.  0.79258E-04
 11665.  0.79994E-04
 11670.  0.80271E-04
 11675.  0.79798E-04
 11680.  0.78290E-04
 11685.  0.77137E-04
 11690.  0.76852E-04
 11695.  0.77423E-04
 11700.  0.78797E-04
 11705.  0.79953E-04
 11710.  0.79599E-04
 11715.  0.79092E-04
 11720.  0.80062E-04
 11725.  0.79925E-04
 11730.  0.77935E-04
 11735.  0.77608E-04
 11740.  0.80199E-04
 11745.  0.81877E-04
 11750.  0.80826E-04
 11755.  0.79838E-04
 11760.  0.79805E-04
 11765.  0.78229E-04
 11770.  0.75845E-04
 11775.  0.75530E-04
 11780.  0.76879E-04
 11785.  0.78011E-04
 11790.  0.78856E-04
 11795.  0.79135E-04
 11800.  0.79305E-04
 11805.  0.79614E-04
 11810.  0.79030E-04
 11815.  0.78684E-04
 11820.  0.79495E-04
 11825.  0.79465E-04
 11830.  0.78052E-04
 11835.  0.78058E-04
 11840.  0.79447E-04
 11845.  0.79044E-04
 11850.  0.77305E-04
 11855.  0.77419E-04
 11860.  0.78664E-04
 11865.  0.79559E-04
 11870.  0.80007E-04
 11875.  0.79726E-04
 11880.  0.78311E-04
 11885.  0.77223E-04
 11890.  0.78510E-04
 11895.  0.80582E-04
 11900.  0.81642E-04
 11905.  0.81127E-04
 11910.  0.80289E-04
 11915.  0.80095E-04
 11920.  0.80692E-04
 11925.  0.81665E-04
 11930.  0.82055E-04
 11935.  0.81549E-04
 11940.  0.81286E-04
 11945.  0.81203E-04
 11950.  0.80950E-04
 11955.  0.81522E-04
 11960.  0.82227E-04
 11965.  0.81896E-04
 11970.  0.80505E-04
 11975.  0.79672E-04
 11980.  0.80076E-04
 11985.  0.80186E-04
 11990.  0.81069E-04
 11995.  0.82829E-04
 12000.  0.83123E-04
 12005.  0.82781E-04
 12010.  0.83233E-04
 12015.  0.83742E-04
 12020.  0.83616E-04
 12025.  0.82985E-04
 12030.  0.82526E-04
 12035.  0.83044E-04
 12040.  0.83744E-04
 12045.  0.84206E-04
 12050.  0.85211E-04
 12055.  0.86241E-04
 12060.  0.86125E-04
 12065.  0.84925E-04
 12070.  0.84106E-04
 12075.  0.84325E-04
 12080.  0.84764E-04
 12085.  0.84801E-04
 12090.  0.85074E-04
 12095.  0.85974E-04
 12100.  0.86620E-04
 12105.  0.86315E-04
 12110.  0.85653E-04
 12115.  0.85285E-04
 12120.  0.85563E-04
 12125.  0.85976E-04
 12130.  0.86195E-04
 12135.  0.87078E-04
 12140.  0.87916E-04
 12145.  0.88092E-04
 12150.  0.88070E-04
 12155.  0.87977E-04
 12160.  0.87883E-04
 12165.  0.88092E-04
 12170.  0.88274E-04
 12175.  0.88027E-04
 12180.  0.88121E-04
 12185.  0.88338E-04
 12190.  0.88457E-04
 12195.  0.88706E-04
 12200.  0.88732E-04
 12205.  0.88359E-04
 12210.  0.88016E-04
 12215.  0.87806E-04
 12220.  0.87628E-04
 12225.  0.87592E-04
 12230.  0.87864E-04
 12235.  0.88281E-04
 12240.  0.88388E-04
 12245.  0.87805E-04
 12250.  0.87326E-04
 12255.  0.87478E-04
 12260.  0.87500E-04
 12265.  0.86544E-04
 12270.  0.85816E-04
 12275.  0.86727E-04
 12280.  0.87948E-04
 12285.  0.87751E-04
 12290.  0.87091E-04
 12295.  0.87085E-04
 12300.  0.87932E-04
 12305.  0.88539E-04
 12310.  0.88456E-04
 12315.  0.88064E-04
 12320.  0.87873E-04
 12325.  0.88307E-04
 12330.  0.88773E-04
 12335.  0.88428E-04
 12340.  0.87817E-04
 12345.  0.88130E-04
 12350.  0.88856E-04
 12355.  0.88940E-04
 12360.  0.88633E-04
 12365.  0.88742E-04
 12370.  0.89170E-04
 12375.  0.89467E-04
 12380.  0.89590E-04
 12385.  0.89437E-04
 12390.  0.89075E-04
 12395.  0.88841E-04
 12400.  0.89060E-04
 12405.  0.89288E-04
 12410.  0.89418E-04
 12415.  0.89236E-04
 12420.  0.88233E-04
 12425.  0.87342E-04
 12430.  0.86732E-04
 12435.  0.86650E-04
 12440.  0.87502E-04
 12445.  0.88190E-04
 12450.  0.88285E-04
 12455.  0.88156E-04
 12460.  0.88795E-04
 12465.  0.89155E-04
 12470.  0.89212E-04
 12475.  0.89065E-04
 12480.  0.89039E-04
 12485.  0.89077E-04
 12490.  0.89281E-04
 12495.  0.89487E-04
 12500.  0.89497E-04
 12505.  0.89433E-04
 12510.  0.89048E-04
 12515.  0.88421E-04
 12520.  0.87888E-04
 12525.  0.88067E-04
 12530.  0.88623E-04
 12535.  0.88732E-04
 12540.  0.89173E-04
 12545.  0.90013E-04
 12550.  0.90660E-04
 12555.  0.90728E-04
 12560.  0.91186E-04
 12565.  0.91060E-04
 12570.  0.90539E-04
 12575.  0.90594E-04
 12580.  0.91137E-04
 12585.  0.91546E-04
 12590.  0.91240E-04
 12595.  0.90431E-04
 12600.  0.89643E-04
 12605.  0.89892E-04
 12610.  0.91063E-04
 12615.  0.91194E-04
 12620.  0.90652E-04
 12625.  0.90445E-04
 12630.  0.90250E-04
 12635.  0.89515E-04
 12640.  0.89289E-04
 12645.  0.89628E-04
 12650.  0.89824E-04
 12655.  0.89993E-04
 12660.  0.90122E-04
 12665.  0.89975E-04
 12670.  0.88958E-04
 12675.  0.88050E-04
 12680.  0.88460E-04
 12685.  0.89415E-04
 12690.  0.90214E-04
 12695.  0.90536E-04
 12700.  0.91051E-04
 12705.  0.91564E-04
 12710.  0.91592E-04
 12715.  0.91452E-04
 12720.  0.91492E-04
 12725.  0.91486E-04
 12730.  0.90975E-04
 12735.  0.90121E-04
 12740.  0.90014E-04
 12745.  0.90942E-04
 12750.  0.91658E-04
 12755.  0.91878E-04
 12760.  0.92282E-04
 12765.  0.92661E-04
 12770.  0.92876E-04
 12775.  0.93117E-04
 12780.  0.92878E-04
 12785.  0.92851E-04
 12790.  0.92724E-04
 12795.  0.92140E-04
 12800.  0.91860E-04
 12805.  0.92870E-04
 12810.  0.95660E-04
 12815.  0.98534E-04
 12820.  0.97989E-04
 12825.  0.93040E-04
 12830.  0.89595E-04
 12835.  0.89884E-04
 12840.  0.90380E-04
 12845.  0.90268E-04
 12850.  0.90975E-04
 12855.  0.91835E-04
 12860.  0.91874E-04
 12865.  0.91668E-04
 12870.  0.91912E-04
 12875.  0.90757E-04
 12880.  0.89405E-04
 12885.  0.89555E-04
 12890.  0.89913E-04
 12895.  0.88613E-04
 12900.  0.87093E-04
 12905.  0.87275E-04
 12910.  0.88402E-04
 12915.  0.88405E-04
 12920.  0.88368E-04
 12925.  0.89076E-04
 12930.  0.89702E-04
 12935.  0.89585E-04
 12940.  0.89484E-04
 12945.  0.89678E-04
 12950.  0.89720E-04
 12955.  0.89666E-04
 12960.  0.89726E-04
 12965.  0.89767E-04
 12970.  0.89214E-04
 12975.  0.88623E-04
 12980.  0.88791E-04
 12985.  0.89245E-04
 12990.  0.89431E-04
 12995.  0.89193E-04
 13000.  0.88694E-04
 13005.  0.87942E-04
 13010.  0.87383E-04
 13015.  0.88163E-04
 13020.  0.89343E-04
 13025.  0.89685E-04
 13030.  0.89365E-04
 13035.  0.89103E-04
 13040.  0.89186E-04
 13045.  0.89648E-04
 13050.  0.89977E-04
 13055.  0.89691E-04
 13060.  0.88879E-04
 13065.  0.88036E-04
 13070.  0.87996E-04
 13075.  0.88279E-04
 13080.  0.88286E-04
 13085.  0.88098E-04
 13090.  0.88056E-04
 13095.  0.87805E-04
 13100.  0.87922E-04
 13105.  0.88435E-04
 13110.  0.88473E-04
 13115.  0.87382E-04
 13120.  0.85177E-04
 13125.  0.83945E-04
 13130.  0.84998E-04
 13135.  0.86295E-04
 13140.  0.86007E-04
 13145.  0.84728E-04
 13150.  0.83483E-04
 13155.  0.84376E-04
 13160.  0.86674E-04
 13165.  0.88107E-04
 13170.  0.87699E-04
 13175.  0.86436E-04
 13180.  0.85879E-04
 13185.  0.86274E-04
 13190.  0.86655E-04
 13195.  0.86676E-04
 13200.  0.86440E-04
 13205.  0.85821E-04
 13210.  0.85460E-04
 13215.  0.85226E-04
 13220.  0.85341E-04
 13225.  0.85580E-04
 13230.  0.85508E-04
 13235.  0.85241E-04
 13240.  0.84884E-04
 13245.  0.83616E-04
 13250.  0.82391E-04
 13255.  0.82716E-04
 13260.  0.83381E-04
 13265.  0.83311E-04
 13270.  0.82817E-04
 13275.  0.81766E-04
 13280.  0.80043E-04
 13285.  0.78415E-04
 13290.  0.77211E-04
 13295.  0.76289E-04
 13300.  0.76572E-04
 13305.  0.75697E-04
 13310.  0.71025E-04
 13315.  0.64740E-04
 13320.  0.62149E-04
 13325.  0.64571E-04
 13330.  0.67375E-04
 13335.  0.64940E-04
 13340.  0.57876E-04
 13345.  0.51478E-04
 13350.  0.49389E-04
 13355.  0.50918E-04
 13360.  0.51673E-04
 13365.  0.49898E-04
 13370.  0.48146E-04
 13375.  0.48916E-04
 13380.  0.51373E-04
 13385.  0.53255E-04
 13390.  0.54277E-04
 13395.  0.55790E-04
 13400.  0.57393E-04
 13405.  0.56933E-04
 13410.  0.53384E-04
 13415.  0.48963E-04
 13420.  0.45766E-04
 13425.  0.44723E-04
 13430.  0.45531E-04
 13435.  0.47730E-04
 13440.  0.49336E-04
 13445.  0.49936E-04
 13450.  0.51019E-04
 13455.  0.52135E-04
 13460.  0.51826E-04
 13465.  0.50058E-04
 13470.  0.48250E-04
 13475.  0.49035E-04
 13480.  0.52356E-04
 13485.  0.55137E-04
 13490.  0.54791E-04
 13495.  0.54591E-04
 13500.  0.52380E-04
 13505.  0.49290E-04
 13510.  0.47426E-04
 13515.  0.46573E-04
 13520.  0.46507E-04
 13525.  0.46442E-04
 13530.  0.46377E-04
 13535.  0.46312E-04
 13540.  0.46247E-04
 13545.  0.46182E-04
 13550.  0.46117E-04
 13555.  0.46051E-04
 13560.  0.45986E-04
 13565.  0.45921E-04
 13570.  0.45856E-04
 13575.  0.45791E-04
 13580.  0.45726E-04
 13585.  0.45660E-04
 13590.  0.45595E-04
 13595.  0.45530E-04
 13600.  0.45465E-04
 13605.  0.45400E-04
 13610.  0.45335E-04
 13615.  0.45269E-04
 13620.  0.45204E-04
 13625.  0.45139E-04
 13630.  0.45074E-04
 13635.  0.45009E-04
 13640.  0.44944E-04
 13645.  0.44878E-04
 13650.  0.44813E-04
 13655.  0.44748E-04
 13660.  0.44683E-04
 13665.  0.44618E-04
 13670.  0.44553E-04
 13675.  0.44487E-04
 13680.  0.44422E-04
 13685.  0.44357E-04
 13690.  0.44292E-04
 13695.  0.44227E-04
 13700.  0.44162E-04
 13705.  0.44096E-04
 13710.  0.44031E-04
 13715.  0.43966E-04
 13720.  0.43901E-04
 13725.  0.43836E-04
 13730.  0.43771E-04
 13735.  0.43706E-04
 13740.  0.43640E-04
 13745.  0.43575E-04
 13750.  0.43510E-04
 13755.  0.43445E-04
 13760.  0.43380E-04
 13765.  0.43315E-04
 13770.  0.43249E-04
 13775.  0.43184E-04
 13780.  0.43119E-04
 13785.  0.43054E-04
 13790.  0.42989E-04
 13795.  0.42924E-04
 13800.  0.42858E-04
 13805.  0.42793E-04
 13810.  0.42728E-04
 13815.  0.42663E-04
 13820.  0.42598E-04
 13825.  0.42533E-04
 13830.  0.42467E-04
 13835.  0.42402E-04
 13840.  0.42337E-04
 13845.  0.42272E-04
 13850.  0.42207E-04
 13855.  0.42142E-04
 13860.  0.42076E-04
 13865.  0.42011E-04
 13870.  0.41946E-04
 13875.  0.41881E-04
 13880.  0.41816E-04
 13885.  0.41751E-04
 13890.  0.41686E-04
 13895.  0.41620E-04
 13900.  0.41555E-04
 13905.  0.41490E-04
 13910.  0.41425E-04
 13915.  0.41360E-04
 13920.  0.41295E-04
 13925.  0.41229E-04
 13930.  0.41164E-04
 13935.  0.41099E-04
 13940.  0.41034E-04
 13945.  0.40969E-04
 13950.  0.40904E-04
 13955.  0.40838E-04
 13960.  0.40773E-04
 13965.  0.40708E-04
 13970.  0.40643E-04
 13975.  0.40578E-04
 13980.  0.40513E-04
 13985.  0.40447E-04
 13990.  0.40382E-04
 13995.  0.40317E-04
 14000.  0.40252E-04
 14005.  0.40187E-04
 14010.  0.40122E-04
 14015.  0.40056E-04
 14020.  0.39991E-04
 14025.  0.39926E-04
 14030.  0.39861E-04
 14035.  0.39796E-04
 14040.  0.39731E-04
 14045.  0.39665E-04
 14050.  0.39600E-04
 14055.  0.39535E-04
 14060.  0.39470E-04
 14065.  0.39405E-04
 14070.  0.39340E-04
 14075.  0.39275E-04
 14080.  0.39209E-04
 14085.  0.39144E-04
 14090.  0.39079E-04
 14095.  0.39014E-04
 14100.  0.38949E-04
 14105.  0.38884E-04
 14110.  0.38818E-04
 14115.  0.38753E-04
 14120.  0.38688E-04
 14125.  0.38623E-04
 14130.  0.38558E-04
 14135.  0.38493E-04
 14140.  0.38427E-04
 14145.  0.38362E-04
 14150.  0.38297E-04
 14155.  0.38232E-04
 14160.  0.38167E-04
 14165.  0.38102E-04
 14170.  0.38036E-04
 14175.  0.37971E-04
 14180.  0.37906E-04
 14185.  0.33704E-04
 14190.  0.38054E-04
 14195.  0.40444E-04
 14200.  0.41038E-04
 14205.  0.41623E-04
 14210.  0.40019E-04
 14215.  0.37982E-04
 14220.  0.37978E-04
 14225.  0.40075E-04
 14230.  0.41259E-04
 14235.  0.39822E-04
 14240.  0.37882E-04
 14245.  0.36191E-04
 14250.  0.34391E-04
 14255.  0.33197E-04
 14260.  0.33379E-04
 14265.  0.33949E-04
 14270.  0.34021E-04
 14275.  0.34592E-04
 14280.  0.34832E-04
 14285.  0.35469E-04
 14290.  0.38269E-04
 14295.  0.42642E-04
 14300.  0.46392E-04
 14305.  0.48619E-04
 14310.  0.46485E-04
 14315.  0.40128E-04
 14320.  0.35947E-04
 14325.  0.35685E-04
 14330.  0.36420E-04
 14335.  0.36657E-04
 14340.  0.37219E-04
 14345.  0.37894E-04
 14350.  0.37912E-04
 14355.  0.37151E-04
 14360.  0.35732E-04
 14365.  0.34085E-04
 14370.  0.34442E-04
 14375.  0.37484E-04
 14380.  0.40763E-04
 14385.  0.41878E-04
 14390.  0.41518E-04
 14395.  0.40260E-04
 14400.  0.39563E-04
 14405.  0.38877E-04
 14410.  0.36609E-04
 14415.  0.35752E-04
 14420.  0.37643E-04
 14425.  0.40982E-04
 14430.  0.42310E-04
 14435.  0.40506E-04
 14440.  0.37138E-04
 14445.  0.35009E-04
 14450.  0.35681E-04
 14455.  0.36463E-04
 14460.  0.36635E-04
 14465.  0.36971E-04
 14470.  0.37929E-04
 14475.  0.39878E-04
 14480.  0.42573E-04
 14485.  0.44813E-04
 14490.  0.45992E-04
 14495.  0.45829E-04
 14500.  0.44871E-04
 14505.  0.43804E-04
 14510.  0.44201E-04
 14515.  0.44651E-04
 14520.  0.44060E-04
 14525.  0.42021E-04
 14530.  0.39653E-04
 14535.  0.39280E-04
 14540.  0.41768E-04
 14545.  0.44255E-04
 14550.  0.43118E-04
 14555.  0.39007E-04
 14560.  0.36842E-04
 14565.  0.38673E-04
 14570.  0.43079E-04
 14575.  0.47275E-04
 14580.  0.49411E-04
 14585.  0.49701E-04
 14590.  0.49194E-04
 14595.  0.47501E-04
 14600.  0.43713E-04
 14605.  0.39311E-04
 14610.  0.37217E-04
 14615.  0.36620E-04
 14620.  0.36803E-04
 14625.  0.38244E-04
 14630.  0.40929E-04
 14635.  0.43653E-04
 14640.  0.45882E-04
 14645.  0.47574E-04
 14650.  0.48120E-04
 14655.  0.47547E-04
 14660.  0.45675E-04
 14665.  0.43412E-04
 14670.  0.41027E-04
 14675.  0.38591E-04
 14680.  0.36832E-04
 14685.  0.36573E-04
 14690.  0.37081E-04
 14695.  0.37373E-04
 14700.  0.38365E-04
 14705.  0.40629E-04
 14710.  0.41951E-04
 14715.  0.43771E-04
 14720.  0.46792E-04
 14725.  0.47984E-04
 14730.  0.45153E-04
 14735.  0.41122E-04
 14740.  0.39729E-04
 14745.  0.40997E-04
 14750.  0.42228E-04
 14755.  0.42103E-04
 14760.  0.41122E-04
 14765.  0.41071E-04
 14770.  0.42508E-04
 14775.  0.45568E-04
 14780.  0.48076E-04
 14785.  0.48013E-04
 14790.  0.44757E-04
 14795.  0.40990E-04
 14800.  0.40796E-04
 14805.  0.43994E-04
 14810.  0.46353E-04
 14815.  0.46718E-04
 14820.  0.45725E-04
 14825.  0.45708E-04
 14830.  0.47296E-04
 14835.  0.48696E-04
 14840.  0.48649E-04
 14845.  0.46629E-04
 14850.  0.45531E-04
 14855.  0.46423E-04
 14860.  0.48690E-04
 14865.  0.50608E-04
 14870.  0.50504E-04
 14875.  0.48224E-04
 14880.  0.44998E-04
 14885.  0.43447E-04
 14890.  0.44448E-04
 14895.  0.45421E-04
 14900.  0.45856E-04
 14905.  0.46672E-04
 14910.  0.47691E-04
 14915.  0.47918E-04
 14920.  0.47555E-04
 14925.  0.47284E-04
 14930.  0.47195E-04
 14935.  0.47134E-04
 14940.  0.47378E-04
 14945.  0.48018E-04
 14950.  0.48478E-04
 14955.  0.48759E-04
 14960.  0.49511E-04
 14965.  0.50571E-04
 14970.  0.51276E-04
 14975.  0.51322E-04
 14980.  0.51245E-04
 14985.  0.51172E-04
 14990.  0.50885E-04
 14995.  0.50116E-04
 15000.  0.49181E-04
 15005.  0.48348E-04
 15010.  0.47220E-04
 15015.  0.45936E-04
 15020.  0.45434E-04
 15025.  0.46230E-04
 15030.  0.47936E-04
 15035.  0.49840E-04
 15040.  0.51191E-04
 15045.  0.50987E-04
 15050.  0.49852E-04
 15055.  0.49278E-04
 15060.  0.49760E-04
 15065.  0.50215E-04
 15070.  0.49838E-04
 15075.  0.49171E-04
 15080.  0.49380E-04
 15085.  0.51123E-04
 15090.  0.52751E-04
 15095.  0.52738E-04
 15100.  0.51593E-04
 15105.  0.50934E-04
 15110.  0.51513E-04
 15115.  0.52294E-04
 15120.  0.51649E-04
 15125.  0.49376E-04
 15130.  0.47666E-04
 15135.  0.48971E-04
 15140.  0.52155E-04
 15145.  0.54504E-04
 15150.  0.55283E-04
 15155.  0.54999E-04
 15160.  0.53442E-04
 15165.  0.50863E-04
 15170.  0.49358E-04
 15175.  0.50014E-04
 15180.  0.51798E-04
 15185.  0.53350E-04
 15190.  0.54224E-04
 15195.  0.54884E-04
 15200.  0.55804E-04
 15205.  0.56845E-04
 15210.  0.57192E-04
 15215.  0.56276E-04
 15220.  0.55497E-04
 15225.  0.56540E-04
 15230.  0.58271E-04
 15235.  0.58180E-04
 15240.  0.56289E-04
 15245.  0.54868E-04
 15250.  0.54654E-04
 15255.  0.54408E-04
 15260.  0.53236E-04
 15265.  0.52173E-04
 15270.  0.52084E-04
 15275.  0.52431E-04
 15280.  0.53016E-04
 15285.  0.54551E-04
 15290.  0.56766E-04
 15295.  0.58593E-04
 15300.  0.59778E-04
 15305.  0.60192E-04
 15310.  0.59364E-04
 15315.  0.57179E-04
 15320.  0.55346E-04
 15325.  0.55799E-04
 15330.  0.58199E-04
 15335.  0.60429E-04
 15340.  0.61375E-04
 15345.  0.61049E-04
 15350.  0.60670E-04
 15355.  0.60670E-04
 15360.  0.60521E-04
 15365.  0.59636E-04
 15370.  0.58213E-04
 15375.  0.57376E-04
 15380.  0.57883E-04
 15385.  0.58742E-04
 15390.  0.59116E-04
 15395.  0.58554E-04
 15400.  0.57465E-04
 15405.  0.56884E-04
 15410.  0.57460E-04
 15415.  0.57643E-04
 15420.  0.56080E-04
 15425.  0.54338E-04
 15430.  0.54871E-04
 15435.  0.57905E-04
 15440.  0.61972E-04
 15445.  0.65575E-04
 15450.  0.67412E-04
 15455.  0.67078E-04
 15460.  0.65564E-04
 15465.  0.64191E-04
 15470.  0.63719E-04
 15475.  0.64356E-04
 15480.  0.65655E-04
 15485.  0.66550E-04
 15490.  0.66212E-04
 15495.  0.64633E-04
 15500.  0.62320E-04
 15505.  0.61314E-04
 15510.  0.62692E-04
 15515.  0.65421E-04
 15520.  0.67659E-04
 15525.  0.68361E-04
 15530.  0.67155E-04
 15535.  0.64894E-04
 15540.  0.63752E-04
 15545.  0.64640E-04
 15550.  0.65716E-04
 15555.  0.65052E-04
 15560.  0.63158E-04
 15565.  0.61227E-04
 15570.  0.59510E-04
 15575.  0.57823E-04
 15580.  0.56925E-04
 15585.  0.57760E-04
 15590.  0.59479E-04
 15595.  0.60907E-04
 15600.  0.61947E-04
 15605.  0.62766E-04
 15610.  0.64150E-04
 15615.  0.65447E-04
 15620.  0.65804E-04
 15625.  0.65318E-04
 15630.  0.65045E-04
 15635.  0.65574E-04
 15640.  0.65659E-04
 15645.  0.64264E-04
 15650.  0.62814E-04
 15655.  0.63286E-04
 15660.  0.66000E-04
 15665.  0.69218E-04
 15670.  0.71119E-04
 15675.  0.71342E-04
 15680.  0.70424E-04
 15685.  0.69654E-04
 15690.  0.69559E-04
 15695.  0.69926E-04
 15700.  0.70684E-04
 15705.  0.71390E-04
 15710.  0.70832E-04
 15715.  0.68401E-04
 15720.  0.65718E-04
 15725.  0.65271E-04
 15730.  0.67054E-04
 15735.  0.69935E-04
 15740.  0.72237E-04
 15745.  0.72703E-04
 15750.  0.71561E-04
 15755.  0.69702E-04
 15760.  0.67797E-04
 15765.  0.65515E-04
 15770.  0.63158E-04
 15775.  0.60736E-04
 15780.  0.59402E-04
 15785.  0.60300E-04
 15790.  0.62440E-04
 15795.  0.64322E-04
 15800.  0.65721E-04
 15805.  0.66957E-04
 15810.  0.67873E-04
 15815.  0.68332E-04
 15820.  0.68344E-04
 15825.  0.68097E-04
 15830.  0.67844E-04
 15835.  0.67860E-04
 15840.  0.68380E-04
 15845.  0.69587E-04
 15850.  0.71325E-04
 15855.  0.72585E-04
 15860.  0.72847E-04
 15865.  0.72763E-04
 15870.  0.73027E-04
 15875.  0.72811E-04
 15880.  0.70689E-04
 15885.  0.67104E-04
 15890.  0.64301E-04
 15895.  0.64048E-04
 15900.  0.66172E-04
 15905.  0.68437E-04
 15910.  0.69304E-04
 15915.  0.69616E-04
 15920.  0.70492E-04
 15925.  0.71856E-04
 15930.  0.73103E-04
 15935.  0.74043E-04
 15940.  0.74560E-04
 15945.  0.74971E-04
 15950.  0.75159E-04
 15955.  0.74465E-04
 15960.  0.73155E-04
 15965.  0.72212E-04
 15970.  0.71321E-04
 15975.  0.69265E-04
 15980.  0.66650E-04
 15985.  0.65525E-04
 15990.  0.66471E-04
 15995.  0.68074E-04
 16000.  0.69254E-04
 16005.  0.69868E-04
 16010.  0.70206E-04
 16015.  0.70703E-04
 16020.  0.71562E-04
 16025.  0.72336E-04
 16030.  0.72381E-04
 16035.  0.71794E-04
 16040.  0.71512E-04
 16045.  0.71684E-04
 16050.  0.71614E-04
 16055.  0.70879E-04
 16060.  0.69956E-04
 16065.  0.69146E-04
 16070.  0.69046E-04
 16075.  0.70568E-04
 16080.  0.73563E-04
 16085.  0.76417E-04
 16090.  0.77790E-04
 16095.  0.78246E-04
 16100.  0.78142E-04
 16105.  0.79051E-04
 16110.  0.79290E-04
 16115.  0.78324E-04
 16120.  0.76163E-04
 16125.  0.74716E-04
 16130.  0.74730E-04
 16135.  0.76016E-04
 16140.  0.77034E-04
 16145.  0.77172E-04
 16150.  0.76266E-04
 16155.  0.75892E-04
 16160.  0.76647E-04
 16165.  0.78370E-04
 16170.  0.79215E-04
 16175.  0.77932E-04
 16180.  0.74199E-04
 16185.  0.68865E-04
 16190.  0.65025E-04
 16195.  0.63895E-04
 16200.  0.64633E-04
 16205.  0.65865E-04
 16210.  0.67427E-04
 16215.  0.69422E-04
 16220.  0.70860E-04
 16225.  0.71549E-04
 16230.  0.72120E-04
 16235.  0.72236E-04
 16240.  0.71299E-04
 16245.  0.69265E-04
 16250.  0.67695E-04
 16255.  0.67684E-04
 16260.  0.69758E-04
 16265.  0.72561E-04
 16270.  0.75063E-04
 16275.  0.76543E-04
 16280.  0.76951E-04
 16285.  0.76936E-04
 16290.  0.76765E-04
 16295.  0.76566E-04
 16300.  0.76131E-04
 16305.  0.75380E-04
 16310.  0.75060E-04
 16315.  0.74989E-04
 16320.  0.75320E-04
 16325.  0.76106E-04
 16330.  0.76565E-04
 16335.  0.76416E-04
 16340.  0.75805E-04
 16345.  0.75054E-04
 16350.  0.74436E-04
 16355.  0.74412E-04
 16360.  0.74972E-04
 16365.  0.75916E-04
 16370.  0.76750E-04
 16375.  0.77511E-04
 16380.  0.78082E-04
 16385.  0.78201E-04
 16390.  0.76905E-04
 16395.  0.74536E-04
 16400.  0.71955E-04
 16405.  0.71103E-04
 16410.  0.71684E-04
 16415.  0.72955E-04
 16420.  0.73895E-04
 16425.  0.74002E-04
 16430.  0.73496E-04
 16435.  0.72663E-04
 16440.  0.71382E-04
 16445.  0.69986E-04
 16450.  0.69875E-04
 16455.  0.71190E-04
 16460.  0.73498E-04
 16465.  0.74759E-04
 16470.  0.74811E-04
 16475.  0.74429E-04
 16480.  0.74858E-04
 16485.  0.75409E-04
 16490.  0.75818E-04
 16495.  0.76113E-04
 16500.  0.77352E-04
 16505.  0.78854E-04
 16510.  0.78865E-04
 16515.  0.76974E-04
 16520.  0.74086E-04
 16525.  0.71689E-04
 16530.  0.70581E-04
 16535.  0.70696E-04
 16540.  0.71743E-04
 16545.  0.73447E-04
 16550.  0.75338E-04
 16555.  0.76690E-04
 16560.  0.77573E-04
 16565.  0.77913E-04
 16570.  0.77794E-04
 16575.  0.76953E-04
 16580.  0.75952E-04
 16585.  0.75383E-04
 16590.  0.75429E-04
 16595.  0.75402E-04
 16600.  0.74694E-04
 16605.  0.72765E-04
 16610.  0.70063E-04
 16615.  0.67500E-04
 16620.  0.67040E-04
 16625.  0.68182E-04
 16630.  0.70061E-04
 16635.  0.71576E-04
 16640.  0.72201E-04
 16645.  0.71809E-04
 16650.  0.70551E-04
 16655.  0.69439E-04
 16660.  0.69223E-04
 16665.  0.70336E-04
 16670.  0.71686E-04
 16675.  0.72655E-04
 16680.  0.73024E-04
 16685.  0.73146E-04
 16690.  0.73553E-04
 16695.  0.74304E-04
 16700.  0.74350E-04
 16705.  0.73580E-04
 16710.  0.72183E-04
 16715.  0.71408E-04
 16720.  0.71271E-04
 16725.  0.71879E-04
 16730.  0.73208E-04
 16735.  0.74198E-04
 16740.  0.73986E-04
 16745.  0.72724E-04
 16750.  0.71796E-04
 16755.  0.72023E-04
 16760.  0.73429E-04
 16765.  0.75318E-04
 16770.  0.76993E-04
 16775.  0.78126E-04
 16780.  0.78679E-04
 16785.  0.78763E-04
 16790.  0.78827E-04
 16795.  0.78906E-04
 16800.  0.78975E-04
 16805.  0.79025E-04
 16810.  0.78530E-04
 16815.  0.77963E-04
 16820.  0.77589E-04
 16825.  0.76809E-04
 16830.  0.74956E-04
 16835.  0.71850E-04
 16840.  0.69915E-04
 16845.  0.69887E-04
 16850.  0.71280E-04
 16855.  0.71675E-04
 16860.  0.70920E-04
 16865.  0.69517E-04
 16870.  0.68703E-04
 16875.  0.68473E-04
 16880.  0.68768E-04
 16885.  0.69323E-04
 16890.  0.69716E-04
 16895.  0.69515E-04
 16900.  0.68838E-04
 16905.  0.68772E-04
 16910.  0.69625E-04
 16915.  0.71169E-04
 16920.  0.72402E-04
 16925.  0.72867E-04
 16930.  0.72937E-04
 16935.  0.72993E-04
 16940.  0.73070E-04
 16945.  0.73012E-04
 16950.  0.72495E-04
 16955.  0.71505E-04
 16960.  0.70238E-04
 16965.  0.69544E-04
 16970.  0.69795E-04
 16975.  0.71044E-04
 16980.  0.71970E-04
 16985.  0.72184E-04
 16990.  0.71511E-04
 16995.  0.70799E-04
 17000.  0.70364E-04
 17005.  0.70239E-04
 17010.  0.70850E-04
 17015.  0.71921E-04
 17020.  0.73120E-04
 17025.  0.73206E-04
 17030.  0.72739E-04
 17035.  0.72181E-04
 17040.  0.71948E-04
 17045.  0.71578E-04
 17050.  0.70483E-04
 17055.  0.68487E-04
 17060.  0.66289E-04
 17065.  0.64174E-04
 17070.  0.62964E-04
 17075.  0.62756E-04
 17080.  0.63447E-04
 17085.  0.64719E-04
 17090.  0.65318E-04
 17095.  0.64691E-04
 17100.  0.62620E-04
 17105.  0.60994E-04
 17110.  0.60898E-04
 17115.  0.62672E-04
 17120.  0.64889E-04
 17125.  0.66596E-04
 17130.  0.67009E-04
 17135.  0.66665E-04
 17140.  0.66414E-04
 17145.  0.66668E-04
 17150.  0.66910E-04
 17155.  0.66764E-04
 17160.  0.65798E-04
 17165.  0.64728E-04
 17170.  0.63699E-04
 17175.  0.62584E-04
 17180.  0.61709E-04
 17185.  0.61340E-04
 17190.  0.61808E-04
 17195.  0.62996E-04
 17200.  0.63818E-04
 17205.  0.64258E-04
 17210.  0.64453E-04
 17215.  0.64265E-04
 17220.  0.63638E-04
 17225.  0.62068E-04
 17230.  0.61309E-04
 17235.  0.61564E-04
 17240.  0.62508E-04
 17245.  0.63444E-04
 17250.  0.63806E-04
 17255.  0.63438E-04
 17260.  0.62181E-04
 17265.  0.61269E-04
 17270.  0.61947E-04
 17275.  0.62728E-04
 17280.  0.62582E-04
 17285.  0.61364E-04
 17290.  0.60166E-04
 17295.  0.59757E-04
 17300.  0.59989E-04
 17305.  0.59200E-04
 17310.  0.57942E-04
 17315.  0.56478E-04
 17320.  0.56886E-04
 17325.  0.58348E-04
 17330.  0.60057E-04
 17335.  0.60665E-04
 17340.  0.60451E-04
 17345.  0.60203E-04
 17350.  0.60938E-04
 17355.  0.62134E-04
 17360.  0.62681E-04
 17365.  0.62758E-04
 17370.  0.62824E-04
 17375.  0.62733E-04
 17380.  0.62304E-04
 17385.  0.61413E-04
 17390.  0.59854E-04
 17395.  0.57752E-04
 17400.  0.56120E-04
 17405.  0.55760E-04
 17410.  0.56843E-04
 17415.  0.57579E-04
 17420.  0.57681E-04
 17425.  0.57058E-04
 17430.  0.56579E-04
 17435.  0.56465E-04
 17440.  0.56576E-04
 17445.  0.56769E-04
 17450.  0.57140E-04
 17455.  0.57417E-04
 17460.  0.56402E-04
 17465.  0.54755E-04
 17470.  0.53663E-04
 17475.  0.54401E-04
 17480.  0.55255E-04
 17485.  0.56720E-04
 17490.  0.54232E-04
 17495.  0.53827E-04
 17500.  0.51632E-04
 17505.  0.51119E-04
 17510.  0.51817E-04
 17515.  0.53170E-04
 17520.  0.54116E-04
 17525.  0.53871E-04
 17530.  0.52672E-04
 17535.  0.50756E-04
 17540.  0.49692E-04
 17545.  0.49158E-04
 17550.  0.48538E-04
 17555.  0.47602E-04
 17560.  0.47064E-04
 17565.  0.47328E-04
 17570.  0.47739E-04
 17575.  0.48145E-04
 17580.  0.48553E-04
 17585.  0.49808E-04
 17590.  0.50980E-04
 17595.  0.51357E-04
 17600.  0.50790E-04
 17605.  0.49801E-04
 17610.  0.48897E-04
 17615.  0.47823E-04
 17620.  0.47316E-04
 17625.  0.47348E-04
 17630.  0.48857E-04
 17635.  0.49964E-04
 17640.  0.50585E-04
 17645.  0.51439E-04
 17650.  0.52579E-04
 17655.  0.52942E-04
 17660.  0.50803E-04
 17665.  0.47659E-04
 17670.  0.44572E-04
 17675.  0.42841E-04
 17680.  0.43029E-04
 17685.  0.44475E-04
 17690.  0.46710E-04
 17695.  0.47675E-04
 17700.  0.47538E-04
 17705.  0.46624E-04
 17710.  0.45664E-04
 17715.  0.44973E-04
 17720.  0.44273E-04
 17725.  0.44965E-04
 17730.  0.46260E-04
 17735.  0.47277E-04
 17740.  0.45600E-04
 17745.  0.42898E-04
 17750.  0.40397E-04
 17755.  0.39548E-04
 17760.  0.39896E-04
 17765.  0.41413E-04
 17770.  0.43110E-04
 17775.  0.44162E-04
 17780.  0.43661E-04
 17785.  0.42976E-04
 17790.  0.42933E-04
 17795.  0.44419E-04
 17800.  0.45134E-04
 17805.  0.44621E-04
 17810.  0.42436E-04
 17815.  0.41227E-04
 17820.  0.41382E-04
 17825.  0.42607E-04
 17830.  0.44315E-04
 17835.  0.45101E-04
 17840.  0.44351E-04
 17845.  0.41326E-04
 17850.  0.38466E-04
 17855.  0.36896E-04
 17860.  0.37050E-04
 17865.  0.37677E-04
 17870.  0.38604E-04
 17875.  0.40397E-04
 17880.  0.42869E-04
 17885.  0.44866E-04
 17890.  0.45923E-04
 17895.  0.44920E-04
 17900.  0.42688E-04
 17905.  0.39727E-04
 17910.  0.38259E-04
 17915.  0.37958E-04
 17920.  0.38400E-04
 17925.  0.38977E-04
 17930.  0.39497E-04
 17935.  0.39641E-04
 17940.  0.40564E-04
 17945.  0.41987E-04
 17950.  0.43226E-04
 17955.  0.43256E-04
 17960.  0.43317E-04
 17965.  0.43544E-04
 17970.  0.44291E-04
 17975.  0.44701E-04
 17980.  0.44550E-04
 17985.  0.43679E-04
 17990.  0.42008E-04
 17995.  0.39883E-04
 18000.  0.37526E-04
 18005.  0.36106E-04
 18010.  0.35604E-04
 18015.  0.35984E-04
 18020.  0.37363E-04
 18025.  0.39130E-04
 18030.  0.40601E-04
 18035.  0.40933E-04
 18040.  0.40514E-04
 18045.  0.40102E-04
 18050.  0.39911E-04
 18055.  0.39141E-04
 18060.  0.36514E-04
 18065.  0.35440E-04
 18070.  0.35881E-04
 18075.  0.38005E-04
 18080.  0.39734E-04
 18085.  0.40921E-04
 18090.  0.41653E-04
 18095.  0.42175E-04
 18100.  0.42239E-04
 18105.  0.40915E-04
 18110.  0.39230E-04
 18115.  0.39135E-04
 18120.  0.40624E-04
 18125.  0.42472E-04
 18130.  0.40827E-04
 18135.  0.40803E-04
 18140.  0.40779E-04
 18145.  0.40755E-04
 18150.  0.40731E-04
 18155.  0.40706E-04
 18160.  0.40682E-04
 18165.  0.40658E-04
 18170.  0.40634E-04
 18175.  0.40610E-04
 18180.  0.40586E-04
 18185.  0.40562E-04
 18190.  0.40538E-04
 18195.  0.40514E-04
 18200.  0.40490E-04
 18205.  0.40466E-04
 18210.  0.40442E-04
 18215.  0.40418E-04
 18220.  0.40394E-04
 18225.  0.40370E-04
 18230.  0.40346E-04
 18235.  0.40322E-04
 18240.  0.40298E-04
 18245.  0.40274E-04
 18250.  0.40250E-04
 18255.  0.40226E-04
 18260.  0.40202E-04
 18265.  0.40178E-04
 18270.  0.40154E-04
 18275.  0.40130E-04
 18280.  0.40106E-04
 18285.  0.40082E-04
 18290.  0.40058E-04
 18295.  0.40034E-04
 18300.  0.40010E-04
 18305.  0.39986E-04
 18310.  0.39962E-04
 18315.  0.39938E-04
 18320.  0.39914E-04
 18325.  0.39890E-04
 18330.  0.39866E-04
 18335.  0.39842E-04
 18340.  0.39818E-04
 18345.  0.39794E-04
 18350.  0.39770E-04
 18355.  0.39746E-04
 18360.  0.39722E-04
 18365.  0.39698E-04
 18370.  0.39674E-04
 18375.  0.39650E-04
 18380.  0.39626E-04
 18385.  0.39602E-04
 18390.  0.39578E-04
 18395.  0.39554E-04
 18400.  0.39530E-04
 18405.  0.39506E-04
 18410.  0.39481E-04
 18415.  0.39457E-04
 18420.  0.39433E-04
 18425.  0.39409E-04
 18430.  0.39385E-04
 18435.  0.39361E-04
 18440.  0.39337E-04
 18445.  0.39313E-04
 18450.  0.39289E-04
 18455.  0.39265E-04
 18460.  0.39241E-04
 18465.  0.39217E-04
 18470.  0.39193E-04
 18475.  0.39169E-04
 18480.  0.39145E-04
 18485.  0.39121E-04
 18490.  0.39097E-04
 18495.  0.39073E-04
 18500.  0.39049E-04
 18505.  0.39025E-04
 18510.  0.39001E-04
 18515.  0.38977E-04
 18520.  0.38953E-04
 18525.  0.38929E-04
 18530.  0.38905E-04
 18535.  0.38881E-04
 18540.  0.38857E-04
 18545.  0.38833E-04
 18550.  0.38809E-04
 18555.  0.38785E-04
 18560.  0.38761E-04
 18565.  0.38737E-04
 18570.  0.38713E-04
 18575.  0.38689E-04
 18580.  0.38665E-04
 18585.  0.38641E-04
 18590.  0.38617E-04
 18595.  0.38593E-04
 18600.  0.38569E-04
 18605.  0.38545E-04
 18610.  0.38521E-04
 18615.  0.38497E-04
 18620.  0.38473E-04
 18625.  0.38449E-04
 18630.  0.38425E-04
 18635.  0.38401E-04
 18640.  0.38377E-04
 18645.  0.38353E-04
 18650.  0.38329E-04
 18655.  0.38305E-04
 18660.  0.38281E-04
 18665.  0.38257E-04
 18670.  0.38232E-04
 18675.  0.38208E-04
 18680.  0.38184E-04
 18685.  0.38160E-04
 18690.  0.38136E-04
 18695.  0.38112E-04
 18700.  0.38088E-04
 18705.  0.38064E-04
 18710.  0.38040E-04
 18715.  0.38016E-04
 18720.  0.37992E-04
 18725.  0.37968E-04
 18730.  0.37944E-04
 18735.  0.37920E-04
 18740.  0.37896E-04
 18745.  0.37872E-04
 18750.  0.37848E-04
 18755.  0.37824E-04
 18760.  0.37800E-04
 18765.  0.37776E-04
 18770.  0.37752E-04
 18775.  0.37728E-04
 18780.  0.37704E-04
 18785.  0.37680E-04
 18790.  0.37656E-04
 18795.  0.37632E-04
 18800.  0.37608E-04
 18805.  0.37584E-04
 18810.  0.37560E-04
 18815.  0.37536E-04
 18820.  0.37512E-04
 18825.  0.37488E-04
 18830.  0.37464E-04
 18835.  0.37440E-04
 18840.  0.37416E-04
 18845.  0.37392E-04
 18850.  0.37368E-04
 18855.  0.37344E-04
 18860.  0.37320E-04
 18865.  0.37296E-04
 18870.  0.37272E-04
 18875.  0.37248E-04
 18880.  0.37224E-04
 18885.  0.37200E-04
 18890.  0.37176E-04
 18895.  0.37152E-04
 18900.  0.37128E-04
 18905.  0.37104E-04
 18910.  0.37080E-04
 18915.  0.37056E-04
 18920.  0.37032E-04
 18925.  0.37008E-04
 18930.  0.36983E-04
 18935.  0.36959E-04
 18940.  0.36935E-04
 18945.  0.36911E-04
 18950.  0.36887E-04
 18955.  0.36863E-04
 18960.  0.36839E-04
 18965.  0.36815E-04
 18970.  0.36791E-04
 18975.  0.36767E-04
 18980.  0.36743E-04
 18985.  0.36719E-04
 18990.  0.36695E-04
 18995.  0.36671E-04
 19000.  0.36647E-04
 19005.  0.36623E-04
 19010.  0.36599E-04
 19015.  0.36575E-04
 19020.  0.36551E-04
 19025.  0.36527E-04
 19030.  0.36503E-04
 19035.  0.36479E-04
 19040.  0.36455E-04
 19045.  0.36431E-04
 19050.  0.36407E-04
 19055.  0.36383E-04
 19060.  0.36359E-04
 19065.  0.36335E-04
 19070.  0.36311E-04
 19075.  0.36287E-04
 19080.  0.36263E-04
 19085.  0.36239E-04
 19090.  0.36215E-04
 19095.  0.36191E-04
 19100.  0.36167E-04
 19105.  0.36143E-04
 19110.  0.36119E-04
 19115.  0.36095E-04
 19120.  0.36071E-04
 19125.  0.36047E-04
 19130.  0.36023E-04
 19135.  0.35999E-04
 19140.  0.35975E-04
 19145.  0.35951E-04
 19150.  0.35927E-04
 19155.  0.35903E-04
 19160.  0.35879E-04
 19165.  0.35855E-04
 19170.  0.35831E-04
 19175.  0.35807E-04
 19180.  0.35783E-04
 19185.  0.35759E-04
 19190.  0.35734E-04
 19195.  0.35710E-04
 19200.  0.35686E-04
 19205.  0.35662E-04
 19210.  0.35638E-04
 19215.  0.35614E-04
 19220.  0.35590E-04
 19225.  0.35566E-04
 19230.  0.35542E-04
 19235.  0.35518E-04
 19240.  0.35494E-04
 19245.  0.35470E-04
 19250.  0.35446E-04
 19255.  0.35422E-04
 19260.  0.35398E-04
 19265.  0.35374E-04
 19270.  0.35350E-04
 19275.  0.35326E-04
 19280.  0.35302E-04
 19285.  0.35278E-04
 19290.  0.35254E-04
 19295.  0.35230E-04
 19300.  0.35206E-04
 19305.  0.35182E-04
 19310.  0.35158E-04
 19315.  0.35134E-04
 19320.  0.35110E-04
 19325.  0.35086E-04
 19330.  0.35062E-04
 19335.  0.35038E-04
 19340.  0.35014E-04
 19345.  0.34990E-04
 19350.  0.34966E-04
 19355.  0.34942E-04
 19360.  0.34918E-04
 19365.  0.34894E-04
 19370.  0.34870E-04
 19375.  0.34846E-04
 19380.  0.34822E-04
 19385.  0.34798E-04
 19390.  0.34774E-04
 19395.  0.34750E-04
 19400.  0.34726E-04
 19405.  0.34702E-04
 19410.  0.34678E-04
 19415.  0.34654E-04
 19420.  0.34630E-04
 19425.  0.34606E-04
 19430.  0.34582E-04
 19435.  0.34558E-04
 19440.  0.34534E-04
 19445.  0.34509E-04
 19450.  0.34485E-04
 19455.  0.34461E-04
 19460.  0.34437E-04
 19465.  0.34413E-04
 19470.  0.34389E-04
 19475.  0.34365E-04
 19480.  0.33373E-04
 19485.  0.33608E-04
 19490.  0.33969E-04
 19495.  0.33227E-04
 19500.  0.31985E-04
 19505.  0.31057E-04
 19510.  0.30944E-04
 19515.  0.31295E-04
 19520.  0.31684E-04
 19525.  0.32229E-04
 19530.  0.32780E-04
 19535.  0.33283E-04
 19540.  0.32874E-04
 19545.  0.31871E-04
 19550.  0.30645E-04
 19555.  0.30150E-04
 19560.  0.30473E-04
 19565.  0.31533E-04
 19570.  0.31919E-04
 19575.  0.31577E-04
 19580.  0.30376E-04
 19585.  0.29285E-04
 19590.  0.28235E-04
 19595.  0.27734E-04
 19600.  0.27746E-04
 19605.  0.28254E-04
 19610.  0.29012E-04
 19615.  0.30439E-04
 19620.  0.31180E-04
 19625.  0.30778E-04
 19630.  0.29200E-04
 19635.  0.28045E-04
 19640.  0.27687E-04
 19645.  0.28257E-04
 19650.  0.29041E-04
 19655.  0.29406E-04
 19660.  0.29552E-04
 19665.  0.29311E-04
 19670.  0.29037E-04
 19675.  0.28810E-04
 19680.  0.29426E-04
 19685.  0.30714E-04
 19690.  0.32425E-04
 19695.  0.33434E-04
 19700.  0.33515E-04
 19705.  0.32775E-04
 19710.  0.31993E-04
 19715.  0.31379E-04
 19720.  0.31115E-04
 19725.  0.30739E-04
 19730.  0.30449E-04
 19735.  0.29929E-04
 19740.  0.29341E-04
 19745.  0.28459E-04
 19750.  0.27750E-04
 19755.  0.27578E-04
 19760.  0.28270E-04
 19765.  0.29316E-04
 19770.  0.30149E-04
 19775.  0.30747E-04
 19780.  0.31121E-04
 19785.  0.31787E-04
 19790.  0.31791E-04
 19795.  0.31071E-04
 19800.  0.29612E-04
 19805.  0.28568E-04
 19810.  0.28135E-04
 19815.  0.28191E-04
 19820.  0.28331E-04
 19825.  0.28480E-04
 19830.  0.28768E-04
 19835.  0.29097E-04
 19840.  0.29414E-04
 19845.  0.29495E-04
 19850.  0.29423E-04
 19855.  0.29424E-04
 19860.  0.29437E-04
 19865.  0.29320E-04
 19870.  0.28948E-04
 19875.  0.28610E-04
 19880.  0.28389E-04
 19885.  0.28066E-04
 19890.  0.27483E-04
 19895.  0.26524E-04
 19900.  0.25959E-04
 19905.  0.25813E-04
 19910.  0.26555E-04
 19915.  0.27609E-04
 19920.  0.28723E-04
 19925.  0.29808E-04
 19930.  0.30637E-04
 19935.  0.30964E-04
 19940.  0.30601E-04
 19945.  0.30057E-04
 19950.  0.29793E-04
 19955.  0.29977E-04
 19960.  0.29915E-04
 19965.  0.29182E-04
 19970.  0.27798E-04
 19975.  0.27141E-04
 19980.  0.27317E-04
 19985.  0.28101E-04
 19990.  0.28336E-04
 19995.  0.28279E-04
 20000.  0.28402E-04
 20005.  0.29073E-04
 20010.  0.29663E-04
 20015.  0.29937E-04
 20020.  0.29956E-04
 20025.  0.30145E-04
 20030.  0.30460E-04
 20035.  0.30892E-04
 20040.  0.30702E-04
 20045.  0.29724E-04
 20050.  0.28012E-04
 20055.  0.26939E-04
 20060.  0.26913E-04
 20065.  0.27888E-04
 20070.  0.28449E-04
 20075.  0.28157E-04
 20080.  0.27341E-04
 20085.  0.27097E-04
 20090.  0.27558E-04
 20095.  0.28438E-04
 20100.  0.29359E-04
 20105.  0.29914E-04
 20110.  0.29832E-04
 20115.  0.29292E-04
 20120.  0.28524E-04
 20125.  0.27920E-04
 20130.  0.27799E-04
 20135.  0.27951E-04
 20140.  0.28228E-04
 20145.  0.28230E-04
 20150.  0.27861E-04
 20155.  0.27462E-04
 20160.  0.27515E-04
 20165.  0.28383E-04
 20170.  0.29690E-04
 20175.  0.30694E-04
 20180.  0.30464E-04
 20185.  0.29330E-04
 20190.  0.27775E-04
 20195.  0.27161E-04
 20200.  0.27627E-04
 20205.  0.29118E-04
 20210.  0.30409E-04
 20215.  0.31239E-04
 20220.  0.31373E-04
 20225.  0.31400E-04
 20230.  0.31496E-04
 20235.  0.31754E-04
 20240.  0.31735E-04
 20245.  0.31216E-04
 20250.  0.30217E-04
 20255.  0.29160E-04
 20260.  0.28487E-04
 20265.  0.28373E-04
 20270.  0.28757E-04
 20275.  0.29075E-04
 20280.  0.29056E-04
 20285.  0.28831E-04
 20290.  0.28778E-04
 20295.  0.29198E-04
 20300.  0.29994E-04
 20305.  0.31024E-04
 20310.  0.32117E-04
 20315.  0.33065E-04
 20320.  0.33332E-04
 20325.  0.33042E-04
 20330.  0.32439E-04
 20335.  0.31849E-04
 20340.  0.31262E-04
 20345.  0.30638E-04
 20350.  0.30293E-04
 20355.  0.30438E-04
 20360.  0.31289E-04
 20365.  0.32386E-04
 20370.  0.33221E-04
 20375.  0.33272E-04
 20380.  0.32717E-04
 20385.  0.31883E-04
 20390.  0.30935E-04
 20395.  0.30361E-04
 20400.  0.30480E-04
 20405.  0.30887E-04
 20410.  0.31775E-04
 20415.  0.32798E-04
 20420.  0.33564E-04
 20425.  0.33670E-04
 20430.  0.32930E-04
 20435.  0.31509E-04
 20440.  0.30223E-04
 20445.  0.29775E-04
 20450.  0.30272E-04
 20455.  0.31396E-04
 20460.  0.32633E-04
 20465.  0.33666E-04
 20470.  0.34096E-04
 20475.  0.33715E-04
 20480.  0.32784E-04
 20485.  0.31643E-04
 20490.  0.31200E-04
 20495.  0.31503E-04
 20500.  0.32705E-04
 20505.  0.33749E-04
 20510.  0.34324E-04
 20515.  0.34026E-04
 20520.  0.33397E-04
 20525.  0.32635E-04
 20530.  0.31995E-04
 20535.  0.31207E-04
 20540.  0.30742E-04
 20545.  0.30921E-04
 20550.  0.31581E-04
 20555.  0.32352E-04
 20560.  0.33136E-04
 20565.  0.33966E-04
 20570.  0.34588E-04
 20575.  0.34928E-04
 20580.  0.35052E-04
 20585.  0.34975E-04
 20590.  0.34720E-04
 20595.  0.34351E-04
 20600.  0.34014E-04
 20605.  0.33674E-04
 20610.  0.33492E-04
 20615.  0.33502E-04
 20620.  0.33537E-04
 20625.  0.33060E-04
 20630.  0.32337E-04
 20635.  0.31792E-04
 20640.  0.32065E-04
 20645.  0.32848E-04
 20650.  0.33698E-04
 20655.  0.34370E-04
 20660.  0.34815E-04
 20665.  0.35044E-04
 20670.  0.34998E-04
 20675.  0.34692E-04
 20680.  0.34438E-04
 20685.  0.34351E-04
 20690.  0.34579E-04
 20695.  0.34900E-04
 20700.  0.35246E-04
 20705.  0.34898E-04
 20710.  0.34185E-04
 20715.  0.33457E-04
 20720.  0.33313E-04
 20725.  0.33537E-04
 20730.  0.33812E-04
 20735.  0.34021E-04
 20740.  0.34236E-04
 20745.  0.34498E-04
 20750.  0.34701E-04
 20755.  0.34947E-04
 20760.  0.35294E-04
 20765.  0.35640E-04
 20770.  0.35975E-04
 20775.  0.36281E-04
 20780.  0.36320E-04
 20785.  0.36151E-04
 20790.  0.35880E-04
 20795.  0.35688E-04
 20800.  0.35526E-04
 20805.  0.35368E-04
 20810.  0.35217E-04
 20815.  0.35273E-04
 20820.  0.35457E-04
 20825.  0.35667E-04
 20830.  0.35818E-04
 20835.  0.35916E-04
 20840.  0.35932E-04
 20845.  0.35974E-04
 20850.  0.36019E-04
 20855.  0.36077E-04
 20860.  0.36004E-04
 20865.  0.35930E-04
 20870.  0.35899E-04
 20875.  0.36033E-04
 20880.  0.36176E-04
 20885.  0.36188E-04
 20890.  0.36106E-04
 20895.  0.36266E-04
 20900.  0.36686E-04
 20905.  0.37282E-04
 20910.  0.37841E-04
 20915.  0.38202E-04
 20920.  0.38237E-04
 20925.  0.37913E-04
 20930.  0.37441E-04
 20935.  0.36866E-04
 20940.  0.36638E-04
 20945.  0.36628E-04
 20950.  0.36724E-04
 20955.  0.36694E-04
 20960.  0.36684E-04
 20965.  0.36705E-04
 20970.  0.36936E-04
 20975.  0.37308E-04
 20980.  0.37626E-04
 20985.  0.37669E-04
 20990.  0.37579E-04
 20995.  0.37646E-04
 21000.  0.37887E-04
 21005.  0.38079E-04
 21010.  0.38001E-04
 21015.  0.37749E-04
 21020.  0.37621E-04
 21025.  0.37734E-04
 21030.  0.38043E-04
 21035.  0.38194E-04
 21040.  0.38208E-04
 21045.  0.38139E-04
 21050.  0.38216E-04
 21055.  0.38424E-04
 21060.  0.38596E-04
 21065.  0.38459E-04
 21070.  0.38034E-04
 21075.  0.37637E-04
 21080.  0.37473E-04
 21085.  0.37564E-04
 21090.  0.37857E-04
 21095.  0.38311E-04
 21100.  0.38644E-04
 21105.  0.38716E-04
 21110.  0.38504E-04
 21115.  0.38379E-04
 21120.  0.38539E-04
 21125.  0.39030E-04
 21130.  0.39530E-04
 21135.  0.39860E-04
 21140.  0.39888E-04
 21145.  0.39665E-04
 21150.  0.39207E-04
 21155.  0.38633E-04
 21160.  0.38084E-04
 21165.  0.37656E-04
 21170.  0.37485E-04
 21175.  0.37641E-04
 21180.  0.38060E-04
 21185.  0.38429E-04
 21190.  0.38621E-04
 21195.  0.38628E-04
 21200.  0.38561E-04
 21205.  0.38658E-04
 21210.  0.38782E-04
 21215.  0.39066E-04
 21220.  0.39330E-04
 21225.  0.39538E-04
 21230.  0.39526E-04
 21235.  0.39479E-04
 21240.  0.39564E-04
 21245.  0.39748E-04
 21250.  0.39845E-04
 21255.  0.39756E-04
 21260.  0.39577E-04
 21265.  0.39243E-04
 21270.  0.38823E-04
 21275.  0.38338E-04
 21280.  0.38028E-04
 21285.  0.38008E-04
 21290.  0.38256E-04
 21295.  0.38667E-04
 21300.  0.39108E-04
 21305.  0.39554E-04
 21310.  0.39672E-04
 21315.  0.39657E-04
 21320.  0.39565E-04
 21325.  0.39551E-04
 21330.  0.39508E-04
 21335.  0.39472E-04
 21340.  0.39426E-04
 21345.  0.39455E-04
 21350.  0.39551E-04
 21355.  0.39579E-04
 21360.  0.39577E-04
 21365.  0.39543E-04
 21370.  0.39537E-04
 21375.  0.39504E-04
 21380.  0.39440E-04
 21385.  0.39355E-04
 21390.  0.39202E-04
 21395.  0.39011E-04
 21400.  0.38776E-04
 21405.  0.38638E-04
 21410.  0.38659E-04
 21415.  0.38845E-04
 21420.  0.39060E-04
 21425.  0.39351E-04
 21430.  0.39718E-04
 21435.  0.40101E-04
 21440.  0.40323E-04
 21445.  0.40370E-04
 21450.  0.40272E-04
 21455.  0.40154E-04
 21460.  0.40072E-04
 21465.  0.40070E-04
 21470.  0.40033E-04
 21475.  0.39917E-04
 21480.  0.39613E-04
 21485.  0.39245E-04
 21490.  0.38956E-04
 21495.  0.38903E-04
 21500.  0.39090E-04
 21505.  0.39365E-04
 21510.  0.39555E-04
 21515.  0.39566E-04
 21520.  0.39512E-04
 21525.  0.39449E-04
 21530.  0.39465E-04
 21535.  0.39536E-04
 21540.  0.39617E-04
 21545.  0.39628E-04
 21550.  0.39554E-04
 21555.  0.39473E-04
 21560.  0.39479E-04
 21565.  0.39687E-04
 21570.  0.40016E-04
 21575.  0.40281E-04
 21580.  0.40245E-04
 21585.  0.39965E-04
 21590.  0.39591E-04
 21595.  0.39389E-04
 21600.  0.39417E-04
 21605.  0.39590E-04
 21610.  0.39627E-04
 21615.  0.39472E-04
 21620.  0.39128E-04
 21625.  0.38866E-04
 21630.  0.38859E-04
 21635.  0.39328E-04
 21640.  0.39891E-04
 21645.  0.40359E-04
 21650.  0.40577E-04
 21655.  0.40611E-04
 21660.  0.40550E-04
 21665.  0.40419E-04
 21670.  0.40262E-04
 21675.  0.40122E-04
 21680.  0.40100E-04
 21685.  0.40180E-04
 21690.  0.40211E-04
 21695.  0.40155E-04
 21700.  0.39978E-04
 21705.  0.39839E-04
 21710.  0.39735E-04
 21715.  0.39686E-04
 21720.  0.39494E-04
 21725.  0.39155E-04
 21730.  0.38894E-04
 21735.  0.38879E-04
 21740.  0.39067E-04
 21745.  0.39154E-04
 21750.  0.39076E-04
 21755.  0.38968E-04
 21760.  0.38713E-04
 21765.  0.38436E-04
 21770.  0.38148E-04
 21775.  0.37924E-04
 21780.  0.37723E-04
 21785.  0.37622E-04
 21790.  0.37770E-04
 21795.  0.38136E-04
 21800.  0.38534E-04
 21805.  0.38844E-04
 21810.  0.38902E-04
 21815.  0.38749E-04
 21820.  0.38475E-04
 21825.  0.38446E-04
 21830.  0.38621E-04
 21835.  0.38865E-04
 21840.  0.38814E-04
 21845.  0.38544E-04
 21850.  0.38246E-04
 21855.  0.38150E-04
 21860.  0.38186E-04
 21865.  0.38167E-04
 21870.  0.38123E-04
 21875.  0.38167E-04
 21880.  0.38336E-04
 21885.  0.38466E-04
 21890.  0.38471E-04
 21895.  0.38363E-04
 21900.  0.38300E-04
 21905.  0.38378E-04
 21910.  0.38564E-04
 21915.  0.38741E-04
 21920.  0.38699E-04
 21925.  0.38504E-04
 21930.  0.38263E-04
 21935.  0.38151E-04
 21940.  0.38159E-04
 21945.  0.38229E-04
 21950.  0.38303E-04
 21955.  0.38350E-04
 21960.  0.38352E-04
 21965.  0.38263E-04
 21970.  0.38209E-04
 21975.  0.38186E-04
 21980.  0.38247E-04
 21985.  0.38268E-04
 21990.  0.38171E-04
 21995.  0.37849E-04
 22000.  0.37309E-04
 22005.  0.36821E-04
 22010.  0.36571E-04
 22015.  0.36519E-04
 22020.  0.36500E-04
 22025.  0.36485E-04
 22030.  0.36625E-04
 22035.  0.37016E-04
 22040.  0.37224E-04
 22045.  0.37073E-04
 22050.  0.36577E-04
 22055.  0.35987E-04
 22060.  0.35622E-04
 22065.  0.35581E-04
 22070.  0.35963E-04
 22075.  0.36366E-04
 22080.  0.36662E-04
 22085.  0.36825E-04
 22090.  0.36950E-04
 22095.  0.37011E-04
 22100.  0.37105E-04
 22105.  0.37304E-04
 22110.  0.37632E-04
 22115.  0.37900E-04
 22120.  0.38045E-04
 22125.  0.37987E-04
 22130.  0.37825E-04
 22135.  0.37643E-04
 22140.  0.37561E-04
 22145.  0.37562E-04
 22150.  0.37593E-04
 22155.  0.37602E-04
 22160.  0.37615E-04
 22165.  0.37679E-04
 22170.  0.37722E-04
 22175.  0.37670E-04
 22180.  0.37424E-04
 22185.  0.37047E-04
 22190.  0.36641E-04
 22195.  0.36356E-04
 22200.  0.36140E-04
 22205.  0.35936E-04
 22210.  0.35939E-04
 22215.  0.36186E-04
 22220.  0.36592E-04
 22225.  0.36885E-04
 22230.  0.36988E-04
 22235.  0.36977E-04
 22240.  0.37049E-04
 22245.  0.37129E-04
 22250.  0.37095E-04
 22255.  0.36725E-04
 22260.  0.36094E-04
 22265.  0.35441E-04
 22270.  0.35032E-04
 22275.  0.35071E-04
 22280.  0.35436E-04
 22285.  0.35967E-04
 22290.  0.36333E-04
 22295.  0.36551E-04
 22300.  0.36645E-04
 22305.  0.36747E-04
 22310.  0.36806E-04
 22315.  0.36795E-04
 22320.  0.36732E-04
 22325.  0.36687E-04
 22330.  0.36647E-04
 22335.  0.36485E-04
 22340.  0.36181E-04
 22345.  0.35857E-04
 22350.  0.35691E-04
 22355.  0.35774E-04
 22360.  0.36058E-04
 22365.  0.36186E-04
 22370.  0.36109E-04
 22375.  0.35866E-04
 22380.  0.35635E-04
 22385.  0.35416E-04
 22390.  0.35325E-04
 22395.  0.35351E-04
 22400.  0.35463E-04
 22405.  0.35553E-04
 22410.  0.35402E-04
 22415.  0.35061E-04
 22420.  0.34779E-04
 22425.  0.34705E-04
 22430.  0.34808E-04
 22435.  0.34988E-04
 22440.  0.35140E-04
 22445.  0.35311E-04
 22450.  0.35504E-04
 22455.  0.35651E-04
 22460.  0.35667E-04
 22465.  0.35544E-04
 22470.  0.35404E-04
 22475.  0.35348E-04
 22480.  0.35318E-04
 22485.  0.35243E-04
 22490.  0.35129E-04
 22495.  0.35067E-04
 22500.  0.35081E-04
 22505.  0.35180E-04
 22510.  0.35324E-04
 22515.  0.35427E-04
 22520.  0.35498E-04
 22525.  0.35532E-04
 22530.  0.35437E-04
 22535.  0.35228E-04
 22540.  0.35048E-04
 22545.  0.35026E-04
 22550.  0.35055E-04
 22555.  0.35048E-04
 22560.  0.34961E-04
 22565.  0.34925E-04
 22570.  0.34861E-04
 22575.  0.34849E-04
 22580.  0.34908E-04
 22585.  0.35116E-04
 22590.  0.35337E-04
 22595.  0.35461E-04
 22600.  0.35405E-04
 22605.  0.35182E-04
 22610.  0.34771E-04
 22615.  0.34279E-04
 22620.  0.33819E-04
 22625.  0.33534E-04
 22630.  0.33333E-04
 22635.  0.33249E-04
 22640.  0.33261E-04
 22645.  0.33206E-04
 22650.  0.33065E-04
 22655.  0.32929E-04
 22660.  0.33115E-04
 22665.  0.33548E-04
 22670.  0.34009E-04
 22675.  0.34215E-04
 22680.  0.34211E-04
 22685.  0.34094E-04
 22690.  0.33985E-04
 22695.  0.33912E-04
 22700.  0.33898E-04
 22705.  0.33883E-04
 22710.  0.33841E-04
 22715.  0.33828E-04
 22720.  0.33842E-04
 22725.  0.33935E-04
 22730.  0.34077E-04
 22735.  0.34311E-04
 22740.  0.34487E-04
 22745.  0.34589E-04
 22750.  0.34545E-04
 22755.  0.34451E-04
 22760.  0.34406E-04
 22765.  0.34474E-04
 22770.  0.34578E-04
 22775.  0.34479E-04
 22780.  0.34100E-04
 22785.  0.33608E-04
 22790.  0.33209E-04
 22795.  0.32928E-04
 22800.  0.32880E-04
 22805.  0.33083E-04
 22810.  0.33496E-04
 22815.  0.33817E-04
 22820.  0.33886E-04
 22825.  0.33697E-04
 22830.  0.33428E-04
 22835.  0.33334E-04
 22840.  0.33416E-04
 22845.  0.33523E-04
 22850.  0.33590E-04
 22855.  0.33644E-04
 22860.  0.33711E-04
 22865.  0.33816E-04
 22870.  0.33889E-04
 22875.  0.33970E-04
 22880.  0.34006E-04
 22885.  0.34020E-04
 22890.  0.33950E-04
 22895.  0.33742E-04
 22900.  0.33386E-04
 22905.  0.33101E-04
 22910.  0.32793E-04
 22915.  0.32185E-04
 22920.  0.31038E-04
 22925.  0.29206E-04
 22930.  0.27048E-04
 22935.  0.25048E-04
 22940.  0.23755E-04
 22945.  0.23461E-04
 22950.  0.23871E-04
 22955.  0.24597E-04
 22960.  0.25286E-04
 22965.  0.25906E-04
 22970.  0.26467E-04
 22975.  0.26945E-04
 22980.  0.27231E-04
 22985.  0.27347E-04
 22990.  0.27513E-04
 22995.  0.27818E-04
 23000.  0.28137E-04
 23005.  0.28414E-04
 23010.  0.28654E-04
 23015.  0.28908E-04
 23020.  0.29102E-04
 23025.  0.29251E-04
 23030.  0.29254E-04
 23035.  0.29139E-04
 23040.  0.28914E-04
 23045.  0.28704E-04
 23050.  0.28630E-04
 23055.  0.28698E-04
 23060.  0.28818E-04
 23065.  0.28908E-04
 23070.  0.28907E-04
 23075.  0.28818E-04
 23080.  0.28742E-04
 23085.  0.28659E-04
 23090.  0.28566E-04
 23095.  0.28481E-04
 23100.  0.28463E-04
 23105.  0.28528E-04
 23110.  0.28639E-04
 23115.  0.28782E-04
 23120.  0.28892E-04
 23125.  0.28886E-04
 23130.  0.28759E-04
 23135.  0.28576E-04
 23140.  0.28434E-04
 23145.  0.28478E-04
 23150.  0.28696E-04
 23155.  0.28839E-04
 23160.  0.28746E-04
 23165.  0.28522E-04
 23170.  0.28373E-04
 23175.  0.28413E-04
 23180.  0.28592E-04
 23185.  0.28807E-04
 23190.  0.28943E-04
 23195.  0.28919E-04
 23200.  0.28685E-04
 23205.  0.28206E-04
 23210.  0.27240E-04
 23215.  0.25762E-04
 23220.  0.24001E-04
 23225.  0.22623E-04
 23230.  0.21987E-04
 23235.  0.22232E-04
 23240.  0.22963E-04
 23245.  0.23799E-04
 23250.  0.24454E-04
 23255.  0.24904E-04
 23260.  0.25144E-04
 23265.  0.25240E-04
 23270.  0.25293E-04
 23275.  0.25335E-04
 23280.  0.25401E-04
 23285.  0.25438E-04
 23290.  0.25431E-04
 23295.  0.25327E-04
 23300.  0.25339E-04
 23305.  0.25588E-04
 23310.  0.26095E-04
 23315.  0.26657E-04
 23320.  0.27027E-04
 23325.  0.27079E-04
 23330.  0.26967E-04
 23335.  0.26783E-04
 23340.  0.26613E-04
 23345.  0.26444E-04
 23350.  0.26324E-04
 23355.  0.26219E-04
 23360.  0.26229E-04
 23365.  0.26350E-04
 23370.  0.26509E-04
 23375.  0.26535E-04
 23380.  0.26355E-04
 23385.  0.26043E-04
 23390.  0.25789E-04
 23395.  0.25512E-04
 23400.  0.25255E-04
 23405.  0.25106E-04
 23410.  0.25328E-04
 23415.  0.25803E-04
 23420.  0.26124E-04
 23425.  0.26067E-04
 23430.  0.25650E-04
 23435.  0.24972E-04
 23440.  0.24208E-04
 23445.  0.23635E-04
 23450.  0.23602E-04
 23455.  0.24048E-04
 23460.  0.24756E-04
 23465.  0.25407E-04
 23470.  0.25804E-04
 23475.  0.25881E-04
 23480.  0.25751E-04
 23485.  0.25459E-04
 23490.  0.25093E-04
 23495.  0.24616E-04
 23500.  0.24013E-04
 23505.  0.23327E-04
 23510.  0.22621E-04
 23515.  0.21952E-04
 23520.  0.21363E-04
 23525.  0.20922E-04
 23530.  0.20703E-04
 23535.  0.20760E-04
 23540.  0.21139E-04
 23545.  0.21660E-04
 23550.  0.22116E-04
 23555.  0.22324E-04
 23560.  0.22317E-04
 23565.  0.22281E-04
 23570.  0.22406E-04
 23575.  0.22507E-04
 23580.  0.22476E-04
 23585.  0.22264E-04
 23590.  0.22133E-04
 23595.  0.22257E-04
 23600.  0.22587E-04
 23605.  0.22818E-04
 23610.  0.22860E-04
 23615.  0.22694E-04
 23620.  0.22584E-04
 23625.  0.22609E-04
 23630.  0.22874E-04
 23635.  0.23223E-04
 23640.  0.23562E-04
 23645.  0.23745E-04
 23650.  0.23792E-04
 23655.  0.23667E-04
 23660.  0.23456E-04
 23665.  0.23187E-04
 23670.  0.23096E-04
 23675.  0.23264E-04
 23680.  0.23686E-04
 23685.  0.24159E-04
 23690.  0.24509E-04
 23695.  0.24814E-04
 23700.  0.24796E-04
 23705.  0.24608E-04
 23710.  0.24140E-04
 23715.  0.23994E-04
 23720.  0.23872E-04
 23725.  0.23702E-04
 23730.  0.23322E-04
 23735.  0.22848E-04
 23740.  0.22402E-04
 23745.  0.22118E-04
 23750.  0.22145E-04
 23755.  0.22437E-04
 23760.  0.22803E-04
 23765.  0.22997E-04
 23770.  0.22932E-04
 23775.  0.22685E-04
 23780.  0.22427E-04
 23785.  0.22342E-04
 23790.  0.22425E-04
 23795.  0.22629E-04
 23800.  0.22717E-04
 23805.  0.22660E-04
 23810.  0.22443E-04
 23815.  0.22081E-04
 23820.  0.21661E-04
 23825.  0.21104E-04
 23830.  0.20574E-04
 23835.  0.20078E-04
 23840.  0.20099E-04
 23845.  0.20319E-04
 23850.  0.20589E-04
 23855.  0.20511E-04
 23860.  0.20318E-04
 23865.  0.20304E-04
 23870.  0.20706E-04
 23875.  0.21222E-04
 23880.  0.21705E-04
 23885.  0.22181E-04
 23890.  0.22632E-04
 23895.  0.22927E-04
 23900.  0.22823E-04
 23905.  0.22300E-04
 23910.  0.21572E-04
 23915.  0.20949E-04
 23920.  0.20901E-04
 23925.  0.21469E-04
 23930.  0.22232E-04
 23935.  0.22582E-04
 23940.  0.22431E-04
 23945.  0.21980E-04
 23950.  0.21663E-04
 23955.  0.21619E-04
 23960.  0.21760E-04
 23965.  0.21861E-04
 23970.  0.21900E-04
 23975.  0.21983E-04
 23980.  0.22298E-04
 23985.  0.22724E-04
 23990.  0.22995E-04
 23995.  0.22605E-04
 24000.  0.21960E-04
 24005.  0.21386E-04
 24010.  0.21171E-04
 24015.  0.21205E-04
 24020.  0.21470E-04
 24025.  0.21886E-04
 24030.  0.22186E-04
 24035.  0.22166E-04
 24040.  0.21912E-04
 24045.  0.21615E-04
 24050.  0.21409E-04
 24055.  0.21229E-04
 24060.  0.20848E-04
 24065.  0.20286E-04
 24070.  0.19569E-04
 24075.  0.19121E-04
 24080.  0.19067E-04
 24085.  0.19411E-04
 24090.  0.19874E-04
 24095.  0.20258E-04
 24100.  0.20441E-04
 24105.  0.20530E-04
 24110.  0.20539E-04
 24115.  0.20296E-04
 24120.  0.19861E-04
 24125.  0.19401E-04
 24130.  0.19142E-04
 24135.  0.19100E-04
 24140.  0.19391E-04
 24145.  0.19870E-04
 24150.  0.19783E-04
 24155.  0.19276E-04
 24160.  0.18531E-04
 24165.  0.18454E-04
 24170.  0.18844E-04
 24175.  0.19415E-04
 24180.  0.19165E-04
 24185.  0.18532E-04
 24190.  0.17789E-04
 24195.  0.17843E-04
 24200.  0.18381E-04
 24205.  0.19061E-04
 24210.  0.19257E-04
 24215.  0.19084E-04
 24220.  0.18787E-04
 24225.  0.18791E-04
 24230.  0.19010E-04
 24235.  0.19240E-04
 24240.  0.19203E-04
 24245.  0.19025E-04
 24250.  0.18878E-04
 24255.  0.18797E-04
 24260.  0.18743E-04
 24265.  0.18668E-04
 24270.  0.18682E-04
 24275.  0.18795E-04
 24280.  0.19042E-04
 24285.  0.19331E-04
 24290.  0.19501E-04
 24295.  0.19285E-04
 24300.  0.18891E-04
 24305.  0.18562E-04
 24310.  0.18646E-04
 24315.  0.19082E-04
 24320.  0.19598E-04
 24325.  0.19489E-04
 24330.  0.18855E-04
 24335.  0.18183E-04
 24340.  0.17803E-04
 24345.  0.17691E-04
 24350.  0.17247E-04
 24355.  0.16499E-04
 24360.  0.15744E-04
 24365.  0.15791E-04
 24370.  0.16564E-04
 24375.  0.17684E-04
 24380.  0.18719E-04
 24385.  0.19380E-04
 24390.  0.19591E-04
 24395.  0.19357E-04
 24400.  0.18972E-04
 24405.  0.18626E-04
 24410.  0.18382E-04
 24415.  0.18136E-04
 24420.  0.17857E-04
 24425.  0.17492E-04
 24430.  0.17168E-04
 24435.  0.16984E-04
 24440.  0.17082E-04
 24445.  0.17422E-04
 24450.  0.17745E-04
 24455.  0.17691E-04
 24460.  0.17106E-04
 24465.  0.16245E-04
 24470.  0.15643E-04
 24475.  0.15489E-04
 24480.  0.15936E-04
 24485.  0.16735E-04
 24490.  0.17650E-04
 24495.  0.18065E-04
 24500.  0.17826E-04
 24505.  0.16769E-04
 24510.  0.15785E-04
 24515.  0.15086E-04
 24520.  0.14860E-04
 24525.  0.14765E-04
 24530.  0.14851E-04
 24535.  0.14993E-04
 24540.  0.15449E-04
 24545.  0.15986E-04
 24550.  0.16771E-04
 24555.  0.17459E-04
 24560.  0.17978E-04
 24565.  0.18203E-04
 24570.  0.18325E-04
 24575.  0.18250E-04
 24580.  0.17867E-04
 24585.  0.17297E-04
 24590.  0.16575E-04
 24595.  0.15926E-04
 24600.  0.15247E-04
 24605.  0.14979E-04
 24610.  0.15214E-04
 24615.  0.15794E-04
 24620.  0.16470E-04
 24625.  0.17064E-04
 24630.  0.17714E-04
 24635.  0.17912E-04
 24640.  0.17690E-04
 24645.  0.17202E-04
 24650.  0.16806E-04
 24655.  0.16550E-04
 24660.  0.16495E-04
 24665.  0.16460E-04
 24670.  0.16447E-04
 24675.  0.16362E-04
 24680.  0.16440E-04
 24685.  0.16697E-04
 24690.  0.17035E-04
 24695.  0.17001E-04
 24700.  0.16720E-04
 24705.  0.16615E-04
 24710.  0.16636E-04
 24715.  0.16472E-04
 24720.  0.15365E-04
 24725.  0.14182E-04
 24730.  0.13336E-04
 24735.  0.13496E-04
 24740.  0.14130E-04
 24745.  0.14877E-04
 24750.  0.15568E-04
 24755.  0.16382E-04
 24760.  0.17088E-04
 24765.  0.17451E-04
 24770.  0.17220E-04
 24775.  0.16493E-04
 24780.  0.15569E-04
 24785.  0.14939E-04
 24790.  0.14709E-04
 24795.  0.14884E-04
 24800.  0.15124E-04
 24805.  0.15123E-04
 24810.  0.14574E-04
 24815.  0.14046E-04
 24820.  0.14189E-04
 24825.  0.15057E-04
 24830.  0.15957E-04
 24835.  0.16416E-04
 24840.  0.16421E-04
 24845.  0.16648E-04
 24850.  0.16759E-04
 24855.  0.16850E-04
 24860.  0.16983E-04
 24865.  0.16990E-04
 24870.  0.16645E-04
 24875.  0.15671E-04
 24880.  0.14589E-04
 24885.  0.13614E-04
 24890.  0.12134E-04
 24895.  0.11739E-04
 24900.  0.11639E-04
