  5100.  0.32286E-05
  5105.  0.32687E-05
  5110.  0.33212E-05
  5115.  0.33576E-05
  5120.  0.34510E-05
  5125.  0.35613E-05
  5130.  0.36544E-05
  5135.  0.37427E-05
  5140.  0.38387E-05
  5145.  0.39228E-05
  5150.  0.39675E-05
  5155.  0.39608E-05
  5160.  0.39150E-05
  5165.  0.38327E-05
  5170.  0.37045E-05
  5175.  0.35437E-05
  5180.  0.33492E-05
  5185.  0.31019E-05
  5190.  0.28146E-05
  5195.  0.25463E-05
  5200.  0.22955E-05
  5205.  0.20854E-05
  5210.  0.19551E-05
  5215.  0.19151E-05
  5220.  0.19292E-05
  5225.  0.19681E-05
  5230.  0.20339E-05
  5235.  0.21197E-05
  5240.  0.22108E-05
  5245.  0.23054E-05
  5250.  0.23998E-05
  5255.  0.24850E-05
  5260.  0.25660E-05
  5265.  0.26377E-05
  5270.  0.27054E-05
  5275.  0.27735E-05
  5280.  0.28355E-05
  5285.  0.29005E-05
  5290.  0.29809E-05
  5295.  0.30694E-05
  5300.  0.31605E-05
  5305.  0.32465E-05
  5310.  0.33198E-05
  5315.  0.33933E-05
  5320.  0.34784E-05
  5325.  0.35444E-05
  5330.  0.35647E-05
  5335.  0.35790E-05
  5340.  0.36128E-05
  5345.  0.36622E-05
  5350.  0.37108E-05
  5355.  0.37458E-05
  5360.  0.37793E-05
  5365.  0.38179E-05
  5370.  0.38520E-05
  5375.  0.38808E-05
  5380.  0.39133E-05
  5385.  0.39386E-05
  5390.  0.39573E-05
  5395.  0.39936E-05
  5400.  0.47503E-05
  5405.  0.43478E-05
  5410.  0.42998E-05
  5415.  0.43501E-05
  5420.  0.44038E-05
  5425.  0.44532E-05
  5430.  0.44848E-05
  5435.  0.44644E-05
  5440.  0.44007E-05
  5445.  0.43276E-05
  5450.  0.42608E-05
  5455.  0.41686E-05
  5460.  0.40293E-05
  5465.  0.38384E-05
  5470.  0.36197E-05
  5475.  0.34035E-05
  5480.  0.32381E-05
  5485.  0.31322E-05
  5490.  0.30769E-05
  5495.  0.30417E-05
  5500.  0.30330E-05
  5505.  0.30648E-05
  5510.  0.31153E-05
  5515.  0.31691E-05
  5520.  0.32237E-05
  5525.  0.32791E-05
  5530.  0.33424E-05
  5535.  0.34147E-05
  5540.  0.34852E-05
  5545.  0.35475E-05
  5550.  0.36189E-05
  5555.  0.37034E-05
  5560.  0.37750E-05
  5565.  0.38201E-05
  5570.  0.38295E-05
  5575.  0.37997E-05
  5580.  0.37501E-05
  5585.  0.36861E-05
  5590.  0.35994E-05
  5595.  0.35074E-05
  5600.  0.34263E-05
  5605.  0.33465E-05
  5610.  0.32575E-05
  5615.  0.31609E-05
  5620.  0.30711E-05
  5625.  0.30113E-05
  5630.  0.29750E-05
  5635.  0.29446E-05
  5640.  0.29191E-05
  5645.  0.29223E-05
  5650.  0.29605E-05
  5655.  0.30166E-05
  5660.  0.30758E-05
  5665.  0.31515E-05
  5670.  0.32505E-05
  5675.  0.33496E-05
  5680.  0.34330E-05
  5685.  0.35088E-05
  5690.  0.35755E-05
  5695.  0.36418E-05
  5700.  0.37309E-05
  5705.  0.38509E-05
  5710.  0.39732E-05
  5715.  0.40673E-05
  5720.  0.41470E-05
  5725.  0.42205E-05
  5730.  0.42706E-05
  5735.  0.43069E-05
  5740.  0.43484E-05
  5745.  0.43923E-05
  5750.  0.44336E-05
  5755.  0.44655E-05
  5760.  0.44916E-05
  5765.  0.45172E-05
  5770.  0.45293E-05
  5775.  0.45395E-05
  5780.  0.45672E-05
  5785.  0.46266E-05
  5790.  0.47093E-05
  5795.  0.47893E-05
  5800.  0.48627E-05
  5805.  0.49441E-05
  5810.  0.50260E-05
  5815.  0.50759E-05
  5820.  0.50665E-05
  5825.  0.49944E-05
  5830.  0.48807E-05
  5835.  0.47520E-05
  5840.  0.46053E-05
  5845.  0.44168E-05
  5850.  0.42035E-05
  5855.  0.39798E-05
  5860.  0.37519E-05
  5865.  0.35264E-05
  5870.  0.33161E-05
  5875.  0.31292E-05
  5880.  0.29699E-05
  5885.  0.28460E-05
  5890.  0.27552E-05
  5895.  0.26891E-05
  5900.  0.26343E-05
  5905.  0.25946E-05
  5910.  0.25835E-05
  5915.  0.25896E-05
  5920.  0.25972E-05
  5925.  0.26201E-05
  5930.  0.26801E-05
  5935.  0.27470E-05
  5940.  0.28010E-05
  5945.  0.28755E-05
  5950.  0.29799E-05
  5955.  0.30790E-05
  5960.  0.31633E-05
  5965.  0.32499E-05
  5970.  0.33353E-05
  5975.  0.34217E-05
  5980.  0.35265E-05
  5985.  0.36414E-05
  5990.  0.37531E-05
  5995.  0.38716E-05
  6000.  0.40098E-05
  6005.  0.41566E-05
  6010.  0.42880E-05
  6015.  0.43973E-05
  6020.  0.45037E-05
  6025.  0.46155E-05
  6030.  0.47281E-05
  6035.  0.48393E-05
  6040.  0.49514E-05
  6045.  0.50697E-05
  6050.  0.51856E-05
  6055.  0.52891E-05
  6060.  0.53971E-05
  6065.  0.55123E-05
  6070.  0.56126E-05
  6075.  0.56952E-05
  6080.  0.57724E-05
  6085.  0.58435E-05
  6090.  0.59095E-05
  6095.  0.59738E-05
  6100.  0.60426E-05
  6105.  0.61237E-05
  6110.  0.62208E-05
  6115.  0.63225E-05
  6120.  0.64208E-05
  6125.  0.65142E-05
  6130.  0.65962E-05
  6135.  0.66337E-05
  6140.  0.65927E-05
  6145.  0.64600E-05
  6150.  0.62341E-05
  6155.  0.59255E-05
  6160.  0.55202E-05
  6165.  0.50651E-05
  6170.  0.45950E-05
  6175.  0.41724E-05
  6180.  0.38064E-05
  6185.  0.35232E-05
  6190.  0.33246E-05
  6195.  0.31875E-05
  6200.  0.30939E-05
  6205.  0.30365E-05
  6210.  0.30138E-05
  6215.  0.30117E-05
  6220.  0.30167E-05
  6225.  0.30285E-05
  6230.  0.30497E-05
  6235.  0.30842E-05
  6240.  0.31356E-05
  6245.  0.32080E-05
  6250.  0.33067E-05
  6255.  0.34330E-05
  6260.  0.35760E-05
  6265.  0.37312E-05
  6270.  0.38860E-05
  6275.  0.40478E-05
  6280.  0.42073E-05
  6285.  0.43564E-05
  6290.  0.44951E-05
  6295.  0.46348E-05
  6300.  0.47830E-05
  6305.  0.49350E-05
  6310.  0.51026E-05
  6315.  0.52931E-05
  6320.  0.54934E-05
  6325.  0.56654E-05
  6330.  0.58107E-05
  6335.  0.59436E-05
  6340.  0.60415E-05
  6345.  0.61167E-05
  6350.  0.61995E-05
  6355.  0.62867E-05
  6360.  0.63586E-05
  6365.  0.64222E-05
  6370.  0.64907E-05
  6375.  0.65997E-05
  6380.  0.67518E-05
  6385.  0.69307E-05
  6390.  0.71126E-05
  6395.  0.72795E-05
  6400.  0.74130E-05
  6405.  0.75299E-05
  6410.  0.76421E-05
  6415.  0.77297E-05
  6420.  0.77941E-05
  6425.  0.78370E-05
  6430.  0.78676E-05
  6435.  0.79211E-05
  6440.  0.80495E-05
  6445.  0.82075E-05
  6450.  0.83549E-05
  6455.  0.85131E-05
  6460.  0.86759E-05
  6465.  0.88293E-05
  6470.  0.89610E-05
  6475.  0.90582E-05
  6480.  0.91014E-05
  6485.  0.91024E-05
  6490.  0.90837E-05
  6495.  0.91039E-05
  6500.  0.91764E-05
  6505.  0.92923E-05
  6510.  0.94606E-05
  6515.  0.96613E-05
  6520.  0.98825E-05
  6525.  0.10087E-04
  6530.  0.10265E-04
  6535.  0.10390E-04
  6540.  0.10440E-04
  6545.  0.10403E-04
  6550.  0.10302E-04
  6555.  0.10136E-04
  6560.  0.99279E-05
  6565.  0.97085E-05
  6570.  0.95043E-05
  6575.  0.93200E-05
  6580.  0.91739E-05
  6585.  0.90641E-05
  6590.  0.89726E-05
  6595.  0.88768E-05
  6600.  0.87662E-05
  6605.  0.86738E-05
  6610.  0.85849E-05
  6615.  0.84752E-05
  6620.  0.83492E-05
  6625.  0.82147E-05
  6630.  0.80373E-05
  6635.  0.78410E-05
  6640.  0.76485E-05
  6645.  0.74482E-05
  6650.  0.72105E-05
  6655.  0.69482E-05
  6660.  0.67021E-05
  6665.  0.65041E-05
  6670.  0.63465E-05
  6675.  0.62042E-05
  6680.  0.60858E-05
  6685.  0.59875E-05
  6690.  0.59271E-05
  6695.  0.58804E-05
  6700.  0.58174E-05
  6705.  0.57580E-05
  6710.  0.57091E-05
  6715.  0.56595E-05
  6720.  0.56230E-05
  6725.  0.56020E-05
  6730.  0.56167E-05
  6735.  0.56751E-05
  6740.  0.57590E-05
  6745.  0.58885E-05
  6750.  0.60606E-05
  6755.  0.62435E-05
  6760.  0.64104E-05
  6765.  0.65747E-05
  6770.  0.67311E-05
  6775.  0.68667E-05
  6780.  0.69829E-05
  6785.  0.70790E-05
  6790.  0.71587E-05
  6795.  0.72601E-05
  6800.  0.74051E-05
  6805.  0.75637E-05
  6810.  0.77443E-05
  6815.  0.79433E-05
  6820.  0.81567E-05
  6825.  0.83820E-05
  6830.  0.86036E-05
  6835.  0.88050E-05
  6840.  0.89689E-05
  6845.  0.91149E-05
  6850.  0.92803E-05
  6855.  0.94831E-05
  6860.  0.96966E-05
  6865.  0.99434E-05
  6870.  0.10224E-04
  6875.  0.10549E-04
  6880.  0.10922E-04
  6885.  0.11280E-04
  6890.  0.11607E-04
  6895.  0.11943E-04
  6900.  0.12311E-04
  6905.  0.12677E-04
  6910.  0.13002E-04
  6915.  0.13258E-04
  6920.  0.13485E-04
  6925.  0.13712E-04
  6930.  0.13966E-04
  6935.  0.14270E-04
  6940.  0.14663E-04
  6945.  0.15100E-04
  6950.  0.15530E-04
  6955.  0.15967E-04
  6960.  0.16412E-04
  6965.  0.16861E-04
  6970.  0.17285E-04
  6975.  0.17675E-04
  6980.  0.18005E-04
  6985.  0.18273E-04
  6990.  0.18487E-04
  6995.  0.18648E-04
  7000.  0.18781E-04
  7005.  0.18916E-04
  7010.  0.19040E-04
  7015.  0.19105E-04
  7020.  0.19084E-04
  7025.  0.18993E-04
  7030.  0.18773E-04
  7035.  0.18331E-04
  7040.  0.17632E-04
  7045.  0.16655E-04
  7050.  0.15452E-04
  7055.  0.14126E-04
  7060.  0.12800E-04
  7065.  0.11608E-04
  7070.  0.10576E-04
  7075.  0.97409E-05
  7080.  0.90865E-05
  7085.  0.86368E-05
  7090.  0.83166E-05
  7095.  0.80697E-05
  7100.  0.78755E-05
  7105.  0.77268E-05
  7110.  0.76122E-05
  7115.  0.74951E-05
  7120.  0.73560E-05
  7125.  0.72399E-05
  7130.  0.71398E-05
  7135.  0.70597E-05
  7140.  0.70145E-05
  7145.  0.70242E-05
  7150.  0.71343E-05
  7155.  0.73358E-05
  7160.  0.76099E-05
  7165.  0.79312E-05
  7170.  0.82625E-05
  7175.  0.85938E-05
  7180.  0.89251E-05
  7185.  0.92393E-05
  7190.  0.95177E-05
  7195.  0.97451E-05
  7200.  0.99144E-05
  7205.  0.10067E-04
  7210.  0.10275E-04
  7215.  0.10553E-04
  7220.  0.10893E-04
  7225.  0.11300E-04
  7230.  0.11759E-04
  7235.  0.12278E-04
  7240.  0.12858E-04
  7245.  0.13454E-04
  7250.  0.14005E-04
  7255.  0.14503E-04
  7260.  0.15000E-04
  7265.  0.15522E-04
  7270.  0.16020E-04
  7275.  0.16489E-04
  7280.  0.17021E-04
  7285.  0.17639E-04
  7290.  0.18313E-04
  7295.  0.19036E-04
  7300.  0.19818E-04
  7305.  0.20620E-04
  7310.  0.21403E-04
  7315.  0.22198E-04
  7320.  0.22979E-04
  7325.  0.23680E-04
  7330.  0.24300E-04
  7335.  0.24834E-04
  7340.  0.25305E-04
  7345.  0.25788E-04
  7350.  0.26323E-04
  7355.  0.26853E-04
  7360.  0.27318E-04
  7365.  0.27852E-04
  7370.  0.28471E-04
  7375.  0.29012E-04
  7380.  0.29452E-04
  7385.  0.29841E-04
  7390.  0.30186E-04
  7395.  0.30465E-04
  7400.  0.30674E-04
  7405.  0.30838E-04
  7410.  0.31012E-04
  7415.  0.31129E-04
  7420.  0.31198E-04
  7425.  0.31276E-04
  7430.  0.31410E-04
  7435.  0.31549E-04
  7440.  0.31623E-04
  7445.  0.31718E-04
  7450.  0.31938E-04
  7455.  0.32214E-04
  7460.  0.32459E-04
  7465.  0.32683E-04
  7470.  0.32974E-04
  7475.  0.33347E-04
  7480.  0.33718E-04
  7485.  0.34074E-04
  7490.  0.34431E-04
  7495.  0.34802E-04
  7500.  0.35176E-04
  7505.  0.35557E-04
  7510.  0.35952E-04
  7515.  0.36378E-04
  7520.  0.36844E-04
  7525.  0.37306E-04
  7530.  0.37711E-04
  7535.  0.38145E-04
  7540.  0.38689E-04
  7545.  0.39111E-04
  7550.  0.39376E-04
  7555.  0.39569E-04
  7560.  0.39628E-04
  7565.  0.39247E-04
  7570.  0.38463E-04
  7575.  0.37470E-04
  7580.  0.36361E-04
  7585.  0.35331E-04
  7590.  0.34367E-04
  7595.  0.33305E-04
  7600.  0.32005E-04
  7605.  0.30409E-04
  7610.  0.28547E-04
  7615.  0.26691E-04
  7620.  0.25168E-04
  7625.  0.24228E-04
  7630.  0.23714E-04
  7635.  0.23433E-04
  7640.  0.23026E-04
  7645.  0.22484E-04
  7650.  0.21859E-04
  7655.  0.21234E-04
  7660.  0.20615E-04
  7665.  0.20052E-04
  7670.  0.19487E-04
  7675.  0.19082E-04
  7680.  0.18804E-04
  7685.  0.18644E-04
  7690.  0.18593E-04
  7695.  0.18657E-04
  7700.  0.18824E-04
  7705.  0.19103E-04
  7710.  0.19463E-04
  7715.  0.19839E-04
  7720.  0.20220E-04
  7725.  0.20546E-04
  7730.  0.20758E-04
  7735.  0.20899E-04
  7740.  0.20923E-04
  7745.  0.20843E-04
  7750.  0.20768E-04
  7755.  0.20748E-04
  7760.  0.20802E-04
  7765.  0.20940E-04
  7770.  0.21166E-04
  7775.  0.21477E-04
  7780.  0.21830E-04
  7785.  0.22239E-04
  7790.  0.22706E-04
  7795.  0.23203E-04
  7800.  0.23708E-04
  7805.  0.24157E-04
  7810.  0.24447E-04
  7815.  0.24576E-04
  7820.  0.24625E-04
  7825.  0.24638E-04
  7830.  0.24561E-04
  7835.  0.24420E-04
  7840.  0.24343E-04
  7845.  0.24379E-04
  7850.  0.24471E-04
  7855.  0.24581E-04
  7860.  0.24738E-04
  7865.  0.24936E-04
  7870.  0.25198E-04
  7875.  0.25527E-04
  7880.  0.25823E-04
  7885.  0.25967E-04
  7890.  0.26014E-04
  7895.  0.26058E-04
  7900.  0.26082E-04
  7905.  0.26061E-04
  7910.  0.26002E-04
  7915.  0.25983E-04
  7920.  0.26130E-04
  7925.  0.26432E-04
  7930.  0.26748E-04
  7935.  0.27082E-04
  7940.  0.27448E-04
  7945.  0.27832E-04
  7950.  0.28229E-04
  7955.  0.28568E-04
  7960.  0.28823E-04
  7965.  0.29024E-04
  7970.  0.29232E-04
  7975.  0.29492E-04
  7980.  0.29763E-04
  7985.  0.30014E-04
  7990.  0.30317E-04
  7995.  0.30728E-04
  8000.  0.31284E-04
  8005.  0.31995E-04
  8010.  0.32771E-04
  8015.  0.33482E-04
  8020.  0.34159E-04
  8025.  0.34896E-04
  8030.  0.35691E-04
  8035.  0.36473E-04
  8040.  0.37261E-04
  8045.  0.37976E-04
  8050.  0.38650E-04
  8055.  0.39389E-04
  8060.  0.40188E-04
  8065.  0.41007E-04
  8070.  0.41847E-04
  8075.  0.42712E-04
  8080.  0.43593E-04
  8085.  0.44467E-04
  8090.  0.45318E-04
  8095.  0.46154E-04
  8100.  0.47018E-04
  8105.  0.48026E-04
  8110.  0.49057E-04
  8115.  0.49979E-04
  8120.  0.50909E-04
  8125.  0.51954E-04
  8130.  0.53117E-04
  8135.  0.54250E-04
  8140.  0.55229E-04
  8145.  0.55981E-04
  8150.  0.56600E-04
  8155.  0.57296E-04
  8160.  0.58044E-04
  8165.  0.58483E-04
  8170.  0.58417E-04
  8175.  0.57930E-04
  8180.  0.57155E-04
  8185.  0.56031E-04
  8190.  0.54515E-04
  8195.  0.52776E-04
  8200.  0.51060E-04
  8205.  0.49622E-04
  8210.  0.48603E-04
  8215.  0.48107E-04
  8220.  0.48038E-04
  8225.  0.48245E-04
  8230.  0.48460E-04
  8235.  0.48701E-04
  8240.  0.48811E-04
  8245.  0.48764E-04
  8250.  0.48573E-04
  8255.  0.48258E-04
  8260.  0.47953E-04
  8265.  0.47568E-04
  8270.  0.46993E-04
  8275.  0.46268E-04
  8280.  0.45618E-04
  8285.  0.44968E-04
  8290.  0.44242E-04
  8295.  0.43633E-04
  8300.  0.43280E-04
  8305.  0.43134E-04
  8310.  0.43189E-04
  8315.  0.43389E-04
  8320.  0.43599E-04
  8325.  0.43717E-04
  8330.  0.43747E-04
  8335.  0.43746E-04
  8340.  0.43769E-04
  8345.  0.43820E-04
  8350.  0.43777E-04
  8355.  0.43717E-04
  8360.  0.43642E-04
  8365.  0.43637E-04
  8370.  0.43607E-04
  8375.  0.43471E-04
  8380.  0.43392E-04
  8385.  0.43443E-04
  8390.  0.43526E-04
  8395.  0.43582E-04
  8400.  0.43652E-04
  8405.  0.43623E-04
  8410.  0.43314E-04
  8415.  0.42652E-04
  8420.  0.41510E-04
  8425.  0.39907E-04
  8430.  0.38051E-04
  8435.  0.36087E-04
  8440.  0.34149E-04
  8445.  0.32301E-04
  8450.  0.30766E-04
  8455.  0.29551E-04
  8460.  0.28718E-04
  8465.  0.28234E-04
  8470.  0.28131E-04
  8475.  0.28283E-04
  8480.  0.28625E-04
  8485.  0.28959E-04
  8490.  0.29187E-04
  8495.  0.29381E-04
  8500.  0.29602E-04
  8505.  0.29776E-04
  8510.  0.29881E-04
  8515.  0.29964E-04
  8520.  0.30038E-04
  8525.  0.30188E-04
  8530.  0.30453E-04
  8535.  0.30859E-04
  8540.  0.31385E-04
  8545.  0.32029E-04
  8550.  0.32769E-04
  8555.  0.33529E-04
  8560.  0.34240E-04
  8565.  0.34894E-04
  8570.  0.35451E-04
  8575.  0.35933E-04
  8580.  0.36373E-04
  8585.  0.36781E-04
  8590.  0.37231E-04
  8595.  0.37789E-04
  8600.  0.38455E-04
  8605.  0.39125E-04
  8610.  0.39797E-04
  8615.  0.40503E-04
  8620.  0.41185E-04
  8625.  0.41754E-04
  8630.  0.42125E-04
  8635.  0.42376E-04
  8640.  0.42521E-04
  8645.  0.42585E-04
  8650.  0.42592E-04
  8655.  0.42613E-04
  8660.  0.42722E-04
  8665.  0.43020E-04
  8670.  0.43513E-04
  8675.  0.44068E-04
  8680.  0.44668E-04
  8685.  0.45465E-04
  8690.  0.46352E-04
  8695.  0.47213E-04
  8700.  0.48077E-04
  8705.  0.48915E-04
  8710.  0.49662E-04
  8715.  0.50353E-04
  8720.  0.51035E-04
  8725.  0.51777E-04
  8730.  0.52421E-04
  8735.  0.52950E-04
  8740.  0.53451E-04
  8745.  0.54031E-04
  8750.  0.54779E-04
  8755.  0.55494E-04
  8760.  0.56046E-04
  8765.  0.56517E-04
  8770.  0.57060E-04
  8775.  0.57665E-04
  8780.  0.58371E-04
  8785.  0.59182E-04
  8790.  0.59901E-04
  8795.  0.60468E-04
  8800.  0.60997E-04
  8805.  0.61578E-04
  8810.  0.62145E-04
  8815.  0.62634E-04
  8820.  0.63101E-04
  8825.  0.63668E-04
  8830.  0.64183E-04
  8835.  0.64375E-04
  8840.  0.64106E-04
  8845.  0.63346E-04
  8850.  0.61944E-04
  8855.  0.59660E-04
  8860.  0.56818E-04
  8865.  0.53874E-04
  8870.  0.51183E-04
  8875.  0.48820E-04
  8880.  0.47108E-04
  8885.  0.46082E-04
  8890.  0.45811E-04
  8895.  0.46141E-04
  8900.  0.46813E-04
  8905.  0.47695E-04
  8910.  0.48605E-04
  8915.  0.49322E-04
  8920.  0.49771E-04
  8925.  0.50146E-04
  8930.  0.50490E-04
  8935.  0.50675E-04
  8940.  0.50594E-04
  8945.  0.50493E-04
  8950.  0.50482E-04
  8955.  0.50556E-04
  8960.  0.50758E-04
  8965.  0.51229E-04
  8970.  0.51917E-04
  8975.  0.52816E-04
  8980.  0.53803E-04
  8985.  0.54722E-04
  8990.  0.55667E-04
  8995.  0.56720E-04
  9000.  0.57675E-04
  9005.  0.58331E-04
  9010.  0.58680E-04
  9015.  0.58988E-04
  9020.  0.59388E-04
  9025.  0.59843E-04
  9030.  0.60351E-04
  9035.  0.60903E-04
  9040.  0.61527E-04
  9045.  0.62271E-04
  9050.  0.63152E-04
  9055.  0.64171E-04
  9060.  0.65200E-04
  9065.  0.66162E-04
  9070.  0.66875E-04
  9075.  0.67399E-04
  9080.  0.67784E-04
  9085.  0.68197E-04
  9090.  0.68714E-04
  9095.  0.69186E-04
  9100.  0.69429E-04
  9105.  0.69574E-04
  9110.  0.69903E-04
  9115.  0.70426E-04
  9120.  0.71010E-04
  9125.  0.71539E-04
  9130.  0.71911E-04
  9135.  0.72057E-04
  9140.  0.72301E-04
  9145.  0.72622E-04
  9150.  0.72651E-04
  9155.  0.72414E-04
  9160.  0.72374E-04
  9165.  0.72801E-04
  9170.  0.73099E-04
  9175.  0.72878E-04
  9180.  0.72684E-04
  9185.  0.72745E-04
  9190.  0.72699E-04
  9195.  0.72222E-04
  9200.  0.71462E-04
  9205.  0.70648E-04
  9210.  0.69774E-04
  9215.  0.68909E-04
  9220.  0.67969E-04
  9225.  0.67188E-04
  9230.  0.66311E-04
  9235.  0.65145E-04
  9240.  0.64100E-04
  9245.  0.63529E-04
  9250.  0.63193E-04
  9255.  0.62890E-04
  9260.  0.62613E-04
  9265.  0.62290E-04
  9270.  0.62005E-04
  9275.  0.61631E-04
  9280.  0.61027E-04
  9285.  0.60164E-04
  9290.  0.59336E-04
  9295.  0.58635E-04
  9300.  0.58262E-04
  9305.  0.58289E-04
  9310.  0.58234E-04
  9315.  0.57984E-04
  9320.  0.57986E-04
  9325.  0.58199E-04
  9330.  0.57900E-04
  9335.  0.57136E-04
  9340.  0.57183E-04
  9345.  0.58283E-04
  9350.  0.58741E-04
  9355.  0.57128E-04
  9360.  0.55419E-04
  9365.  0.54791E-04
  9370.  0.54725E-04
  9375.  0.54989E-04
  9380.  0.55417E-04
  9385.  0.55968E-04
  9390.  0.56177E-04
  9395.  0.56208E-04
  9400.  0.56716E-04
  9405.  0.57197E-04
  9410.  0.57737E-04
  9415.  0.58196E-04
  9420.  0.58618E-04
  9425.  0.58918E-04
  9430.  0.59177E-04
  9435.  0.59442E-04
  9440.  0.59901E-04
  9445.  0.60374E-04
  9450.  0.60591E-04
  9455.  0.60557E-04
  9460.  0.60605E-04
  9465.  0.61280E-04
  9470.  0.62229E-04
  9475.  0.62368E-04
  9480.  0.62154E-04
  9485.  0.62902E-04
  9490.  0.64392E-04
  9495.  0.65301E-04
  9500.  0.65162E-04
  9505.  0.65302E-04
  9510.  0.66302E-04
  9515.  0.66940E-04
  9520.  0.66943E-04
  9525.  0.67159E-04
  9530.  0.67567E-04
  9535.  0.68009E-04
  9540.  0.68567E-04
  9545.  0.68979E-04
  9550.  0.69196E-04
  9555.  0.69214E-04
  9560.  0.69390E-04
  9565.  0.69312E-04
  9570.  0.68639E-04
  9575.  0.68249E-04
  9580.  0.68268E-04
  9585.  0.67885E-04
  9590.  0.67090E-04
  9595.  0.66727E-04
  9600.  0.67176E-04
  9605.  0.67670E-04
  9610.  0.67820E-04
  9615.  0.67845E-04
  9620.  0.67796E-04
  9625.  0.67835E-04
  9630.  0.68149E-04
  9635.  0.68438E-04
  9640.  0.68301E-04
  9645.  0.67838E-04
  9650.  0.67290E-04
  9655.  0.66860E-04
  9660.  0.66493E-04
  9665.  0.66113E-04
  9670.  0.65717E-04
  9675.  0.65401E-04
  9680.  0.65243E-04
  9685.  0.65318E-04
  9690.  0.65610E-04
  9695.  0.65955E-04
  9700.  0.66445E-04
  9705.  0.67647E-04
  9710.  0.68786E-04
  9715.  0.67000E-04
  9720.  0.67684E-04
  9725.  0.68325E-04
  9730.  0.66145E-04
  9735.  0.66445E-04
  9740.  0.66153E-04
  9745.  0.65137E-04
  9750.  0.65836E-04
  9755.  0.64444E-04
  9760.  0.64358E-04
  9765.  0.64899E-04
  9770.  0.66323E-04
  9775.  0.66346E-04
  9780.  0.65866E-04
  9785.  0.63124E-04
  9790.  0.64573E-04
  9795.  0.66429E-04
  9800.  0.67336E-04
  9805.  0.67611E-04
  9810.  0.68088E-04
  9815.  0.66749E-04
  9820.  0.66701E-04
  9825.  0.68573E-04
  9830.  0.67385E-04
  9835.  0.66596E-04
  9840.  0.66493E-04
  9845.  0.66742E-04
  9850.  0.67656E-04
  9855.  0.68379E-04
  9860.  0.68939E-04
  9865.  0.69620E-04
  9870.  0.69845E-04
  9875.  0.70090E-04
  9880.  0.70204E-04
  9885.  0.70415E-04
  9890.  0.70470E-04
  9895.  0.69972E-04
  9900.  0.68876E-04
  9905.  0.69006E-04
  9910.  0.68584E-04
  9915.  0.68467E-04
  9920.  0.69396E-04
  9925.  0.68323E-04
  9930.  0.68392E-04
  9935.  0.68582E-04
  9940.  0.68614E-04
  9945.  0.69399E-04
  9950.  0.69936E-04
  9955.  0.72716E-04
  9960.  0.71397E-04
  9965.  0.71342E-04
  9970.  0.71893E-04
  9975.  0.72812E-04
  9980.  0.74073E-04
  9985.  0.74056E-04
  9990.  0.73704E-04
  9995.  0.72614E-04
 10000.  0.71517E-04
 10005.  0.71579E-04
 10010.  0.72219E-04
 10015.  0.73317E-04
 10020.  0.74212E-04
 10025.  0.73995E-04
 10030.  0.72745E-04
 10035.  0.72006E-04
 10040.  0.71297E-04
 10045.  0.71156E-04
 10050.  0.71678E-04
 10055.  0.71499E-04
 10060.  0.71311E-04
 10065.  0.71311E-04
 10070.  0.72159E-04
 10075.  0.73200E-04
 10080.  0.73978E-04
 10085.  0.74639E-04
 10090.  0.75382E-04
 10095.  0.75758E-04
 10100.  0.76778E-04
 10105.  0.76581E-04
 10110.  0.75954E-04
 10115.  0.75654E-04
 10120.  0.75082E-04
 10125.  0.75417E-04
 10130.  0.75791E-04
 10135.  0.75925E-04
 10140.  0.74980E-04
 10145.  0.73633E-04
 10150.  0.73299E-04
 10155.  0.73281E-04
 10160.  0.74039E-04
 10165.  0.74460E-04
 10170.  0.74619E-04
 10175.  0.75577E-04
 10180.  0.75964E-04
 10185.  0.75484E-04
 10190.  0.74496E-04
 10195.  0.74220E-04
 10200.  0.75111E-04
 10205.  0.76373E-04
 10210.  0.77091E-04
 10215.  0.77340E-04
 10220.  0.77347E-04
 10225.  0.77026E-04
 10230.  0.76519E-04
 10235.  0.77659E-04
 10240.  0.78400E-04
 10245.  0.78005E-04
 10250.  0.77491E-04
 10255.  0.77027E-04
 10260.  0.76222E-04
 10265.  0.75543E-04
 10270.  0.75979E-04
 10275.  0.76677E-04
 10280.  0.77491E-04
 10285.  0.77351E-04
 10290.  0.77457E-04
 10295.  0.77712E-04
 10300.  0.78100E-04
 10305.  0.78290E-04
 10310.  0.79475E-04
 10315.  0.79415E-04
 10320.  0.79170E-04
 10325.  0.78114E-04
 10330.  0.77557E-04
 10335.  0.77307E-04
 10340.  0.76198E-04
 10345.  0.75953E-04
 10350.  0.76722E-04
 10355.  0.78163E-04
 10360.  0.79322E-04
 10365.  0.79898E-04
 10370.  0.79634E-04
 10375.  0.78819E-04
 10380.  0.78812E-04
 10385.  0.78759E-04
 10390.  0.77654E-04
 10395.  0.76335E-04
 10400.  0.76939E-04
 10405.  0.78100E-04
 10410.  0.79331E-04
 10415.  0.79589E-04
 10420.  0.78514E-04
 10425.  0.77707E-04
 10430.  0.77711E-04
 10435.  0.78592E-04
 10440.  0.79454E-04
 10445.  0.80240E-04
 10450.  0.80632E-04
 10455.  0.79393E-04
 10460.  0.77423E-04
 10465.  0.76385E-04
 10470.  0.76033E-04
 10475.  0.75207E-04
 10480.  0.73864E-04
 10485.  0.73211E-04
 10490.  0.72529E-04
 10495.  0.71515E-04
 10500.  0.72159E-04
 10505.  0.73086E-04
 10510.  0.72517E-04
 10515.  0.72031E-04
 10520.  0.72283E-04
 10525.  0.71799E-04
 10530.  0.70741E-04
 10535.  0.70641E-04
 10540.  0.71201E-04
 10545.  0.70671E-04
 10550.  0.70044E-04
 10555.  0.69976E-04
 10560.  0.69997E-04
 10565.  0.69235E-04
 10570.  0.68767E-04
 10575.  0.68617E-04
 10580.  0.67824E-04
 10585.  0.67194E-04
 10590.  0.67926E-04
 10595.  0.68722E-04
 10600.  0.68802E-04
 10605.  0.67826E-04
 10610.  0.67741E-04
 10615.  0.69088E-04
 10620.  0.70417E-04
 10625.  0.71131E-04
 10630.  0.71766E-04
 10635.  0.72118E-04
 10640.  0.72359E-04
 10645.  0.72486E-04
 10650.  0.72270E-04
 10655.  0.71663E-04
 10660.  0.70683E-04
 10665.  0.70761E-04
 10670.  0.71763E-04
 10675.  0.72520E-04
 10680.  0.72975E-04
 10685.  0.72886E-04
 10690.  0.72631E-04
 10695.  0.72692E-04
 10700.  0.72892E-04
 10705.  0.73390E-04
 10710.  0.73805E-04
 10715.  0.73726E-04
 10720.  0.73353E-04
 10725.  0.72314E-04
 10730.  0.71970E-04
 10735.  0.72819E-04
 10740.  0.73860E-04
 10745.  0.74469E-04
 10750.  0.75149E-04
 10755.  0.75172E-04
 10760.  0.75325E-04
 10765.  0.76914E-04
 10770.  0.76752E-04
 10775.  0.75745E-04
 10780.  0.75434E-04
 10785.  0.75660E-04
 10790.  0.75817E-04
 10795.  0.75933E-04
 10800.  0.76434E-04
 10805.  0.76924E-04
 10810.  0.76537E-04
 10815.  0.75582E-04
 10820.  0.75418E-04
 10825.  0.76420E-04
 10830.  0.76976E-04
 10835.  0.77181E-04
 10840.  0.77750E-04
 10845.  0.78375E-04
 10850.  0.78644E-04
 10855.  0.78212E-04
 10860.  0.78113E-04
 10865.  0.77506E-04
 10870.  0.76405E-04
 10875.  0.76412E-04
 10880.  0.76380E-04
 10885.  0.76051E-04
 10890.  0.75814E-04
 10895.  0.75976E-04
 10900.  0.76252E-04
 10905.  0.77073E-04
 10910.  0.77718E-04
 10915.  0.77127E-04
 10920.  0.74572E-04
 10925.  0.72435E-04
 10930.  0.73723E-04
 10935.  0.75571E-04
 10940.  0.75628E-04
 10945.  0.75210E-04
 10950.  0.74817E-04
 10955.  0.73434E-04
 10960.  0.72138E-04
 10965.  0.71283E-04
 10970.  0.70587E-04
 10975.  0.70699E-04
 10980.  0.71252E-04
 10985.  0.71426E-04
 10990.  0.70674E-04
 10995.  0.69767E-04
 11000.  0.69555E-04
 11005.  0.69362E-04
 11010.  0.69337E-04
 11015.  0.69405E-04
 11020.  0.69081E-04
 11025.  0.68925E-04
 11030.  0.68188E-04
 11035.  0.67239E-04
 11040.  0.66966E-04
 11045.  0.67030E-04
 11050.  0.66254E-04
 11055.  0.65435E-04
 11060.  0.65050E-04
 11065.  0.65380E-04
 11070.  0.66186E-04
 11075.  0.66205E-04
 11080.  0.65928E-04
 11085.  0.66284E-04
 11090.  0.66336E-04
 11095.  0.66368E-04
 11100.  0.65561E-04
 11105.  0.64642E-04
 11110.  0.64576E-04
 11115.  0.65161E-04
 11120.  0.65526E-04
 11125.  0.65872E-04
 11130.  0.65490E-04
 11135.  0.65417E-04
 11140.  0.66554E-04
 11145.  0.67188E-04
 11150.  0.67069E-04
 11155.  0.67007E-04
 11160.  0.65976E-04
 11165.  0.65435E-04
 11170.  0.65282E-04
 11175.  0.66047E-04
 11180.  0.68115E-04
 11185.  0.68855E-04
 11190.  0.68098E-04
 11195.  0.66895E-04
 11200.  0.66371E-04
 11205.  0.67626E-04
 11210.  0.68538E-04
 11215.  0.70608E-04
 11220.  0.70969E-04
 11225.  0.69885E-04
 11230.  0.69703E-04
 11235.  0.69210E-04
 11240.  0.69102E-04
 11245.  0.69699E-04
 11250.  0.70124E-04
 11255.  0.69737E-04
 11260.  0.68604E-04
 11265.  0.69730E-04
 11270.  0.70057E-04
 11275.  0.68874E-04
 11280.  0.69305E-04
 11285.  0.71057E-04
 11290.  0.71883E-04
 11295.  0.70750E-04
 11300.  0.69399E-04
 11305.  0.68078E-04
 11310.  0.66502E-04
 11315.  0.66872E-04
 11320.  0.68083E-04
 11325.  0.68806E-04
 11330.  0.67686E-04
 11335.  0.66250E-04
 11340.  0.65543E-04
 11345.  0.64477E-04
 11350.  0.64289E-04
 11355.  0.65365E-04
 11360.  0.67212E-04
 11365.  0.67351E-04
 11370.  0.66454E-04
 11375.  0.66531E-04
 11380.  0.67001E-04
 11385.  0.67283E-04
 11390.  0.67207E-04
 11395.  0.67316E-04
 11400.  0.67999E-04
 11405.  0.68633E-04
 11410.  0.69168E-04
 11415.  0.68703E-04
 11420.  0.68179E-04
 11425.  0.67580E-04
 11430.  0.67501E-04
 11435.  0.67227E-04
 11440.  0.68235E-04
 11445.  0.69426E-04
 11450.  0.69822E-04
 11455.  0.69585E-04
 11460.  0.69651E-04
 11465.  0.69644E-04
 11470.  0.69570E-04
 11475.  0.69530E-04
 11480.  0.69182E-04
 11485.  0.69557E-04
 11490.  0.70845E-04
 11495.  0.70945E-04
 11500.  0.70937E-04
 11505.  0.70566E-04
 11510.  0.70903E-04
 11515.  0.71222E-04
 11520.  0.70465E-04
 11525.  0.69520E-04
 11530.  0.69642E-04
 11535.  0.69410E-04
 11540.  0.69276E-04
 11545.  0.69997E-04
 11550.  0.71031E-04
 11555.  0.71112E-04
 11560.  0.70355E-04
 11565.  0.69707E-04
 11570.  0.69323E-04
 11575.  0.69070E-04
 11580.  0.69568E-04
 11585.  0.69539E-04
 11590.  0.69063E-04
 11595.  0.68759E-04
 11600.  0.68388E-04
 11605.  0.67540E-04
 11610.  0.67437E-04
 11615.  0.68292E-04
 11620.  0.69069E-04
 11625.  0.69375E-04
 11630.  0.68818E-04
 11635.  0.67929E-04
 11640.  0.68662E-04
 11645.  0.69669E-04
 11650.  0.69600E-04
 11655.  0.68992E-04
 11660.  0.69030E-04
 11665.  0.69200E-04
 11670.  0.69690E-04
 11675.  0.69988E-04
 11680.  0.69380E-04
 11685.  0.68354E-04
 11690.  0.67807E-04
 11695.  0.68390E-04
 11700.  0.69511E-04
 11705.  0.70009E-04
 11710.  0.69418E-04
 11715.  0.69269E-04
 11720.  0.69948E-04
 11725.  0.70073E-04
 11730.  0.69967E-04
 11735.  0.69882E-04
 11740.  0.70134E-04
 11745.  0.70546E-04
 11750.  0.70317E-04
 11755.  0.69814E-04
 11760.  0.69490E-04
 11765.  0.68523E-04
 11770.  0.67325E-04
 11775.  0.66761E-04
 11780.  0.66751E-04
 11785.  0.67411E-04
 11790.  0.68428E-04
 11795.  0.68720E-04
 11800.  0.68993E-04
 11805.  0.69599E-04
 11810.  0.69772E-04
 11815.  0.69626E-04
 11820.  0.69208E-04
 11825.  0.67943E-04
 11830.  0.67124E-04
 11835.  0.68029E-04
 11840.  0.69458E-04
 11845.  0.69669E-04
 11850.  0.69381E-04
 11855.  0.69570E-04
 11860.  0.69848E-04
 11865.  0.70550E-04
 11870.  0.70297E-04
 11875.  0.69285E-04
 11880.  0.67467E-04
 11885.  0.66457E-04
 11890.  0.66929E-04
 11895.  0.68396E-04
 11900.  0.69482E-04
 11905.  0.69684E-04
 11910.  0.69705E-04
 11915.  0.69881E-04
 11920.  0.69924E-04
 11925.  0.70191E-04
 11930.  0.70496E-04
 11935.  0.70502E-04
 11940.  0.70457E-04
 11945.  0.70079E-04
 11950.  0.69663E-04
 11955.  0.70005E-04
 11960.  0.71023E-04
 11965.  0.71391E-04
 11970.  0.70024E-04
 11975.  0.68891E-04
 11980.  0.69328E-04
 11985.  0.69277E-04
 11990.  0.69276E-04
 11995.  0.70049E-04
 12000.  0.70423E-04
 12005.  0.70570E-04
 12010.  0.71060E-04
 12015.  0.71217E-04
 12020.  0.71237E-04
 12025.  0.71166E-04
 12030.  0.70740E-04
 12035.  0.70501E-04
 12040.  0.70569E-04
 12045.  0.71027E-04
 12050.  0.72024E-04
 12055.  0.72762E-04
 12060.  0.72677E-04
 12065.  0.72475E-04
 12070.  0.72618E-04
 12075.  0.72460E-04
 12080.  0.71932E-04
 12085.  0.71863E-04
 12090.  0.72319E-04
 12095.  0.72466E-04
 12100.  0.72713E-04
 12105.  0.72539E-04
 12110.  0.72201E-04
 12115.  0.72051E-04
 12120.  0.72318E-04
 12125.  0.72628E-04
 12130.  0.72752E-04
 12135.  0.73169E-04
 12140.  0.73610E-04
 12145.  0.73956E-04
 12150.  0.74129E-04
 12155.  0.74262E-04
 12160.  0.74187E-04
 12165.  0.73945E-04
 12170.  0.73735E-04
 12175.  0.73854E-04
 12180.  0.73880E-04
 12185.  0.73759E-04
 12190.  0.73791E-04
 12195.  0.74051E-04
 12200.  0.74398E-04
 12205.  0.74500E-04
 12210.  0.74268E-04
 12215.  0.74049E-04
 12220.  0.73970E-04
 12225.  0.73895E-04
 12230.  0.74036E-04
 12235.  0.74128E-04
 12240.  0.74094E-04
 12245.  0.74479E-04
 12250.  0.74569E-04
 12255.  0.74306E-04
 12260.  0.74001E-04
 12265.  0.73453E-04
 12270.  0.73140E-04
 12275.  0.73612E-04
 12280.  0.74080E-04
 12285.  0.73961E-04
 12290.  0.73555E-04
 12295.  0.73431E-04
 12300.  0.73816E-04
 12305.  0.74073E-04
 12310.  0.74076E-04
 12315.  0.74025E-04
 12320.  0.73916E-04
 12325.  0.74082E-04
 12330.  0.74434E-04
 12335.  0.74253E-04
 12340.  0.73944E-04
 12345.  0.73974E-04
 12350.  0.74309E-04
 12355.  0.74518E-04
 12360.  0.74782E-04
 12365.  0.74598E-04
 12370.  0.74616E-04
 12375.  0.74675E-04
 12380.  0.74510E-04
 12385.  0.74310E-04
 12390.  0.73793E-04
 12395.  0.73643E-04
 12400.  0.74058E-04
 12405.  0.74439E-04
 12410.  0.74612E-04
 12415.  0.74275E-04
 12420.  0.73771E-04
 12425.  0.73296E-04
 12430.  0.72544E-04
 12435.  0.72375E-04
 12440.  0.73013E-04
 12445.  0.73790E-04
 12450.  0.74067E-04
 12455.  0.74010E-04
 12460.  0.74500E-04
 12465.  0.74508E-04
 12470.  0.74018E-04
 12475.  0.73925E-04
 12480.  0.73714E-04
 12485.  0.73752E-04
 12490.  0.74011E-04
 12495.  0.74045E-04
 12500.  0.73947E-04
 12505.  0.74067E-04
 12510.  0.73936E-04
 12515.  0.73461E-04
 12520.  0.72831E-04
 12525.  0.72896E-04
 12530.  0.73273E-04
 12535.  0.73516E-04
 12540.  0.73890E-04
 12545.  0.74195E-04
 12550.  0.73981E-04
 12555.  0.74412E-04
 12560.  0.74240E-04
 12565.  0.74215E-04
 12570.  0.74279E-04
 12575.  0.74317E-04
 12580.  0.74305E-04
 12585.  0.74301E-04
 12590.  0.74094E-04
 12595.  0.73749E-04
 12600.  0.73291E-04
 12605.  0.73762E-04
 12610.  0.74199E-04
 12615.  0.74602E-04
 12620.  0.74703E-04
 12625.  0.74521E-04
 12630.  0.73976E-04
 12635.  0.73317E-04
 12640.  0.73609E-04
 12645.  0.73773E-04
 12650.  0.73741E-04
 12655.  0.74185E-04
 12660.  0.74103E-04
 12665.  0.73904E-04
 12670.  0.73557E-04
 12675.  0.72852E-04
 12680.  0.72709E-04
 12685.  0.73868E-04
 12690.  0.74592E-04
 12695.  0.74659E-04
 12700.  0.74808E-04
 12705.  0.74873E-04
 12710.  0.74959E-04
 12715.  0.75144E-04
 12720.  0.75201E-04
 12725.  0.75043E-04
 12730.  0.74570E-04
 12735.  0.73946E-04
 12740.  0.73432E-04
 12745.  0.73389E-04
 12750.  0.74220E-04
 12755.  0.75028E-04
 12760.  0.75390E-04
 12765.  0.75695E-04
 12770.  0.75601E-04
 12775.  0.75642E-04
 12780.  0.75676E-04
 12785.  0.75882E-04
 12790.  0.75824E-04
 12795.  0.75601E-04
 12800.  0.75346E-04
 12805.  0.75224E-04
 12810.  0.75850E-04
 12815.  0.76247E-04
 12820.  0.74512E-04
 12825.  0.73673E-04
 12830.  0.73752E-04
 12835.  0.74053E-04
 12840.  0.73788E-04
 12845.  0.73862E-04
 12850.  0.74728E-04
 12855.  0.75018E-04
 12860.  0.75248E-04
 12865.  0.75391E-04
 12870.  0.75385E-04
 12875.  0.74583E-04
 12880.  0.73976E-04
 12885.  0.73871E-04
 12890.  0.73542E-04
 12895.  0.72198E-04
 12900.  0.71400E-04
 12905.  0.71844E-04
 12910.  0.72697E-04
 12915.  0.72970E-04
 12920.  0.72927E-04
 12925.  0.72871E-04
 12930.  0.72859E-04
 12935.  0.73144E-04
 12940.  0.73617E-04
 12945.  0.74044E-04
 12950.  0.74157E-04
 12955.  0.74598E-04
 12960.  0.74943E-04
 12965.  0.74937E-04
 12970.  0.74238E-04
 12975.  0.73494E-04
 12980.  0.73599E-04
 12985.  0.73841E-04
 12990.  0.74304E-04
 12995.  0.74239E-04
 13000.  0.73624E-04
 13005.  0.72447E-04
 13010.  0.71967E-04
 13015.  0.72510E-04
 13020.  0.73741E-04
 13025.  0.74411E-04
 13030.  0.74045E-04
 13035.  0.73406E-04
 13040.  0.73437E-04
 13045.  0.73993E-04
 13050.  0.74227E-04
 13055.  0.74509E-04
 13060.  0.74487E-04
 13065.  0.74467E-04
 13070.  0.74082E-04
 13075.  0.73522E-04
 13080.  0.73364E-04
 13085.  0.73483E-04
 13090.  0.73678E-04
 13095.  0.73410E-04
 13100.  0.73095E-04
 13105.  0.73214E-04
 13110.  0.73467E-04
 13115.  0.72725E-04
 13120.  0.71267E-04
 13125.  0.70816E-04
 13130.  0.71656E-04
 13135.  0.72563E-04
 13140.  0.72520E-04
 13145.  0.71492E-04
 13150.  0.70689E-04
 13155.  0.71186E-04
 13160.  0.72645E-04
 13165.  0.73382E-04
 13170.  0.73538E-04
 13175.  0.73252E-04
 13180.  0.72873E-04
 13185.  0.72772E-04
 13190.  0.72504E-04
 13195.  0.72346E-04
 13200.  0.72080E-04
 13205.  0.71297E-04
 13210.  0.71023E-04
 13215.  0.71137E-04
 13220.  0.71395E-04
 13225.  0.72161E-04
 13230.  0.72573E-04
 13235.  0.72321E-04
 13240.  0.71842E-04
 13245.  0.71111E-04
 13250.  0.70255E-04
 13255.  0.70294E-04
 13260.  0.70203E-04
 13265.  0.70307E-04
 13270.  0.70684E-04
 13275.  0.70210E-04
 13280.  0.68472E-04
 13285.  0.66735E-04
 13290.  0.65782E-04
 13295.  0.65457E-04
 13300.  0.65870E-04
 13305.  0.66373E-04
 13310.  0.64925E-04
 13315.  0.61393E-04
 13320.  0.59331E-04
 13325.  0.59929E-04
 13330.  0.61183E-04
 13335.  0.60956E-04
 13340.  0.58809E-04
 13345.  0.55577E-04
 13350.  0.53161E-04
 13355.  0.52884E-04
 13360.  0.52524E-04
 13365.  0.51237E-04
 13370.  0.50438E-04
 13375.  0.50593E-04
 13380.  0.51287E-04
 13385.  0.52260E-04
 13390.  0.53176E-04
 13395.  0.53670E-04
 13400.  0.54923E-04
 13405.  0.54888E-04
 13410.  0.53043E-04
 13415.  0.50996E-04
 13420.  0.49669E-04
 13425.  0.49043E-04
 13430.  0.49298E-04
 13435.  0.50353E-04
 13440.  0.51116E-04
 13445.  0.51168E-04
 13450.  0.50743E-04
 13455.  0.51004E-04
 13460.  0.50743E-04
 13465.  0.50273E-04
 13470.  0.51235E-04
 13475.  0.52186E-04
 13480.  0.52295E-04
 13485.  0.52193E-04
 13490.  0.51814E-04
 13495.  0.51494E-04
 13500.  0.51756E-04
 13505.  0.51151E-04
 13510.  0.50984E-04
 13515.  0.51154E-04
 13520.  0.49828E-04
 13525.  0.49806E-04
 13530.  0.49784E-04
 13535.  0.49631E-04
 13540.  0.49600E-04
 13545.  0.49570E-04
 13550.  0.49539E-04
 13555.  0.49508E-04
 13560.  0.49477E-04
 13565.  0.49447E-04
 13570.  0.49416E-04
 13575.  0.49385E-04
 13580.  0.49355E-04
 13585.  0.49324E-04
 13590.  0.49293E-04
 13595.  0.49262E-04
 13600.  0.49232E-04
 13605.  0.49201E-04
 13610.  0.49170E-04
 13615.  0.49139E-04
 13620.  0.49109E-04
 13625.  0.49078E-04
 13630.  0.49047E-04
 13635.  0.49016E-04
 13640.  0.48986E-04
 13645.  0.48955E-04
 13650.  0.48924E-04
 13655.  0.48893E-04
 13660.  0.48863E-04
 13665.  0.48832E-04
 13670.  0.48801E-04
 13675.  0.48770E-04
 13680.  0.48740E-04
 13685.  0.48709E-04
 13690.  0.48678E-04
 13695.  0.48647E-04
 13700.  0.48617E-04
 13705.  0.48586E-04
 13710.  0.48555E-04
 13715.  0.48524E-04
 13720.  0.48494E-04
 13725.  0.48463E-04
 13730.  0.48432E-04
 13735.  0.48401E-04
 13740.  0.48371E-04
 13745.  0.48340E-04
 13750.  0.48309E-04
 13755.  0.48278E-04
 13760.  0.48248E-04
 13765.  0.48217E-04
 13770.  0.48186E-04
 13775.  0.48156E-04
 13780.  0.48125E-04
 13785.  0.48094E-04
 13790.  0.48063E-04
 13795.  0.48033E-04
 13800.  0.48002E-04
 13805.  0.47971E-04
 13810.  0.47940E-04
 13815.  0.47910E-04
 13820.  0.47879E-04
 13825.  0.47848E-04
 13830.  0.47817E-04
 13835.  0.47787E-04
 13840.  0.47756E-04
 13845.  0.47725E-04
 13850.  0.47694E-04
 13855.  0.47664E-04
 13860.  0.47633E-04
 13865.  0.47602E-04
 13870.  0.47571E-04
 13875.  0.47541E-04
 13880.  0.47510E-04
 13885.  0.47479E-04
 13890.  0.47448E-04
 13895.  0.47418E-04
 13900.  0.47387E-04
 13905.  0.47356E-04
 13910.  0.47325E-04
 13915.  0.47295E-04
 13920.  0.47264E-04
 13925.  0.47233E-04
 13930.  0.47202E-04
 13935.  0.47172E-04
 13940.  0.47141E-04
 13945.  0.47110E-04
 13950.  0.47079E-04
 13955.  0.47049E-04
 13960.  0.47018E-04
 13965.  0.46987E-04
 13970.  0.46956E-04
 13975.  0.46926E-04
 13980.  0.46895E-04
 13985.  0.46864E-04
 13990.  0.46834E-04
 13995.  0.46803E-04
 14000.  0.46772E-04
 14005.  0.46741E-04
 14010.  0.46711E-04
 14015.  0.46680E-04
 14020.  0.46649E-04
 14025.  0.46618E-04
 14030.  0.46588E-04
 14035.  0.46557E-04
 14040.  0.46526E-04
 14045.  0.46495E-04
 14050.  0.46465E-04
 14055.  0.46434E-04
 14060.  0.46403E-04
 14065.  0.46372E-04
 14070.  0.46342E-04
 14075.  0.46311E-04
 14080.  0.46280E-04
 14085.  0.46249E-04
 14090.  0.46219E-04
 14095.  0.46188E-04
 14100.  0.46157E-04
 14105.  0.46126E-04
 14110.  0.46096E-04
 14115.  0.46065E-04
 14120.  0.46034E-04
 14125.  0.46003E-04
 14130.  0.45973E-04
 14135.  0.45942E-04
 14140.  0.45911E-04
 14145.  0.45880E-04
 14150.  0.45850E-04
 14155.  0.45819E-04
 14160.  0.45788E-04
 14165.  0.45757E-04
 14170.  0.45727E-04
 14175.  0.45696E-04
 14180.  0.45665E-04
 14185.  0.45635E-04
 14190.  0.45604E-04
 14195.  0.45573E-04
 14200.  0.45611E-04
 14205.  0.45178E-04
 14210.  0.45030E-04
 14215.  0.43867E-04
 14220.  0.42738E-04
 14225.  0.43225E-04
 14230.  0.45909E-04
 14235.  0.48146E-04
 14240.  0.46384E-04
 14245.  0.42636E-04
 14250.  0.41801E-04
 14255.  0.42448E-04
 14260.  0.41921E-04
 14265.  0.41500E-04
 14270.  0.42457E-04
 14275.  0.44374E-04
 14280.  0.45559E-04
 14285.  0.45681E-04
 14290.  0.44977E-04
 14295.  0.46127E-04
 14300.  0.47170E-04
 14305.  0.47258E-04
 14310.  0.47165E-04
 14315.  0.47226E-04
 14320.  0.46981E-04
 14325.  0.46581E-04
 14330.  0.43823E-04
 14335.  0.42328E-04
 14340.  0.44292E-04
 14345.  0.44088E-04
 14350.  0.42383E-04
 14355.  0.42038E-04
 14360.  0.42717E-04
 14365.  0.43155E-04
 14370.  0.44785E-04
 14375.  0.47738E-04
 14380.  0.49070E-04
 14385.  0.46981E-04
 14390.  0.45921E-04
 14395.  0.45826E-04
 14400.  0.44905E-04
 14405.  0.44643E-04
 14410.  0.45120E-04
 14415.  0.44983E-04
 14420.  0.45160E-04
 14425.  0.47127E-04
 14430.  0.46986E-04
 14435.  0.45426E-04
 14440.  0.43885E-04
 14445.  0.42661E-04
 14450.  0.44450E-04
 14455.  0.46228E-04
 14460.  0.45759E-04
 14465.  0.45236E-04
 14470.  0.47111E-04
 14475.  0.47233E-04
 14480.  0.46802E-04
 14485.  0.47296E-04
 14490.  0.47107E-04
 14495.  0.46580E-04
 14500.  0.49249E-04
 14505.  0.50893E-04
 14510.  0.50428E-04
 14515.  0.48680E-04
 14520.  0.49138E-04
 14525.  0.49115E-04
 14530.  0.47885E-04
 14535.  0.46463E-04
 14540.  0.46119E-04
 14545.  0.46618E-04
 14550.  0.47083E-04
 14555.  0.46283E-04
 14560.  0.44877E-04
 14565.  0.44670E-04
 14570.  0.46548E-04
 14575.  0.48853E-04
 14580.  0.50255E-04
 14585.  0.50673E-04
 14590.  0.50416E-04
 14595.  0.48678E-04
 14600.  0.45169E-04
 14605.  0.41892E-04
 14610.  0.41065E-04
 14615.  0.41362E-04
 14620.  0.41511E-04
 14625.  0.43503E-04
 14630.  0.47047E-04
 14635.  0.48809E-04
 14640.  0.47945E-04
 14645.  0.47089E-04
 14650.  0.47087E-04
 14655.  0.47489E-04
 14660.  0.47645E-04
 14665.  0.47765E-04
 14670.  0.46917E-04
 14675.  0.45317E-04
 14680.  0.43773E-04
 14685.  0.42904E-04
 14690.  0.42527E-04
 14695.  0.41901E-04
 14700.  0.42260E-04
 14705.  0.44224E-04
 14710.  0.45615E-04
 14715.  0.46803E-04
 14720.  0.49226E-04
 14725.  0.50408E-04
 14730.  0.49609E-04
 14735.  0.48217E-04
 14740.  0.46815E-04
 14745.  0.45822E-04
 14750.  0.45920E-04
 14755.  0.47036E-04
 14760.  0.47219E-04
 14765.  0.46177E-04
 14770.  0.45854E-04
 14775.  0.47404E-04
 14780.  0.48898E-04
 14785.  0.48900E-04
 14790.  0.47595E-04
 14795.  0.46022E-04
 14800.  0.46270E-04
 14805.  0.47610E-04
 14810.  0.48204E-04
 14815.  0.49786E-04
 14820.  0.49870E-04
 14825.  0.49373E-04
 14830.  0.49735E-04
 14835.  0.50705E-04
 14840.  0.51277E-04
 14845.  0.51057E-04
 14850.  0.50656E-04
 14855.  0.50042E-04
 14860.  0.49908E-04
 14865.  0.50651E-04
 14870.  0.49932E-04
 14875.  0.48241E-04
 14880.  0.47134E-04
 14885.  0.47651E-04
 14890.  0.49350E-04
 14895.  0.50068E-04
 14900.  0.49199E-04
 14905.  0.48628E-04
 14910.  0.49782E-04
 14915.  0.51214E-04
 14920.  0.51756E-04
 14925.  0.51613E-04
 14930.  0.51192E-04
 14935.  0.51137E-04
 14940.  0.51559E-04
 14945.  0.51838E-04
 14950.  0.51959E-04
 14955.  0.52238E-04
 14960.  0.52990E-04
 14965.  0.53308E-04
 14970.  0.53040E-04
 14975.  0.52655E-04
 14980.  0.52858E-04
 14985.  0.53297E-04
 14990.  0.53437E-04
 14995.  0.52652E-04
 15000.  0.51359E-04
 15005.  0.50754E-04
 15010.  0.50339E-04
 15015.  0.49023E-04
 15020.  0.47529E-04
 15025.  0.47552E-04
 15030.  0.48964E-04
 15035.  0.50435E-04
 15040.  0.50991E-04
 15045.  0.50811E-04
 15050.  0.50842E-04
 15055.  0.51298E-04
 15060.  0.52005E-04
 15065.  0.52604E-04
 15070.  0.52694E-04
 15075.  0.52410E-04
 15080.  0.52470E-04
 15085.  0.53453E-04
 15090.  0.54002E-04
 15095.  0.53770E-04
 15100.  0.53364E-04
 15105.  0.53305E-04
 15110.  0.53322E-04
 15115.  0.53170E-04
 15120.  0.52637E-04
 15125.  0.51571E-04
 15130.  0.50625E-04
 15135.  0.50957E-04
 15140.  0.52028E-04
 15145.  0.53192E-04
 15150.  0.54202E-04
 15155.  0.54722E-04
 15160.  0.54297E-04
 15165.  0.53545E-04
 15170.  0.53096E-04
 15175.  0.52882E-04
 15180.  0.52784E-04
 15185.  0.53129E-04
 15190.  0.53901E-04
 15195.  0.54857E-04
 15200.  0.55900E-04
 15205.  0.56487E-04
 15210.  0.56195E-04
 15215.  0.55444E-04
 15220.  0.55171E-04
 15225.  0.55802E-04
 15230.  0.56652E-04
 15235.  0.56858E-04
 15240.  0.56465E-04
 15245.  0.56057E-04
 15250.  0.55615E-04
 15255.  0.54768E-04
 15260.  0.53519E-04
 15265.  0.52698E-04
 15270.  0.52627E-04
 15275.  0.52382E-04
 15280.  0.52004E-04
 15285.  0.52638E-04
 15290.  0.54187E-04
 15295.  0.56084E-04
 15300.  0.57800E-04
 15305.  0.58918E-04
 15310.  0.58974E-04
 15315.  0.57915E-04
 15320.  0.56501E-04
 15325.  0.55572E-04
 15330.  0.55687E-04
 15335.  0.56862E-04
 15340.  0.58048E-04
 15345.  0.58569E-04
 15350.  0.58604E-04
 15355.  0.58578E-04
 15360.  0.58132E-04
 15365.  0.56736E-04
 15370.  0.54857E-04
 15375.  0.53789E-04
 15380.  0.53575E-04
 15385.  0.53985E-04
 15390.  0.54761E-04
 15395.  0.55023E-04
 15400.  0.54646E-04
 15405.  0.54358E-04
 15410.  0.54882E-04
 15415.  0.55021E-04
 15420.  0.53710E-04
 15425.  0.52582E-04
 15430.  0.53322E-04
 15435.  0.55964E-04
 15440.  0.59065E-04
 15445.  0.61205E-04
 15450.  0.61927E-04
 15455.  0.61489E-04
 15460.  0.60769E-04
 15465.  0.60501E-04
 15470.  0.60656E-04
 15475.  0.61173E-04
 15480.  0.61944E-04
 15485.  0.62139E-04
 15490.  0.61447E-04
 15495.  0.60269E-04
 15500.  0.58829E-04
 15505.  0.58241E-04
 15510.  0.59082E-04
 15515.  0.60650E-04
 15520.  0.62259E-04
 15525.  0.62879E-04
 15530.  0.61809E-04
 15535.  0.59873E-04
 15540.  0.59042E-04
 15545.  0.59673E-04
 15550.  0.60181E-04
 15555.  0.59330E-04
 15560.  0.58123E-04
 15565.  0.56990E-04
 15570.  0.55351E-04
 15575.  0.53290E-04
 15580.  0.52222E-04
 15585.  0.52904E-04
 15590.  0.54465E-04
 15595.  0.55969E-04
 15600.  0.57200E-04
 15605.  0.58273E-04
 15610.  0.59183E-04
 15615.  0.59612E-04
 15620.  0.59565E-04
 15625.  0.59591E-04
 15630.  0.59902E-04
 15635.  0.60343E-04
 15640.  0.60498E-04
 15645.  0.59703E-04
 15650.  0.58715E-04
 15655.  0.58884E-04
 15660.  0.60474E-04
 15665.  0.62393E-04
 15670.  0.63599E-04
 15675.  0.64008E-04
 15680.  0.63809E-04
 15685.  0.63449E-04
 15690.  0.63181E-04
 15695.  0.63161E-04
 15700.  0.63673E-04
 15705.  0.64276E-04
 15710.  0.63786E-04
 15715.  0.62055E-04
 15720.  0.60810E-04
 15725.  0.60683E-04
 15730.  0.61543E-04
 15735.  0.62942E-04
 15740.  0.64315E-04
 15745.  0.64944E-04
 15750.  0.64372E-04
 15755.  0.63050E-04
 15760.  0.61312E-04
 15765.  0.58248E-04
 15770.  0.55724E-04
 15775.  0.53856E-04
 15780.  0.53415E-04
 15785.  0.54616E-04
 15790.  0.56626E-04
 15795.  0.58605E-04
 15800.  0.60124E-04
 15805.  0.61088E-04
 15810.  0.61238E-04
 15815.  0.61091E-04
 15820.  0.60925E-04
 15825.  0.60730E-04
 15830.  0.60584E-04
 15835.  0.60741E-04
 15840.  0.61449E-04
 15845.  0.62681E-04
 15850.  0.64178E-04
 15855.  0.65411E-04
 15860.  0.66051E-04
 15865.  0.65955E-04
 15870.  0.65550E-04
 15875.  0.64698E-04
 15880.  0.62740E-04
 15885.  0.59711E-04
 15890.  0.57288E-04
 15895.  0.57050E-04
 15900.  0.58484E-04
 15905.  0.60053E-04
 15910.  0.61144E-04
 15915.  0.61991E-04
 15920.  0.62915E-04
 15925.  0.63839E-04
 15930.  0.64793E-04
 15935.  0.65766E-04
 15940.  0.66296E-04
 15945.  0.66510E-04
 15950.  0.66490E-04
 15955.  0.65780E-04
 15960.  0.64934E-04
 15965.  0.64357E-04
 15970.  0.62992E-04
 15975.  0.60413E-04
 15980.  0.58202E-04
 15985.  0.57982E-04
 15990.  0.59356E-04
 15995.  0.60535E-04
 16000.  0.61017E-04
 16005.  0.61427E-04
 16010.  0.62035E-04
 16015.  0.62657E-04
 16020.  0.63127E-04
 16025.  0.63758E-04
 16030.  0.64168E-04
 16035.  0.63856E-04
 16040.  0.63837E-04
 16045.  0.64124E-04
 16050.  0.64035E-04
 16055.  0.63298E-04
 16060.  0.62165E-04
 16065.  0.61144E-04
 16070.  0.61048E-04
 16075.  0.62450E-04
 16080.  0.64942E-04
 16085.  0.67264E-04
 16090.  0.68559E-04
 16095.  0.69238E-04
 16100.  0.68597E-04
 16105.  0.69524E-04
 16110.  0.69403E-04
 16115.  0.68248E-04
 16120.  0.66192E-04
 16125.  0.65318E-04
 16130.  0.65572E-04
 16135.  0.66691E-04
 16140.  0.67516E-04
 16145.  0.67643E-04
 16150.  0.67169E-04
 16155.  0.67080E-04
 16160.  0.67732E-04
 16165.  0.68942E-04
 16170.  0.69091E-04
 16175.  0.67355E-04
 16180.  0.63929E-04
 16185.  0.59456E-04
 16190.  0.56668E-04
 16195.  0.55704E-04
 16200.  0.55877E-04
 16205.  0.56749E-04
 16210.  0.57951E-04
 16215.  0.59717E-04
 16220.  0.60957E-04
 16225.  0.61798E-04
 16230.  0.62621E-04
 16235.  0.62800E-04
 16240.  0.62137E-04
 16245.  0.60750E-04
 16250.  0.59924E-04
 16255.  0.60200E-04
 16260.  0.61887E-04
 16265.  0.63847E-04
 16270.  0.65675E-04
 16275.  0.67014E-04
 16280.  0.67910E-04
 16285.  0.68322E-04
 16290.  0.68392E-04
 16295.  0.68446E-04
 16300.  0.68029E-04
 16305.  0.67214E-04
 16310.  0.66484E-04
 16315.  0.65989E-04
 16320.  0.65925E-04
 16325.  0.66328E-04
 16330.  0.66634E-04
 16335.  0.66760E-04
 16340.  0.66655E-04
 16345.  0.66185E-04
 16350.  0.65726E-04
 16355.  0.65510E-04
 16360.  0.65700E-04
 16365.  0.66215E-04
 16370.  0.66516E-04
 16375.  0.66667E-04
 16380.  0.66938E-04
 16385.  0.67111E-04
 16390.  0.65921E-04
 16395.  0.63859E-04
 16400.  0.61725E-04
 16405.  0.61608E-04
 16410.  0.62629E-04
 16415.  0.64049E-04
 16420.  0.64749E-04
 16425.  0.64876E-04
 16430.  0.64229E-04
 16435.  0.63303E-04
 16440.  0.62180E-04
 16445.  0.61243E-04
 16450.  0.61290E-04
 16455.  0.62577E-04
 16460.  0.64296E-04
 16465.  0.64937E-04
 16470.  0.65065E-04
 16475.  0.65202E-04
 16480.  0.66028E-04
 16485.  0.66943E-04
 16490.  0.67809E-04
 16495.  0.68531E-04
 16500.  0.69482E-04
 16505.  0.70298E-04
 16510.  0.69777E-04
 16515.  0.68036E-04
 16520.  0.65797E-04
 16525.  0.63928E-04
 16530.  0.62761E-04
 16535.  0.62472E-04
 16540.  0.63145E-04
 16545.  0.64536E-04
 16550.  0.66240E-04
 16555.  0.67894E-04
 16560.  0.68631E-04
 16565.  0.69144E-04
 16570.  0.69227E-04
 16575.  0.68357E-04
 16580.  0.67663E-04
 16585.  0.67525E-04
 16590.  0.67413E-04
 16595.  0.67079E-04
 16600.  0.66435E-04
 16605.  0.64454E-04
 16610.  0.61983E-04
 16615.  0.60145E-04
 16620.  0.59900E-04
 16625.  0.60959E-04
 16630.  0.62626E-04
 16635.  0.63792E-04
 16640.  0.64240E-04
 16645.  0.63869E-04
 16650.  0.62796E-04
 16655.  0.62144E-04
 16660.  0.62095E-04
 16665.  0.62762E-04
 16670.  0.63580E-04
 16675.  0.64463E-04
 16680.  0.65106E-04
 16685.  0.65550E-04
 16690.  0.65950E-04
 16695.  0.66427E-04
 16700.  0.66082E-04
 16705.  0.65342E-04
 16710.  0.64347E-04
 16715.  0.63492E-04
 16720.  0.63234E-04
 16725.  0.63716E-04
 16730.  0.64865E-04
 16735.  0.65314E-04
 16740.  0.64941E-04
 16745.  0.63783E-04
 16750.  0.63276E-04
 16755.  0.63831E-04
 16760.  0.65155E-04
 16765.  0.66804E-04
 16770.  0.68315E-04
 16775.  0.69401E-04
 16780.  0.70023E-04
 16785.  0.70146E-04
 16790.  0.69961E-04
 16795.  0.69814E-04
 16800.  0.69729E-04
 16805.  0.69453E-04
 16810.  0.69393E-04
 16815.  0.69353E-04
 16820.  0.69130E-04
 16825.  0.68207E-04
 16830.  0.66395E-04
 16835.  0.63708E-04
 16840.  0.62418E-04
 16845.  0.62712E-04
 16850.  0.64044E-04
 16855.  0.64331E-04
 16860.  0.63619E-04
 16865.  0.62464E-04
 16870.  0.62051E-04
 16875.  0.62039E-04
 16880.  0.61911E-04
 16885.  0.61592E-04
 16890.  0.61433E-04
 16895.  0.61201E-04
 16900.  0.60924E-04
 16905.  0.61370E-04
 16910.  0.62588E-04
 16915.  0.63844E-04
 16920.  0.64600E-04
 16925.  0.65076E-04
 16930.  0.65507E-04
 16935.  0.65926E-04
 16940.  0.66388E-04
 16945.  0.66491E-04
 16950.  0.65985E-04
 16955.  0.65113E-04
 16960.  0.64192E-04
 16965.  0.63954E-04
 16970.  0.64444E-04
 16975.  0.65216E-04
 16980.  0.65675E-04
 16985.  0.65845E-04
 16990.  0.65552E-04
 16995.  0.65219E-04
 17000.  0.64562E-04
 17005.  0.63973E-04
 17010.  0.64395E-04
 17015.  0.65025E-04
 17020.  0.65549E-04
 17025.  0.65961E-04
 17030.  0.66173E-04
 17035.  0.66011E-04
 17040.  0.65653E-04
 17045.  0.64824E-04
 17050.  0.63473E-04
 17055.  0.61520E-04
 17060.  0.59321E-04
 17065.  0.57332E-04
 17070.  0.56688E-04
 17075.  0.56815E-04
 17080.  0.57377E-04
 17085.  0.58225E-04
 17090.  0.58472E-04
 17095.  0.57711E-04
 17100.  0.56255E-04
 17105.  0.55332E-04
 17110.  0.55620E-04
 17115.  0.57028E-04
 17120.  0.58664E-04
 17125.  0.59895E-04
 17130.  0.60442E-04
 17135.  0.60837E-04
 17140.  0.61418E-04
 17145.  0.62068E-04
 17150.  0.61696E-04
 17155.  0.61183E-04
 17160.  0.60542E-04
 17165.  0.59863E-04
 17170.  0.59177E-04
 17175.  0.58554E-04
 17180.  0.58122E-04
 17185.  0.57889E-04
 17190.  0.57948E-04
 17195.  0.58203E-04
 17200.  0.58222E-04
 17205.  0.58358E-04
 17210.  0.59278E-04
 17215.  0.59532E-04
 17220.  0.58698E-04
 17225.  0.57235E-04
 17230.  0.56505E-04
 17235.  0.56465E-04
 17240.  0.56874E-04
 17245.  0.57801E-04
 17250.  0.58641E-04
 17255.  0.59055E-04
 17260.  0.58849E-04
 17265.  0.58670E-04
 17270.  0.58781E-04
 17275.  0.58456E-04
 17280.  0.57911E-04
 17285.  0.57249E-04
 17290.  0.56486E-04
 17295.  0.55697E-04
 17300.  0.55003E-04
 17305.  0.54242E-04
 17310.  0.53159E-04
 17315.  0.52613E-04
 17320.  0.53294E-04
 17325.  0.54343E-04
 17330.  0.55045E-04
 17335.  0.55210E-04
 17340.  0.55343E-04
 17345.  0.55654E-04
 17350.  0.55962E-04
 17355.  0.56279E-04
 17360.  0.56940E-04
 17365.  0.58122E-04
 17370.  0.59031E-04
 17375.  0.58919E-04
 17380.  0.58148E-04
 17385.  0.57565E-04
 17390.  0.56817E-04
 17395.  0.55626E-04
 17400.  0.54127E-04
 17405.  0.52950E-04
 17410.  0.52736E-04
 17415.  0.53365E-04
 17420.  0.53729E-04
 17425.  0.53773E-04
 17430.  0.54031E-04
 17435.  0.54397E-04
 17440.  0.54734E-04
 17445.  0.55085E-04
 17450.  0.55017E-04
 17455.  0.54513E-04
 17460.  0.53941E-04
 17465.  0.54109E-04
 17470.  0.54475E-04
 17475.  0.54406E-04
 17480.  0.54291E-04
 17485.  0.53979E-04
 17490.  0.50069E-04
 17495.  0.52957E-04
 17500.  0.51848E-04
 17505.  0.51299E-04
 17510.  0.51488E-04
 17515.  0.51712E-04
 17520.  0.51650E-04
 17525.  0.51429E-04
 17530.  0.50516E-04
 17535.  0.49320E-04
 17540.  0.48796E-04
 17545.  0.48808E-04
 17550.  0.48982E-04
 17555.  0.48987E-04
 17560.  0.48928E-04
 17565.  0.48972E-04
 17570.  0.49389E-04
 17575.  0.49384E-04
 17580.  0.49255E-04
 17585.  0.49307E-04
 17590.  0.49331E-04
 17595.  0.49175E-04
 17600.  0.48974E-04
 17605.  0.48893E-04
 17610.  0.48846E-04
 17615.  0.48380E-04
 17620.  0.48401E-04
 17625.  0.48998E-04
 17630.  0.49783E-04
 17635.  0.49905E-04
 17640.  0.49658E-04
 17645.  0.49742E-04
 17650.  0.50628E-04
 17655.  0.51525E-04
 17660.  0.51419E-04
 17665.  0.49788E-04
 17670.  0.48048E-04
 17675.  0.46584E-04
 17680.  0.46058E-04
 17685.  0.46305E-04
 17690.  0.47304E-04
 17695.  0.48257E-04
 17700.  0.48793E-04
 17705.  0.48720E-04
 17710.  0.48056E-04
 17715.  0.47363E-04
 17720.  0.46704E-04
 17725.  0.46704E-04
 17730.  0.47165E-04
 17735.  0.47526E-04
 17740.  0.47058E-04
 17745.  0.46153E-04
 17750.  0.45237E-04
 17755.  0.44523E-04
 17760.  0.44292E-04
 17765.  0.44116E-04
 17770.  0.43682E-04
 17775.  0.43132E-04
 17780.  0.43289E-04
 17785.  0.44963E-04
 17790.  0.45782E-04
 17795.  0.45980E-04
 17800.  0.45092E-04
 17805.  0.45224E-04
 17810.  0.44863E-04
 17815.  0.44524E-04
 17820.  0.43705E-04
 17825.  0.43302E-04
 17830.  0.43389E-04
 17835.  0.43280E-04
 17840.  0.42690E-04
 17845.  0.41612E-04
 17850.  0.41394E-04
 17855.  0.41277E-04
 17860.  0.41325E-04
 17865.  0.41765E-04
 17870.  0.42379E-04
 17875.  0.43349E-04
 17880.  0.44534E-04
 17885.  0.45560E-04
 17890.  0.45962E-04
 17895.  0.45245E-04
 17900.  0.44677E-04
 17905.  0.43755E-04
 17910.  0.43097E-04
 17915.  0.42637E-04
 17920.  0.42444E-04
 17925.  0.41926E-04
 17930.  0.41675E-04
 17935.  0.41690E-04
 17940.  0.42716E-04
 17945.  0.42737E-04
 17950.  0.42731E-04
 17955.  0.42764E-04
 17960.  0.43445E-04
 17965.  0.44123E-04
 17970.  0.44905E-04
 17975.  0.45368E-04
 17980.  0.45033E-04
 17985.  0.44008E-04
 17990.  0.42583E-04
 17995.  0.40864E-04
 18000.  0.38567E-04
 18005.  0.37159E-04
 18010.  0.36788E-04
 18015.  0.37562E-04
 18020.  0.38242E-04
 18025.  0.39194E-04
 18030.  0.40199E-04
 18035.  0.40877E-04
 18040.  0.40680E-04
 18045.  0.40194E-04
 18050.  0.39933E-04
 18055.  0.40444E-04
 18060.  0.40397E-04
 18065.  0.41289E-04
 18070.  0.41468E-04
 18075.  0.41506E-04
 18080.  0.41343E-04
 18085.  0.41980E-04
 18090.  0.42480E-04
 18095.  0.42470E-04
 18100.  0.42621E-04
 18105.  0.42031E-04
 18110.  0.41218E-04
 18115.  0.42014E-04
 18120.  0.41997E-04
 18125.  0.41980E-04
 18130.  0.41964E-04
 18135.  0.41947E-04
 18140.  0.41930E-04
 18145.  0.41914E-04
 18150.  0.41897E-04
 18155.  0.41880E-04
 18160.  0.41864E-04
 18165.  0.41847E-04
 18170.  0.41830E-04
 18175.  0.41814E-04
 18180.  0.41797E-04
 18185.  0.41780E-04
 18190.  0.41764E-04
 18195.  0.41747E-04
 18200.  0.41730E-04
 18205.  0.41714E-04
 18210.  0.41697E-04
 18215.  0.41680E-04
 18220.  0.41664E-04
 18225.  0.41647E-04
 18230.  0.41630E-04
 18235.  0.41614E-04
 18240.  0.41597E-04
 18245.  0.41580E-04
 18250.  0.41564E-04
 18255.  0.41547E-04
 18260.  0.41530E-04
 18265.  0.41514E-04
 18270.  0.41497E-04
 18275.  0.41480E-04
 18280.  0.41464E-04
 18285.  0.41447E-04
 18290.  0.41430E-04
 18295.  0.41414E-04
 18300.  0.41397E-04
 18305.  0.41380E-04
 18310.  0.41364E-04
 18315.  0.41347E-04
 18320.  0.41330E-04
 18325.  0.41314E-04
 18330.  0.41297E-04
 18335.  0.41280E-04
 18340.  0.41264E-04
 18345.  0.41247E-04
 18350.  0.41230E-04
 18355.  0.41214E-04
 18360.  0.41197E-04
 18365.  0.41180E-04
 18370.  0.41164E-04
 18375.  0.41147E-04
 18380.  0.41130E-04
 18385.  0.41114E-04
 18390.  0.41097E-04
 18395.  0.41080E-04
 18400.  0.41064E-04
 18405.  0.41047E-04
 18410.  0.41030E-04
 18415.  0.41014E-04
 18420.  0.40997E-04
 18425.  0.40980E-04
 18430.  0.40964E-04
 18435.  0.40947E-04
 18440.  0.40930E-04
 18445.  0.40914E-04
 18450.  0.40897E-04
 18455.  0.40880E-04
 18460.  0.40864E-04
 18465.  0.40847E-04
 18470.  0.40830E-04
 18475.  0.40814E-04
 18480.  0.40797E-04
 18485.  0.40780E-04
 18490.  0.40764E-04
 18495.  0.40747E-04
 18500.  0.40730E-04
 18505.  0.40714E-04
 18510.  0.40697E-04
 18515.  0.40680E-04
 18520.  0.40664E-04
 18525.  0.40647E-04
 18530.  0.40630E-04
 18535.  0.40614E-04
 18540.  0.40597E-04
 18545.  0.40580E-04
 18550.  0.40564E-04
 18555.  0.40547E-04
 18560.  0.40530E-04
 18565.  0.40514E-04
 18570.  0.40497E-04
 18575.  0.40480E-04
 18580.  0.40464E-04
 18585.  0.40447E-04
 18590.  0.40430E-04
 18595.  0.40414E-04
 18600.  0.40397E-04
 18605.  0.40380E-04
 18610.  0.40364E-04
 18615.  0.40347E-04
 18620.  0.40330E-04
 18625.  0.40314E-04
 18630.  0.40297E-04
 18635.  0.40280E-04
 18640.  0.40264E-04
 18645.  0.40247E-04
 18650.  0.40230E-04
 18655.  0.40214E-04
 18660.  0.40197E-04
 18665.  0.40180E-04
 18670.  0.40164E-04
 18675.  0.40147E-04
 18680.  0.40130E-04
 18685.  0.40114E-04
 18690.  0.40097E-04
 18695.  0.40080E-04
 18700.  0.40064E-04
 18705.  0.40047E-04
 18710.  0.40030E-04
 18715.  0.40014E-04
 18720.  0.39997E-04
 18725.  0.39980E-04
 18730.  0.39964E-04
 18735.  0.39947E-04
 18740.  0.39930E-04
 18745.  0.39914E-04
 18750.  0.39897E-04
 18755.  0.39880E-04
 18760.  0.39864E-04
 18765.  0.39847E-04
 18770.  0.39830E-04
 18775.  0.39814E-04
 18780.  0.39797E-04
 18785.  0.39780E-04
 18790.  0.39764E-04
 18795.  0.39747E-04
 18800.  0.39730E-04
 18805.  0.39714E-04
 18810.  0.39697E-04
 18815.  0.39680E-04
 18820.  0.39664E-04
 18825.  0.39647E-04
 18830.  0.39630E-04
 18835.  0.39614E-04
 18840.  0.39597E-04
 18845.  0.39580E-04
 18850.  0.39564E-04
 18855.  0.39547E-04
 18860.  0.39530E-04
 18865.  0.39514E-04
 18870.  0.39497E-04
 18875.  0.39480E-04
 18880.  0.39464E-04
 18885.  0.39447E-04
 18890.  0.39430E-04
 18895.  0.39414E-04
 18900.  0.39397E-04
 18905.  0.39380E-04
 18910.  0.39364E-04
 18915.  0.39347E-04
 18920.  0.39330E-04
 18925.  0.39314E-04
 18930.  0.39297E-04
 18935.  0.39280E-04
 18940.  0.39264E-04
 18945.  0.39247E-04
 18950.  0.39230E-04
 18955.  0.39214E-04
 18960.  0.39197E-04
 18965.  0.39180E-04
 18970.  0.39164E-04
 18975.  0.39147E-04
 18980.  0.39130E-04
 18985.  0.39114E-04
 18990.  0.39097E-04
 18995.  0.39080E-04
 19000.  0.39064E-04
 19005.  0.39047E-04
 19010.  0.39030E-04
 19015.  0.39014E-04
 19020.  0.38997E-04
 19025.  0.38980E-04
 19030.  0.38964E-04
 19035.  0.38947E-04
 19040.  0.38930E-04
 19045.  0.38914E-04
 19050.  0.38897E-04
 19055.  0.38880E-04
 19060.  0.38864E-04
 19065.  0.38847E-04
 19070.  0.38830E-04
 19075.  0.38814E-04
 19080.  0.38797E-04
 19085.  0.38780E-04
 19090.  0.38764E-04
 19095.  0.38747E-04
 19100.  0.38730E-04
 19105.  0.38714E-04
 19110.  0.38697E-04
 19115.  0.38680E-04
 19120.  0.38664E-04
 19125.  0.38647E-04
 19130.  0.38630E-04
 19135.  0.38614E-04
 19140.  0.38597E-04
 19145.  0.38580E-04
 19150.  0.38564E-04
 19155.  0.38547E-04
 19160.  0.38530E-04
 19165.  0.38514E-04
 19170.  0.38497E-04
 19175.  0.38480E-04
 19180.  0.38464E-04
 19185.  0.38447E-04
 19190.  0.38430E-04
 19195.  0.38414E-04
 19200.  0.38397E-04
 19205.  0.38380E-04
 19210.  0.38364E-04
 19215.  0.38347E-04
 19220.  0.38330E-04
 19225.  0.38314E-04
 19230.  0.38297E-04
 19235.  0.38280E-04
 19240.  0.38264E-04
 19245.  0.38247E-04
 19250.  0.38230E-04
 19255.  0.38214E-04
 19260.  0.38197E-04
 19265.  0.38180E-04
 19270.  0.38164E-04
 19275.  0.38147E-04
 19280.  0.38130E-04
 19285.  0.38114E-04
 19290.  0.38097E-04
 19295.  0.38080E-04
 19300.  0.38064E-04
 19305.  0.38047E-04
 19310.  0.38030E-04
 19315.  0.38014E-04
 19320.  0.37997E-04
 19325.  0.37980E-04
 19330.  0.37964E-04
 19335.  0.37947E-04
 19340.  0.37930E-04
 19345.  0.37914E-04
 19350.  0.37685E-04
 19355.  0.37911E-04
 19360.  0.38735E-04
 19365.  0.39308E-04
 19370.  0.39314E-04
 19375.  0.38240E-04
 19380.  0.36657E-04
 19385.  0.35275E-04
 19390.  0.34652E-04
 19395.  0.33954E-04
 19400.  0.33187E-04
 19405.  0.35979E-04
 19410.  0.38110E-04
 19415.  0.38399E-04
 19420.  0.37719E-04
 19425.  0.37452E-04
 19430.  0.37944E-04
 19435.  0.38314E-04
 19440.  0.38467E-04
 19445.  0.38299E-04
 19450.  0.38270E-04
 19455.  0.37673E-04
 19460.  0.36777E-04
 19465.  0.35599E-04
 19470.  0.35066E-04
 19475.  0.34834E-04
 19480.  0.35186E-04
 19485.  0.35474E-04
 19490.  0.35604E-04
 19495.  0.35305E-04
 19500.  0.35070E-04
 19505.  0.34890E-04
 19510.  0.35051E-04
 19515.  0.34977E-04
 19520.  0.34985E-04
 19525.  0.35265E-04
 19530.  0.35482E-04
 19535.  0.35389E-04
 19540.  0.34543E-04
 19545.  0.33490E-04
 19550.  0.32813E-04
 19555.  0.32861E-04
 19560.  0.33410E-04
 19565.  0.33828E-04
 19570.  0.33902E-04
 19575.  0.34070E-04
 19580.  0.34632E-04
 19585.  0.34947E-04
 19590.  0.34440E-04
 19595.  0.33716E-04
 19600.  0.33007E-04
 19605.  0.32662E-04
 19610.  0.32513E-04
 19615.  0.32608E-04
 19620.  0.32363E-04
 19625.  0.32241E-04
 19630.  0.32203E-04
 19635.  0.32748E-04
 19640.  0.33024E-04
 19645.  0.33389E-04
 19650.  0.33930E-04
 19655.  0.34637E-04
 19660.  0.34961E-04
 19665.  0.34559E-04
 19670.  0.34057E-04
 19675.  0.33857E-04
 19680.  0.34287E-04
 19685.  0.34691E-04
 19690.  0.35073E-04
 19695.  0.35052E-04
 19700.  0.34557E-04
 19705.  0.33993E-04
 19710.  0.33997E-04
 19715.  0.34018E-04
 19720.  0.33735E-04
 19725.  0.33131E-04
 19730.  0.32872E-04
 19735.  0.32712E-04
 19740.  0.32500E-04
 19745.  0.31917E-04
 19750.  0.31712E-04
 19755.  0.31892E-04
 19760.  0.32058E-04
 19765.  0.31899E-04
 19770.  0.31674E-04
 19775.  0.31984E-04
 19780.  0.32494E-04
 19785.  0.33025E-04
 19790.  0.33489E-04
 19795.  0.33820E-04
 19800.  0.33702E-04
 19805.  0.33261E-04
 19810.  0.32449E-04
 19815.  0.32042E-04
 19820.  0.32309E-04
 19825.  0.33077E-04
 19830.  0.33592E-04
 19835.  0.33678E-04
 19840.  0.33470E-04
 19845.  0.33116E-04
 19850.  0.32622E-04
 19855.  0.32225E-04
 19860.  0.32363E-04
 19865.  0.32950E-04
 19870.  0.33707E-04
 19875.  0.33721E-04
 19880.  0.33126E-04
 19885.  0.32177E-04
 19890.  0.31491E-04
 19895.  0.31149E-04
 19900.  0.31179E-04
 19905.  0.30995E-04
 19910.  0.30938E-04
 19915.  0.30894E-04
 19920.  0.31200E-04
 19925.  0.31654E-04
 19930.  0.32124E-04
 19935.  0.32483E-04
 19940.  0.32529E-04
 19945.  0.32436E-04
 19950.  0.32367E-04
 19955.  0.32373E-04
 19960.  0.32166E-04
 19965.  0.31827E-04
 19970.  0.31422E-04
 19975.  0.31430E-04
 19980.  0.31673E-04
 19985.  0.31811E-04
 19990.  0.31444E-04
 19995.  0.30876E-04
 20000.  0.30434E-04
 20005.  0.30309E-04
 20010.  0.30296E-04
 20015.  0.30731E-04
 20020.  0.31226E-04
 20025.  0.31694E-04
 20030.  0.32015E-04
 20035.  0.32389E-04
 20040.  0.32652E-04
 20045.  0.32743E-04
 20050.  0.32638E-04
 20055.  0.32437E-04
 20060.  0.32422E-04
 20065.  0.32648E-04
 20070.  0.32786E-04
 20075.  0.32493E-04
 20080.  0.31777E-04
 20085.  0.31103E-04
 20090.  0.30758E-04
 20095.  0.30882E-04
 20100.  0.31034E-04
 20105.  0.31238E-04
 20110.  0.31495E-04
 20115.  0.31761E-04
 20120.  0.31798E-04
 20125.  0.31943E-04
 20130.  0.32381E-04
 20135.  0.33070E-04
 20140.  0.33504E-04
 20145.  0.33427E-04
 20150.  0.32891E-04
 20155.  0.32370E-04
 20160.  0.32224E-04
 20165.  0.32526E-04
 20170.  0.32852E-04
 20175.  0.32886E-04
 20180.  0.32338E-04
 20185.  0.31720E-04
 20190.  0.31312E-04
 20195.  0.31289E-04
 20200.  0.31649E-04
 20205.  0.32367E-04
 20210.  0.33047E-04
 20215.  0.33546E-04
 20220.  0.33755E-04
 20225.  0.33950E-04
 20230.  0.34059E-04
 20235.  0.34166E-04
 20240.  0.33989E-04
 20245.  0.33738E-04
 20250.  0.33243E-04
 20255.  0.32758E-04
 20260.  0.32486E-04
 20265.  0.32368E-04
 20270.  0.32299E-04
 20275.  0.32227E-04
 20280.  0.32064E-04
 20285.  0.31916E-04
 20290.  0.31865E-04
 20295.  0.32112E-04
 20300.  0.32589E-04
 20305.  0.33273E-04
 20310.  0.33906E-04
 20315.  0.34387E-04
 20320.  0.34486E-04
 20325.  0.34516E-04
 20330.  0.34476E-04
 20335.  0.34316E-04
 20340.  0.33850E-04
 20345.  0.33284E-04
 20350.  0.32896E-04
 20355.  0.32981E-04
 20360.  0.33356E-04
 20365.  0.33776E-04
 20370.  0.33975E-04
 20375.  0.34051E-04
 20380.  0.33992E-04
 20385.  0.33683E-04
 20390.  0.33342E-04
 20395.  0.33131E-04
 20400.  0.32985E-04
 20405.  0.33080E-04
 20410.  0.33464E-04
 20415.  0.33983E-04
 20420.  0.34378E-04
 20425.  0.34436E-04
 20430.  0.34020E-04
 20435.  0.33376E-04
 20440.  0.32827E-04
 20445.  0.32545E-04
 20450.  0.32622E-04
 20455.  0.32933E-04
 20460.  0.33355E-04
 20465.  0.33843E-04
 20470.  0.34235E-04
 20475.  0.34403E-04
 20480.  0.34136E-04
 20485.  0.33620E-04
 20490.  0.33180E-04
 20495.  0.33154E-04
 20500.  0.33462E-04
 20505.  0.33806E-04
 20510.  0.34069E-04
 20515.  0.34019E-04
 20520.  0.33838E-04
 20525.  0.33481E-04
 20530.  0.33192E-04
 20535.  0.32797E-04
 20540.  0.32524E-04
 20545.  0.32383E-04
 20550.  0.32455E-04
 20555.  0.32594E-04
 20560.  0.32968E-04
 20565.  0.33507E-04
 20570.  0.34074E-04
 20575.  0.34507E-04
 20580.  0.34742E-04
 20585.  0.34923E-04
 20590.  0.34954E-04
 20595.  0.34883E-04
 20600.  0.34611E-04
 20605.  0.34425E-04
 20610.  0.34266E-04
 20615.  0.34054E-04
 20620.  0.33691E-04
 20625.  0.33153E-04
 20630.  0.32638E-04
 20635.  0.32423E-04
 20640.  0.32604E-04
 20645.  0.33071E-04
 20650.  0.33620E-04
 20655.  0.34161E-04
 20660.  0.34586E-04
 20665.  0.34836E-04
 20670.  0.34857E-04
 20675.  0.34699E-04
 20680.  0.34469E-04
 20685.  0.34334E-04
 20690.  0.34351E-04
 20695.  0.34387E-04
 20700.  0.34439E-04
 20705.  0.34281E-04
 20710.  0.34155E-04
 20715.  0.34030E-04
 20720.  0.34002E-04
 20725.  0.33870E-04
 20730.  0.33720E-04
 20735.  0.33628E-04
 20740.  0.33765E-04
 20745.  0.34078E-04
 20750.  0.34423E-04
 20755.  0.34622E-04
 20760.  0.34780E-04
 20765.  0.34925E-04
 20770.  0.35119E-04
 20775.  0.35189E-04
 20780.  0.35105E-04
 20785.  0.34890E-04
 20790.  0.34719E-04
 20795.  0.34607E-04
 20800.  0.34540E-04
 20805.  0.34496E-04
 20810.  0.34487E-04
 20815.  0.34561E-04
 20820.  0.34674E-04
 20825.  0.34760E-04
 20830.  0.34714E-04
 20835.  0.34584E-04
 20840.  0.34528E-04
 20845.  0.34579E-04
 20850.  0.34677E-04
 20855.  0.34763E-04
 20860.  0.34827E-04
 20865.  0.34885E-04
 20870.  0.34910E-04
 20875.  0.34940E-04
 20880.  0.34869E-04
 20885.  0.34867E-04
 20890.  0.34879E-04
 20895.  0.34979E-04
 20900.  0.35226E-04
 20905.  0.35558E-04
 20910.  0.35944E-04
 20915.  0.36071E-04
 20920.  0.35977E-04
 20925.  0.35745E-04
 20930.  0.35454E-04
 20935.  0.35164E-04
 20940.  0.35018E-04
 20945.  0.34927E-04
 20950.  0.34853E-04
 20955.  0.34682E-04
 20960.  0.34691E-04
 20965.  0.34789E-04
 20970.  0.35001E-04
 20975.  0.35198E-04
 20980.  0.35357E-04
 20985.  0.35437E-04
 20990.  0.35508E-04
 20995.  0.35567E-04
 21000.  0.35563E-04
 21005.  0.35484E-04
 21010.  0.35396E-04
 21015.  0.35373E-04
 21020.  0.35541E-04
 21025.  0.35726E-04
 21030.  0.35883E-04
 21035.  0.35701E-04
 21040.  0.35537E-04
 21045.  0.35407E-04
 21050.  0.35414E-04
 21055.  0.35427E-04
 21060.  0.35440E-04
 21065.  0.35401E-04
 21070.  0.35254E-04
 21075.  0.35001E-04
 21080.  0.34805E-04
 21085.  0.34771E-04
 21090.  0.34929E-04
 21095.  0.35129E-04
 21100.  0.35396E-04
 21105.  0.35586E-04
 21110.  0.35701E-04
 21115.  0.35819E-04
 21120.  0.35944E-04
 21125.  0.36036E-04
 21130.  0.36024E-04
 21135.  0.35992E-04
 21140.  0.35968E-04
 21145.  0.35892E-04
 21150.  0.35699E-04
 21155.  0.35397E-04
 21160.  0.35099E-04
 21165.  0.34902E-04
 21170.  0.34884E-04
 21175.  0.35079E-04
 21180.  0.35284E-04
 21185.  0.35382E-04
 21190.  0.35288E-04
 21195.  0.35193E-04
 21200.  0.35166E-04
 21205.  0.35322E-04
 21210.  0.35567E-04
 21215.  0.35851E-04
 21220.  0.36064E-04
 21225.  0.36172E-04
 21230.  0.36177E-04
 21235.  0.36106E-04
 21240.  0.36140E-04
 21245.  0.36218E-04
 21250.  0.36288E-04
 21255.  0.36286E-04
 21260.  0.36198E-04
 21265.  0.35977E-04
 21270.  0.35711E-04
 21275.  0.35504E-04
 21280.  0.35452E-04
 21285.  0.35522E-04
 21290.  0.35693E-04
 21295.  0.35931E-04
 21300.  0.36121E-04
 21305.  0.36287E-04
 21310.  0.36319E-04
 21315.  0.36247E-04
 21320.  0.36167E-04
 21325.  0.36151E-04
 21330.  0.36139E-04
 21335.  0.36072E-04
 21340.  0.35946E-04
 21345.  0.35955E-04
 21350.  0.36028E-04
 21355.  0.36039E-04
 21360.  0.36122E-04
 21365.  0.36245E-04
 21370.  0.36447E-04
 21375.  0.36515E-04
 21380.  0.36404E-04
 21385.  0.36127E-04
 21390.  0.35945E-04
 21395.  0.35832E-04
 21400.  0.35721E-04
 21405.  0.35591E-04
 21410.  0.35460E-04
 21415.  0.35417E-04
 21420.  0.35467E-04
 21425.  0.35582E-04
 21430.  0.35769E-04
 21435.  0.36019E-04
 21440.  0.36142E-04
 21445.  0.36181E-04
 21450.  0.36120E-04
 21455.  0.36175E-04
 21460.  0.36273E-04
 21465.  0.36405E-04
 21470.  0.36335E-04
 21475.  0.36086E-04
 21480.  0.35705E-04
 21485.  0.35451E-04
 21490.  0.35334E-04
 21495.  0.35403E-04
 21500.  0.35522E-04
 21505.  0.35656E-04
 21510.  0.35736E-04
 21515.  0.35640E-04
 21520.  0.35514E-04
 21525.  0.35439E-04
 21530.  0.35457E-04
 21535.  0.35515E-04
 21540.  0.35548E-04
 21545.  0.35625E-04
 21550.  0.35611E-04
 21555.  0.35494E-04
 21560.  0.35452E-04
 21565.  0.35595E-04
 21570.  0.35850E-04
 21575.  0.36000E-04
 21580.  0.36002E-04
 21585.  0.35877E-04
 21590.  0.35864E-04
 21595.  0.35900E-04
 21600.  0.36006E-04
 21605.  0.36140E-04
 21610.  0.36171E-04
 21615.  0.35970E-04
 21620.  0.35552E-04
 21625.  0.35252E-04
 21630.  0.35353E-04
 21635.  0.35700E-04
 21640.  0.35978E-04
 21645.  0.36120E-04
 21650.  0.36167E-04
 21655.  0.36168E-04
 21660.  0.36082E-04
 21665.  0.35906E-04
 21670.  0.35766E-04
 21675.  0.35708E-04
 21680.  0.35693E-04
 21685.  0.35776E-04
 21690.  0.35919E-04
 21695.  0.36046E-04
 21700.  0.36097E-04
 21705.  0.36037E-04
 21710.  0.35909E-04
 21715.  0.35706E-04
 21720.  0.35431E-04
 21725.  0.35162E-04
 21730.  0.34975E-04
 21735.  0.34949E-04
 21740.  0.35046E-04
 21745.  0.35169E-04
 21750.  0.35150E-04
 21755.  0.34973E-04
 21760.  0.34834E-04
 21765.  0.34680E-04
 21770.  0.34464E-04
 21775.  0.34157E-04
 21780.  0.33924E-04
 21785.  0.33942E-04
 21790.  0.34239E-04
 21795.  0.34624E-04
 21800.  0.34877E-04
 21805.  0.34893E-04
 21810.  0.34717E-04
 21815.  0.34514E-04
 21820.  0.34385E-04
 21825.  0.34413E-04
 21830.  0.34489E-04
 21835.  0.34498E-04
 21840.  0.34388E-04
 21845.  0.34358E-04
 21850.  0.34333E-04
 21855.  0.34348E-04
 21860.  0.34299E-04
 21865.  0.34273E-04
 21870.  0.34148E-04
 21875.  0.34027E-04
 21880.  0.34048E-04
 21885.  0.34151E-04
 21890.  0.34182E-04
 21895.  0.34214E-04
 21900.  0.34345E-04
 21905.  0.34691E-04
 21910.  0.35019E-04
 21915.  0.35169E-04
 21920.  0.35186E-04
 21925.  0.35055E-04
 21930.  0.34861E-04
 21935.  0.34556E-04
 21940.  0.34375E-04
 21945.  0.34349E-04
 21950.  0.34666E-04
 21955.  0.34859E-04
 21960.  0.34888E-04
 21965.  0.34793E-04
 21970.  0.34660E-04
 21975.  0.34557E-04
 21980.  0.34495E-04
 21985.  0.34445E-04
 21990.  0.34352E-04
 21995.  0.34188E-04
 22000.  0.34017E-04
 22005.  0.33832E-04
 22010.  0.33644E-04
 22015.  0.33447E-04
 22020.  0.33316E-04
 22025.  0.33319E-04
 22030.  0.33506E-04
 22035.  0.33657E-04
 22040.  0.33572E-04
 22045.  0.33206E-04
 22050.  0.32763E-04
 22055.  0.32410E-04
 22060.  0.32350E-04
 22065.  0.32515E-04
 22070.  0.32815E-04
 22075.  0.33048E-04
 22080.  0.33155E-04
 22085.  0.33231E-04
 22090.  0.33350E-04
 22095.  0.33541E-04
 22100.  0.33714E-04
 22105.  0.33948E-04
 22110.  0.34194E-04
 22115.  0.34464E-04
 22120.  0.34533E-04
 22125.  0.34453E-04
 22130.  0.34281E-04
 22135.  0.34166E-04
 22140.  0.34119E-04
 22145.  0.34105E-04
 22150.  0.34039E-04
 22155.  0.33995E-04
 22160.  0.34091E-04
 22165.  0.34199E-04
 22170.  0.34246E-04
 22175.  0.34174E-04
 22180.  0.34023E-04
 22185.  0.33846E-04
 22190.  0.33640E-04
 22195.  0.33400E-04
 22200.  0.33050E-04
 22205.  0.32798E-04
 22210.  0.32713E-04
 22215.  0.32832E-04
 22220.  0.33035E-04
 22225.  0.33212E-04
 22230.  0.33326E-04
 22235.  0.33442E-04
 22240.  0.33597E-04
 22245.  0.33664E-04
 22250.  0.33492E-04
 22255.  0.33083E-04
 22260.  0.32581E-04
 22265.  0.32226E-04
 22270.  0.32110E-04
 22275.  0.32182E-04
 22280.  0.32325E-04
 22285.  0.32428E-04
 22290.  0.32516E-04
 22295.  0.32615E-04
 22300.  0.32804E-04
 22305.  0.32984E-04
 22310.  0.33144E-04
 22315.  0.33267E-04
 22320.  0.33458E-04
 22325.  0.33617E-04
 22330.  0.33653E-04
 22335.  0.33542E-04
 22340.  0.33298E-04
 22345.  0.33018E-04
 22350.  0.32746E-04
 22355.  0.32620E-04
 22360.  0.32588E-04
 22365.  0.32570E-04
 22370.  0.32468E-04
 22375.  0.32351E-04
 22380.  0.32198E-04
 22385.  0.32154E-04
 22390.  0.32241E-04
 22395.  0.32360E-04
 22400.  0.32523E-04
 22405.  0.32657E-04
 22410.  0.32692E-04
 22415.  0.32663E-04
 22420.  0.32219E-04
 22425.  0.31935E-04
 22430.  0.31891E-04
 22435.  0.32040E-04
 22440.  0.32139E-04
 22445.  0.32170E-04
 22450.  0.32171E-04
 22455.  0.32218E-04
 22460.  0.32287E-04
 22465.  0.32368E-04
 22470.  0.32392E-04
 22475.  0.32402E-04
 22480.  0.32300E-04
 22485.  0.32158E-04
 22490.  0.32043E-04
 22495.  0.32046E-04
 22500.  0.32134E-04
 22505.  0.32230E-04
 22510.  0.32223E-04
 22515.  0.32147E-04
 22520.  0.32132E-04
 22525.  0.32151E-04
 22530.  0.32140E-04
 22535.  0.32081E-04
 22540.  0.32031E-04
 22545.  0.32007E-04
 22550.  0.32064E-04
 22555.  0.32126E-04
 22560.  0.32105E-04
 22565.  0.32053E-04
 22570.  0.32046E-04
 22575.  0.32139E-04
 22580.  0.32247E-04
 22585.  0.32307E-04
 22590.  0.32285E-04
 22595.  0.32187E-04
 22600.  0.32043E-04
 22605.  0.31818E-04
 22610.  0.31577E-04
 22615.  0.31238E-04
 22620.  0.30845E-04
 22625.  0.30467E-04
 22630.  0.30280E-04
 22635.  0.30312E-04
 22640.  0.30352E-04
 22645.  0.30334E-04
 22650.  0.30260E-04
 22655.  0.30276E-04
 22660.  0.30422E-04
 22665.  0.30687E-04
 22670.  0.31058E-04
 22675.  0.31342E-04
 22680.  0.31475E-04
 22685.  0.31492E-04
 22690.  0.31488E-04
 22695.  0.31448E-04
 22700.  0.31368E-04
 22705.  0.31312E-04
 22710.  0.31285E-04
 22715.  0.31218E-04
 22720.  0.31248E-04
 22725.  0.31326E-04
 22730.  0.31360E-04
 22735.  0.31340E-04
 22740.  0.31281E-04
 22745.  0.31210E-04
 22750.  0.31209E-04
 22755.  0.31310E-04
 22760.  0.31478E-04
 22765.  0.31569E-04
 22770.  0.31541E-04
 22775.  0.31379E-04
 22780.  0.31296E-04
 22785.  0.31244E-04
 22790.  0.31143E-04
 22795.  0.30840E-04
 22800.  0.30595E-04
 22805.  0.30492E-04
 22810.  0.30425E-04
 22815.  0.30377E-04
 22820.  0.30325E-04
 22825.  0.30279E-04
 22830.  0.30314E-04
 22835.  0.30492E-04
 22840.  0.30630E-04
 22845.  0.30681E-04
 22850.  0.30642E-04
 22855.  0.30621E-04
 22860.  0.30640E-04
 22865.  0.30686E-04
 22870.  0.30715E-04
 22875.  0.30684E-04
 22880.  0.30561E-04
 22885.  0.30482E-04
 22890.  0.30516E-04
 22895.  0.30665E-04
 22900.  0.30737E-04
 22905.  0.30624E-04
 22910.  0.30307E-04
 22915.  0.29570E-04
 22920.  0.28293E-04
 22925.  0.26545E-04
 22930.  0.24661E-04
 22935.  0.23238E-04
 22940.  0.22434E-04
 22945.  0.22286E-04
 22950.  0.22431E-04
 22955.  0.22735E-04
 22960.  0.23065E-04
 22965.  0.23426E-04
 22970.  0.23801E-04
 22975.  0.24206E-04
 22980.  0.24620E-04
 22985.  0.25065E-04
 22990.  0.25547E-04
 22995.  0.25942E-04
 23000.  0.26234E-04
 23005.  0.26454E-04
 23010.  0.26642E-04
 23015.  0.26754E-04
 23020.  0.26755E-04
 23025.  0.26687E-04
 23030.  0.26615E-04
 23035.  0.26545E-04
 23040.  0.26448E-04
 23045.  0.26358E-04
 23050.  0.26294E-04
 23055.  0.26251E-04
 23060.  0.26212E-04
 23065.  0.26196E-04
 23070.  0.26262E-04
 23075.  0.26386E-04
 23080.  0.26503E-04
 23085.  0.26513E-04
 23090.  0.26459E-04
 23095.  0.26414E-04
 23100.  0.26422E-04
 23105.  0.26409E-04
 23110.  0.26398E-04
 23115.  0.26405E-04
 23120.  0.26401E-04
 23125.  0.26356E-04
 23130.  0.26269E-04
 23135.  0.26229E-04
 23140.  0.26225E-04
 23145.  0.26294E-04
 23150.  0.26215E-04
 23155.  0.26003E-04
 23160.  0.25671E-04
 23165.  0.25571E-04
 23170.  0.25632E-04
 23175.  0.25893E-04
 23180.  0.26161E-04
 23185.  0.26373E-04
 23190.  0.26488E-04
 23195.  0.26548E-04
 23200.  0.26365E-04
 23205.  0.25848E-04
 23210.  0.24665E-04
 23215.  0.23096E-04
 23220.  0.21514E-04
 23225.  0.20525E-04
 23230.  0.20191E-04
 23235.  0.20335E-04
 23240.  0.20680E-04
 23245.  0.21151E-04
 23250.  0.21668E-04
 23255.  0.22220E-04
 23260.  0.22618E-04
 23265.  0.22822E-04
 23270.  0.22818E-04
 23275.  0.22840E-04
 23280.  0.22940E-04
 23285.  0.23152E-04
 23290.  0.23256E-04
 23295.  0.23314E-04
 23300.  0.23311E-04
 23305.  0.23471E-04
 23310.  0.23785E-04
 23315.  0.24205E-04
 23320.  0.24455E-04
 23325.  0.24538E-04
 23330.  0.24509E-04
 23335.  0.24471E-04
 23340.  0.24408E-04
 23345.  0.24327E-04
 23350.  0.24244E-04
 23355.  0.24188E-04
 23360.  0.24167E-04
 23365.  0.24116E-04
 23370.  0.24099E-04
 23375.  0.24098E-04
 23380.  0.24101E-04
 23385.  0.23950E-04
 23390.  0.23701E-04
 23395.  0.23390E-04
 23400.  0.23215E-04
 23405.  0.23229E-04
 23410.  0.23492E-04
 23415.  0.23813E-04
 23420.  0.23975E-04
 23425.  0.23823E-04
 23430.  0.23273E-04
 23435.  0.22526E-04
 23440.  0.21761E-04
 23445.  0.21243E-04
 23450.  0.21107E-04
 23455.  0.21360E-04
 23460.  0.21782E-04
 23465.  0.22164E-04
 23470.  0.22407E-04
 23475.  0.22571E-04
 23480.  0.22580E-04
 23485.  0.22499E-04
 23490.  0.22375E-04
 23495.  0.22222E-04
 23500.  0.21905E-04
 23505.  0.21193E-04
 23510.  0.20250E-04
 23515.  0.19250E-04
 23520.  0.18513E-04
 23525.  0.18159E-04
 23530.  0.18161E-04
 23535.  0.18460E-04
 23540.  0.18939E-04
 23545.  0.19425E-04
 23550.  0.19796E-04
 23555.  0.20006E-04
 23560.  0.20143E-04
 23565.  0.20295E-04
 23570.  0.20322E-04
 23575.  0.20249E-04
 23580.  0.20157E-04
 23585.  0.20192E-04
 23590.  0.20269E-04
 23595.  0.20378E-04
 23600.  0.20569E-04
 23605.  0.20770E-04
 23610.  0.20950E-04
 23615.  0.20969E-04
 23620.  0.20825E-04
 23625.  0.20610E-04
 23630.  0.20658E-04
 23635.  0.20892E-04
 23640.  0.21208E-04
 23645.  0.21396E-04
 23650.  0.21493E-04
 23655.  0.21491E-04
 23660.  0.21448E-04
 23665.  0.21499E-04
 23670.  0.21693E-04
 23675.  0.21979E-04
 23680.  0.22148E-04
 23685.  0.22149E-04
 23690.  0.21848E-04
 23695.  0.21578E-04
 23700.  0.21405E-04
 23705.  0.21551E-04
 23710.  0.21780E-04
 23715.  0.21928E-04
 23720.  0.21684E-04
 23725.  0.21170E-04
 23730.  0.20602E-04
 23735.  0.20221E-04
 23740.  0.19966E-04
 23745.  0.19869E-04
 23750.  0.19857E-04
 23755.  0.19994E-04
 23760.  0.20149E-04
 23765.  0.20266E-04
 23770.  0.20200E-04
 23775.  0.20140E-04
 23780.  0.20107E-04
 23785.  0.20110E-04
 23790.  0.20155E-04
 23795.  0.20243E-04
 23800.  0.20352E-04
 23805.  0.20335E-04
 23810.  0.20122E-04
 23815.  0.19551E-04
 23820.  0.18823E-04
 23825.  0.18071E-04
 23830.  0.17669E-04
 23835.  0.17732E-04
 23840.  0.18148E-04
 23845.  0.18381E-04
 23850.  0.18415E-04
 23855.  0.18317E-04
 23860.  0.18322E-04
 23865.  0.18291E-04
 23870.  0.18459E-04
 23875.  0.18703E-04
 23880.  0.19083E-04
 23885.  0.19504E-04
 23890.  0.19860E-04
 23895.  0.19970E-04
 23900.  0.19911E-04
 23905.  0.19678E-04
 23910.  0.19549E-04
 23915.  0.19525E-04
 23920.  0.19736E-04
 23925.  0.19896E-04
 23930.  0.20126E-04
 23935.  0.20154E-04
 23940.  0.20100E-04
 23945.  0.19997E-04
 23950.  0.19914E-04
 23955.  0.19890E-04
 23960.  0.19971E-04
 23965.  0.20104E-04
 23970.  0.20286E-04
 23975.  0.20515E-04
 23980.  0.20748E-04
 23985.  0.20819E-04
 23990.  0.20782E-04
 23995.  0.20648E-04
 24000.  0.20532E-04
 24005.  0.20456E-04
 24010.  0.20356E-04
 24015.  0.20206E-04
 24020.  0.19934E-04
 24025.  0.19538E-04
 24030.  0.19008E-04
 24035.  0.18620E-04
 24040.  0.18555E-04
 24045.  0.18724E-04
 24050.  0.18752E-04
 24055.  0.18648E-04
 24060.  0.18454E-04
 24065.  0.18333E-04
 24070.  0.18360E-04
 24075.  0.18426E-04
 24080.  0.18302E-04
 24085.  0.18245E-04
 24090.  0.18360E-04
 24095.  0.18579E-04
 24100.  0.18779E-04
 24105.  0.18902E-04
 24110.  0.18942E-04
 24115.  0.18856E-04
 24120.  0.18601E-04
 24125.  0.18057E-04
 24130.  0.17337E-04
 24135.  0.16792E-04
 24140.  0.16658E-04
 24145.  0.16693E-04
 24150.  0.16738E-04
 24155.  0.16796E-04
 24160.  0.17069E-04
 24165.  0.17301E-04
 24170.  0.17359E-04
 24175.  0.17067E-04
 24180.  0.16716E-04
 24185.  0.16775E-04
 24190.  0.17481E-04
 24195.  0.18014E-04
 24200.  0.18228E-04
 24205.  0.18162E-04
 24210.  0.17990E-04
 24215.  0.17745E-04
 24220.  0.17555E-04
 24225.  0.17428E-04
 24230.  0.17465E-04
 24235.  0.17698E-04
 24240.  0.17916E-04
 24245.  0.17974E-04
 24250.  0.17886E-04
 24255.  0.17875E-04
 24260.  0.17897E-04
 24265.  0.17926E-04
 24270.  0.17901E-04
 24275.  0.17844E-04
 24280.  0.17835E-04
 24285.  0.17918E-04
 24290.  0.17997E-04
 24295.  0.17918E-04
 24300.  0.17898E-04
 24305.  0.18034E-04
 24310.  0.18326E-04
 24315.  0.18419E-04
 24320.  0.18253E-04
 24325.  0.17731E-04
 24330.  0.17193E-04
 24335.  0.16678E-04
 24340.  0.16187E-04
 24345.  0.15631E-04
 24350.  0.15914E-04
 24355.  0.16549E-04
 24360.  0.17044E-04
 24365.  0.17093E-04
 24370.  0.17027E-04
 24375.  0.17065E-04
 24380.  0.17156E-04
 24385.  0.17159E-04
 24390.  0.17173E-04
 24395.  0.17181E-04
 24400.  0.17194E-04
 24405.  0.17233E-04
 24410.  0.17237E-04
 24415.  0.17244E-04
 24420.  0.17185E-04
 24425.  0.17021E-04
 24430.  0.16777E-04
 24435.  0.16485E-04
 24440.  0.16256E-04
 24445.  0.15994E-04
 24450.  0.15695E-04
 24455.  0.15305E-04
 24460.  0.14956E-04
 24465.  0.14838E-04
 24470.  0.15158E-04
 24475.  0.15605E-04
 24480.  0.16043E-04
 24485.  0.16260E-04
 24490.  0.16438E-04
 24495.  0.16433E-04
 24500.  0.16359E-04
 24505.  0.16256E-04
 24510.  0.16320E-04
 24515.  0.16300E-04
 24520.  0.15897E-04
 24525.  0.15328E-04
 24530.  0.14926E-04
 24535.  0.14927E-04
 24540.  0.15278E-04
 24545.  0.15819E-04
 24550.  0.16257E-04
 24555.  0.16558E-04
 24560.  0.16722E-04
 24565.  0.16989E-04
 24570.  0.17211E-04
 24575.  0.17320E-04
 24580.  0.17182E-04
 24585.  0.16938E-04
 24590.  0.16618E-04
 24595.  0.16055E-04
 24600.  0.15414E-04
 24605.  0.14875E-04
 24610.  0.14641E-04
 24615.  0.14779E-04
 24620.  0.15177E-04
 24625.  0.15799E-04
 24630.  0.16401E-04
 24635.  0.16725E-04
 24640.  0.16669E-04
 24645.  0.16442E-04
 24650.  0.16185E-04
 24655.  0.15958E-04
 24660.  0.15750E-04
 24665.  0.15559E-04
 24670.  0.15454E-04
 24675.  0.15523E-04
 24680.  0.15679E-04
 24685.  0.15772E-04
 24690.  0.15879E-04
 24695.  0.15758E-04
 24700.  0.15575E-04
 24705.  0.15656E-04
 24710.  0.16383E-04
 24715.  0.17620E-04
 24720.  0.17758E-04
 24725.  0.17117E-04
 24730.  0.15975E-04
 24735.  0.14977E-04
 24740.  0.14557E-04
 24745.  0.14657E-04
 24750.  0.15068E-04
 24755.  0.15523E-04
 24760.  0.15828E-04
 24765.  0.15861E-04
 24770.  0.15617E-04
 24775.  0.15192E-04
 24780.  0.14811E-04
 24785.  0.14465E-04
 24790.  0.14292E-04
 24795.  0.14193E-04
 24800.  0.14453E-04
 24805.  0.14660E-04
 24810.  0.14768E-04
 24815.  0.14611E-04
 24820.  0.14464E-04
 24825.  0.14362E-04
 24830.  0.14915E-04
 24835.  0.15544E-04
 24840.  0.16077E-04
 24845.  0.16262E-04
 24850.  0.16126E-04
 24855.  0.15746E-04
 24860.  0.15357E-04
 24865.  0.14969E-04
 24870.  0.14605E-04
 24875.  0.14220E-04
 24880.  0.14002E-04
 24885.  0.13261E-04
 24890.  0.11989E-04
 24895.  0.11659E-04
 24900.  0.10567E-04
