  5100.  0.15706E-04
  5105.  0.15587E-04
  5110.  0.15656E-04
  5115.  0.15790E-04
  5120.  0.15939E-04
  5125.  0.16103E-04
  5130.  0.16340E-04
  5135.  0.16519E-04
  5140.  0.16637E-04
  5145.  0.16647E-04
  5150.  0.16593E-04
  5155.  0.16556E-04
  5160.  0.16460E-04
  5165.  0.16203E-04
  5170.  0.15867E-04
  5175.  0.15503E-04
  5180.  0.15086E-04
  5185.  0.14600E-04
  5190.  0.14443E-04
  5195.  0.13969E-04
  5200.  0.13529E-04
  5205.  0.13152E-04
  5210.  0.12837E-04
  5215.  0.12623E-04
  5220.  0.12548E-04
  5225.  0.12666E-04
  5230.  0.12983E-04
  5235.  0.13405E-04
  5240.  0.13821E-04
  5245.  0.14189E-04
  5250.  0.14513E-04
  5255.  0.14833E-04
  5260.  0.15145E-04
  5265.  0.15447E-04
  5270.  0.15712E-04
  5275.  0.15954E-04
  5280.  0.16251E-04
  5285.  0.16579E-04
  5290.  0.16858E-04
  5295.  0.17130E-04
  5300.  0.17458E-04
  5305.  0.17830E-04
  5310.  0.18206E-04
  5315.  0.18552E-04
  5320.  0.18877E-04
  5325.  0.19154E-04
  5330.  0.19393E-04
  5335.  0.19625E-04
  5340.  0.19854E-04
  5345.  0.20012E-04
  5350.  0.20123E-04
  5355.  0.20246E-04
  5360.  0.20373E-04
  5365.  0.20504E-04
  5370.  0.20636E-04
  5375.  0.20766E-04
  5380.  0.20914E-04
  5385.  0.21060E-04
  5390.  0.21149E-04
  5395.  0.21195E-04
  5400.  0.22040E-04
  5405.  0.25151E-04
  5410.  0.26393E-04
  5415.  0.26516E-04
  5420.  0.26352E-04
  5425.  0.26360E-04
  5430.  0.26357E-04
  5435.  0.26331E-04
  5440.  0.26262E-04
  5445.  0.26137E-04
  5450.  0.25910E-04
  5455.  0.25510E-04
  5460.  0.25047E-04
  5465.  0.24605E-04
  5470.  0.24097E-04
  5475.  0.23509E-04
  5480.  0.22942E-04
  5485.  0.22536E-04
  5490.  0.22250E-04
  5495.  0.22059E-04
  5500.  0.22045E-04
  5505.  0.22273E-04
  5510.  0.22606E-04
  5515.  0.22872E-04
  5520.  0.23074E-04
  5525.  0.23381E-04
  5530.  0.23779E-04
  5535.  0.24071E-04
  5540.  0.24281E-04
  5545.  0.24644E-04
  5550.  0.25140E-04
  5555.  0.25553E-04
  5560.  0.25871E-04
  5565.  0.26170E-04
  5570.  0.26382E-04
  5575.  0.26506E-04
  5580.  0.26559E-04
  5585.  0.26514E-04
  5590.  0.26354E-04
  5595.  0.26166E-04
  5600.  0.25948E-04
  5605.  0.25651E-04
  5610.  0.25315E-04
  5615.  0.24961E-04
  5620.  0.24614E-04
  5625.  0.24342E-04
  5630.  0.24125E-04
  5635.  0.23966E-04
  5640.  0.23884E-04
  5645.  0.23873E-04
  5650.  0.23913E-04
  5655.  0.24019E-04
  5660.  0.24209E-04
  5665.  0.24474E-04
  5670.  0.24723E-04
  5675.  0.24950E-04
  5680.  0.25241E-04
  5685.  0.25553E-04
  5690.  0.25799E-04
  5695.  0.26002E-04
  5700.  0.26194E-04
  5705.  0.26392E-04
  5710.  0.26646E-04
  5715.  0.26943E-04
  5720.  0.27219E-04
  5725.  0.27477E-04
  5730.  0.27735E-04
  5735.  0.28029E-04
  5740.  0.28346E-04
  5745.  0.28616E-04
  5750.  0.28820E-04
  5755.  0.28972E-04
  5760.  0.29080E-04
  5765.  0.29188E-04
  5770.  0.29287E-04
  5775.  0.29335E-04
  5780.  0.29348E-04
  5785.  0.29345E-04
  5790.  0.29331E-04
  5795.  0.29358E-04
  5800.  0.29482E-04
  5805.  0.29658E-04
  5810.  0.29783E-04
  5815.  0.29855E-04
  5820.  0.29908E-04
  5825.  0.29902E-04
  5830.  0.29767E-04
  5835.  0.29442E-04
  5840.  0.28961E-04
  5845.  0.28441E-04
  5850.  0.27940E-04
  5855.  0.27451E-04
  5860.  0.26939E-04
  5865.  0.26347E-04
  5870.  0.25735E-04
  5875.  0.25115E-04
  5880.  0.24463E-04
  5885.  0.23906E-04
  5890.  0.23455E-04
  5895.  0.23080E-04
  5900.  0.22783E-04
  5905.  0.22509E-04
  5910.  0.22274E-04
  5915.  0.22175E-04
  5920.  0.22177E-04
  5925.  0.22208E-04
  5930.  0.22317E-04
  5935.  0.22511E-04
  5940.  0.22763E-04
  5945.  0.23044E-04
  5950.  0.23317E-04
  5955.  0.23622E-04
  5960.  0.23968E-04
  5965.  0.24281E-04
  5970.  0.24566E-04
  5975.  0.24899E-04
  5980.  0.25291E-04
  5985.  0.25720E-04
  5990.  0.26178E-04
  5995.  0.26616E-04
  6000.  0.27028E-04
  6005.  0.27483E-04
  6010.  0.27980E-04
  6015.  0.28447E-04
  6020.  0.28861E-04
  6025.  0.29245E-04
  6030.  0.29629E-04
  6035.  0.30087E-04
  6040.  0.30625E-04
  6045.  0.31154E-04
  6050.  0.31658E-04
  6055.  0.32158E-04
  6060.  0.32617E-04
  6065.  0.33002E-04
  6070.  0.33376E-04
  6075.  0.33727E-04
  6080.  0.33982E-04
  6085.  0.34217E-04
  6090.  0.34509E-04
  6095.  0.34794E-04
  6100.  0.35052E-04
  6105.  0.35329E-04
  6110.  0.35578E-04
  6115.  0.35770E-04
  6120.  0.35950E-04
  6125.  0.36108E-04
  6130.  0.36208E-04
  6135.  0.36159E-04
  6140.  0.35893E-04
  6145.  0.35470E-04
  6150.  0.34924E-04
  6155.  0.34131E-04
  6160.  0.33037E-04
  6165.  0.31742E-04
  6170.  0.30294E-04
  6175.  0.28714E-04
  6180.  0.27164E-04
  6185.  0.25816E-04
  6190.  0.24816E-04
  6195.  0.24129E-04
  6200.  0.23659E-04
  6205.  0.23298E-04
  6210.  0.23015E-04
  6215.  0.22767E-04
  6220.  0.22572E-04
  6225.  0.22476E-04
  6230.  0.22431E-04
  6235.  0.22381E-04
  6240.  0.22375E-04
  6245.  0.22527E-04
  6250.  0.22854E-04
  6255.  0.23306E-04
  6260.  0.23841E-04
  6265.  0.24473E-04
  6270.  0.25171E-04
  6275.  0.25902E-04
  6280.  0.26635E-04
  6285.  0.27325E-04
  6290.  0.27967E-04
  6295.  0.28620E-04
  6300.  0.29330E-04
  6305.  0.30079E-04
  6310.  0.30831E-04
  6315.  0.31578E-04
  6320.  0.32292E-04
  6325.  0.33016E-04
  6330.  0.33738E-04
  6335.  0.34371E-04
  6340.  0.34879E-04
  6345.  0.35335E-04
  6350.  0.35763E-04
  6355.  0.36112E-04
  6360.  0.36366E-04
  6365.  0.36590E-04
  6370.  0.36814E-04
  6375.  0.37046E-04
  6380.  0.37341E-04
  6385.  0.37732E-04
  6390.  0.38148E-04
  6395.  0.38499E-04
  6400.  0.38767E-04
  6405.  0.38985E-04
  6410.  0.39168E-04
  6415.  0.39323E-04
  6420.  0.39422E-04
  6425.  0.39419E-04
  6430.  0.39379E-04
  6435.  0.39381E-04
  6440.  0.39456E-04
  6445.  0.39668E-04
  6450.  0.40029E-04
  6455.  0.40389E-04
  6460.  0.40661E-04
  6465.  0.40887E-04
  6470.  0.41071E-04
  6475.  0.41175E-04
  6480.  0.41209E-04
  6485.  0.41134E-04
  6490.  0.40975E-04
  6495.  0.40800E-04
  6500.  0.40711E-04
  6505.  0.40766E-04
  6510.  0.41006E-04
  6515.  0.41390E-04
  6520.  0.41885E-04
  6525.  0.42489E-04
  6530.  0.43089E-04
  6535.  0.43557E-04
  6540.  0.43963E-04
  6545.  0.44324E-04
  6550.  0.44607E-04
  6555.  0.44797E-04
  6560.  0.44934E-04
  6565.  0.44984E-04
  6570.  0.44854E-04
  6575.  0.44518E-04
  6580.  0.44022E-04
  6585.  0.43352E-04
  6590.  0.42553E-04
  6595.  0.41795E-04
  6600.  0.41193E-04
  6605.  0.40696E-04
  6610.  0.40290E-04
  6615.  0.39903E-04
  6620.  0.39469E-04
  6625.  0.39091E-04
  6630.  0.38650E-04
  6635.  0.38108E-04
  6640.  0.37559E-04
  6645.  0.37050E-04
  6650.  0.36522E-04
  6655.  0.36007E-04
  6660.  0.35543E-04
  6665.  0.35076E-04
  6670.  0.34606E-04
  6675.  0.34182E-04
  6680.  0.33835E-04
  6685.  0.33513E-04
  6690.  0.33192E-04
  6695.  0.32907E-04
  6700.  0.32653E-04
  6705.  0.32427E-04
  6710.  0.32233E-04
  6715.  0.32058E-04
  6720.  0.31880E-04
  6725.  0.31711E-04
  6730.  0.31544E-04
  6735.  0.31455E-04
  6740.  0.31535E-04
  6745.  0.31769E-04
  6750.  0.32086E-04
  6755.  0.32454E-04
  6760.  0.32839E-04
  6765.  0.33244E-04
  6770.  0.33644E-04
  6775.  0.33987E-04
  6780.  0.34283E-04
  6785.  0.34540E-04
  6790.  0.34722E-04
  6795.  0.34899E-04
  6800.  0.35134E-04
  6805.  0.35400E-04
  6810.  0.35724E-04
  6815.  0.36137E-04
  6820.  0.36639E-04
  6825.  0.37166E-04
  6830.  0.37698E-04
  6835.  0.38213E-04
  6840.  0.38653E-04
  6845.  0.39086E-04
  6850.  0.39503E-04
  6855.  0.39913E-04
  6860.  0.40390E-04
  6865.  0.40953E-04
  6870.  0.41540E-04
  6875.  0.42202E-04
  6880.  0.42900E-04
  6885.  0.43631E-04
  6890.  0.44289E-04
  6895.  0.44943E-04
  6900.  0.45550E-04
  6905.  0.46169E-04
  6910.  0.46787E-04
  6915.  0.47325E-04
  6920.  0.47738E-04
  6925.  0.48055E-04
  6930.  0.48446E-04
  6935.  0.48978E-04
  6940.  0.49522E-04
  6945.  0.50081E-04
  6950.  0.50788E-04
  6955.  0.51579E-04
  6960.  0.52327E-04
  6965.  0.53005E-04
  6970.  0.53645E-04
  6975.  0.54253E-04
  6980.  0.54810E-04
  6985.  0.55321E-04
  6990.  0.55787E-04
  6995.  0.56256E-04
  7000.  0.56675E-04
  7005.  0.56992E-04
  7010.  0.57239E-04
  7015.  0.57351E-04
  7020.  0.57406E-04
  7025.  0.57434E-04
  7030.  0.57232E-04
  7035.  0.56547E-04
  7040.  0.55479E-04
  7045.  0.54072E-04
  7050.  0.52337E-04
  7055.  0.50303E-04
  7060.  0.48028E-04
  7065.  0.45601E-04
  7070.  0.43372E-04
  7075.  0.41503E-04
  7080.  0.40017E-04
  7085.  0.38831E-04
  7090.  0.37880E-04
  7095.  0.37113E-04
  7100.  0.36458E-04
  7105.  0.35909E-04
  7110.  0.35494E-04
  7115.  0.35152E-04
  7120.  0.34800E-04
  7125.  0.34407E-04
  7130.  0.34001E-04
  7135.  0.33649E-04
  7140.  0.33433E-04
  7145.  0.33438E-04
  7150.  0.33696E-04
  7155.  0.34310E-04
  7160.  0.35181E-04
  7165.  0.36154E-04
  7170.  0.37149E-04
  7175.  0.38159E-04
  7180.  0.39068E-04
  7185.  0.39774E-04
  7190.  0.40298E-04
  7195.  0.40800E-04
  7200.  0.41230E-04
  7205.  0.41638E-04
  7210.  0.42137E-04
  7215.  0.42792E-04
  7220.  0.43593E-04
  7225.  0.44578E-04
  7230.  0.45834E-04
  7235.  0.47233E-04
  7240.  0.48517E-04
  7245.  0.49600E-04
  7250.  0.50707E-04
  7255.  0.51796E-04
  7260.  0.52725E-04
  7265.  0.53616E-04
  7270.  0.54533E-04
  7275.  0.55351E-04
  7280.  0.56082E-04
  7285.  0.56870E-04
  7290.  0.57712E-04
  7295.  0.58569E-04
  7300.  0.59465E-04
  7305.  0.60333E-04
  7310.  0.61109E-04
  7315.  0.61779E-04
  7320.  0.62430E-04
  7325.  0.63077E-04
  7330.  0.63706E-04
  7335.  0.64247E-04
  7340.  0.64680E-04
  7345.  0.65043E-04
  7350.  0.65448E-04
  7355.  0.65869E-04
  7360.  0.66224E-04
  7365.  0.66592E-04
  7370.  0.67068E-04
  7375.  0.67545E-04
  7380.  0.67958E-04
  7385.  0.68319E-04
  7390.  0.68560E-04
  7395.  0.68774E-04
  7400.  0.69038E-04
  7405.  0.69221E-04
  7410.  0.69250E-04
  7415.  0.69291E-04
  7420.  0.69429E-04
  7425.  0.69558E-04
  7430.  0.69655E-04
  7435.  0.69796E-04
  7440.  0.70055E-04
  7445.  0.70325E-04
  7450.  0.70489E-04
  7455.  0.70659E-04
  7460.  0.70845E-04
  7465.  0.70966E-04
  7470.  0.71064E-04
  7475.  0.71198E-04
  7480.  0.71307E-04
  7485.  0.71368E-04
  7490.  0.71571E-04
  7495.  0.71854E-04
  7500.  0.72108E-04
  7505.  0.72330E-04
  7510.  0.72512E-04
  7515.  0.72629E-04
  7520.  0.72706E-04
  7525.  0.72889E-04
  7530.  0.73233E-04
  7535.  0.73591E-04
  7540.  0.73823E-04
  7545.  0.73924E-04
  7550.  0.73878E-04
  7555.  0.74017E-04
  7560.  0.74107E-04
  7565.  0.74180E-04
  7570.  0.73935E-04
  7575.  0.73570E-04
  7580.  0.73319E-04
  7585.  0.73309E-04
  7590.  0.73190E-04
  7595.  0.73081E-04
  7600.  0.72725E-04
  7605.  0.71850E-04
  7610.  0.70154E-04
  7615.  0.67760E-04
  7620.  0.65645E-04
  7625.  0.64058E-04
  7630.  0.63279E-04
  7635.  0.62823E-04
  7640.  0.62349E-04
  7645.  0.61467E-04
  7650.  0.60344E-04
  7655.  0.59350E-04
  7660.  0.58633E-04
  7665.  0.57949E-04
  7670.  0.57374E-04
  7675.  0.56857E-04
  7680.  0.56570E-04
  7685.  0.56438E-04
  7690.  0.56426E-04
  7695.  0.56552E-04
  7700.  0.56842E-04
  7705.  0.57238E-04
  7710.  0.57649E-04
  7715.  0.57962E-04
  7720.  0.58249E-04
  7725.  0.58749E-04
  7730.  0.59306E-04
  7735.  0.59599E-04
  7740.  0.59627E-04
  7745.  0.59537E-04
  7750.  0.59460E-04
  7755.  0.59427E-04
  7760.  0.59332E-04
  7765.  0.59403E-04
  7770.  0.59828E-04
  7775.  0.60349E-04
  7780.  0.60739E-04
  7785.  0.61127E-04
  7790.  0.61678E-04
  7795.  0.62338E-04
  7800.  0.63020E-04
  7805.  0.63588E-04
  7810.  0.63923E-04
  7815.  0.64152E-04
  7820.  0.64352E-04
  7825.  0.64417E-04
  7830.  0.64269E-04
  7835.  0.64101E-04
  7840.  0.64093E-04
  7845.  0.64232E-04
  7850.  0.64441E-04
  7855.  0.64644E-04
  7860.  0.64895E-04
  7865.  0.65238E-04
  7870.  0.65574E-04
  7875.  0.65948E-04
  7880.  0.66247E-04
  7885.  0.66333E-04
  7890.  0.66300E-04
  7895.  0.66180E-04
  7900.  0.65957E-04
  7905.  0.65757E-04
  7910.  0.65670E-04
  7915.  0.65689E-04
  7920.  0.65780E-04
  7925.  0.65854E-04
  7930.  0.65948E-04
  7935.  0.66346E-04
  7940.  0.66931E-04
  7945.  0.67310E-04
  7950.  0.67616E-04
  7955.  0.68004E-04
  7960.  0.68425E-04
  7965.  0.68838E-04
  7970.  0.69314E-04
  7975.  0.69743E-04
  7980.  0.69857E-04
  7985.  0.69786E-04
  7990.  0.69898E-04
  7995.  0.70293E-04
  8000.  0.70817E-04
  8005.  0.71259E-04
  8010.  0.71514E-04
  8015.  0.71655E-04
  8020.  0.71954E-04
  8025.  0.72421E-04
  8030.  0.72673E-04
  8035.  0.72625E-04
  8040.  0.72721E-04
  8045.  0.73064E-04
  8050.  0.73281E-04
  8055.  0.73426E-04
  8060.  0.73624E-04
  8065.  0.73705E-04
  8070.  0.73746E-04
  8075.  0.73900E-04
  8080.  0.74065E-04
  8085.  0.74162E-04
  8090.  0.74261E-04
  8095.  0.74336E-04
  8100.  0.74348E-04
  8105.  0.74522E-04
  8110.  0.74982E-04
  8115.  0.75446E-04
  8120.  0.75865E-04
  8125.  0.76151E-04
  8130.  0.76271E-04
  8135.  0.76559E-04
  8140.  0.77094E-04
  8145.  0.77389E-04
  8150.  0.77384E-04
  8155.  0.77411E-04
  8160.  0.77315E-04
  8165.  0.76900E-04
  8170.  0.76486E-04
  8175.  0.76220E-04
  8180.  0.75877E-04
  8185.  0.75329E-04
  8190.  0.74820E-04
  8195.  0.74619E-04
  8200.  0.74567E-04
  8205.  0.74544E-04
  8210.  0.74582E-04
  8215.  0.74753E-04
  8220.  0.75002E-04
  8225.  0.75231E-04
  8230.  0.75420E-04
  8235.  0.75478E-04
  8240.  0.75365E-04
  8245.  0.75301E-04
  8250.  0.75465E-04
  8255.  0.75690E-04
  8260.  0.76005E-04
  8265.  0.76319E-04
  8270.  0.76457E-04
  8275.  0.76382E-04
  8280.  0.76252E-04
  8285.  0.76081E-04
  8290.  0.75719E-04
  8295.  0.75274E-04
  8300.  0.74998E-04
  8305.  0.74917E-04
  8310.  0.74894E-04
  8315.  0.74964E-04
  8320.  0.75043E-04
  8325.  0.74884E-04
  8330.  0.74607E-04
  8335.  0.74450E-04
  8340.  0.74352E-04
  8345.  0.74175E-04
  8350.  0.73964E-04
  8355.  0.73876E-04
  8360.  0.73866E-04
  8365.  0.73876E-04
  8370.  0.73831E-04
  8375.  0.73651E-04
  8380.  0.73402E-04
  8385.  0.73355E-04
  8390.  0.73620E-04
  8395.  0.73861E-04
  8400.  0.73883E-04
  8405.  0.73749E-04
  8410.  0.73548E-04
  8415.  0.73277E-04
  8420.  0.72789E-04
  8425.  0.71933E-04
  8430.  0.70883E-04
  8435.  0.69798E-04
  8440.  0.68795E-04
  8445.  0.68055E-04
  8450.  0.67469E-04
  8455.  0.66857E-04
  8460.  0.66399E-04
  8465.  0.66291E-04
  8470.  0.66492E-04
  8475.  0.66867E-04
  8480.  0.67061E-04
  8485.  0.67221E-04
  8490.  0.67385E-04
  8495.  0.67350E-04
  8500.  0.67149E-04
  8505.  0.66971E-04
  8510.  0.66867E-04
  8515.  0.66777E-04
  8520.  0.66658E-04
  8525.  0.66575E-04
  8530.  0.66576E-04
  8535.  0.66585E-04
  8540.  0.66694E-04
  8545.  0.67081E-04
  8550.  0.67657E-04
  8555.  0.68316E-04
  8560.  0.69094E-04
  8565.  0.70003E-04
  8570.  0.70740E-04
  8575.  0.71198E-04
  8580.  0.71612E-04
  8585.  0.72148E-04
  8590.  0.72545E-04
  8595.  0.72771E-04
  8600.  0.72982E-04
  8605.  0.73258E-04
  8610.  0.73548E-04
  8615.  0.73841E-04
  8620.  0.74147E-04
  8625.  0.74417E-04
  8630.  0.74629E-04
  8635.  0.74747E-04
  8640.  0.74595E-04
  8645.  0.74373E-04
  8650.  0.74240E-04
  8655.  0.74005E-04
  8660.  0.73567E-04
  8665.  0.72987E-04
  8670.  0.72501E-04
  8675.  0.72490E-04
  8680.  0.72943E-04
  8685.  0.73443E-04
  8690.  0.73892E-04
  8695.  0.74375E-04
  8700.  0.74906E-04
  8705.  0.75349E-04
  8710.  0.75803E-04
  8715.  0.76417E-04
  8720.  0.77215E-04
  8725.  0.77887E-04
  8730.  0.78209E-04
  8735.  0.78312E-04
  8740.  0.78421E-04
  8745.  0.78523E-04
  8750.  0.78471E-04
  8755.  0.78440E-04
  8760.  0.78646E-04
  8765.  0.78761E-04
  8770.  0.78572E-04
  8775.  0.78455E-04
  8780.  0.78442E-04
  8785.  0.78307E-04
  8790.  0.78293E-04
  8795.  0.78425E-04
  8800.  0.78396E-04
  8805.  0.78232E-04
  8810.  0.78084E-04
  8815.  0.78095E-04
  8820.  0.78333E-04
  8825.  0.78503E-04
  8830.  0.78476E-04
  8835.  0.78452E-04
  8840.  0.78596E-04
  8845.  0.78547E-04
  8850.  0.78077E-04
  8855.  0.77566E-04
  8860.  0.77103E-04
  8865.  0.76459E-04
  8870.  0.75610E-04
  8875.  0.74782E-04
  8880.  0.74192E-04
  8885.  0.73822E-04
  8890.  0.73572E-04
  8895.  0.73587E-04
  8900.  0.73872E-04
  8905.  0.74303E-04
  8910.  0.74693E-04
  8915.  0.74774E-04
  8920.  0.74838E-04
  8925.  0.75184E-04
  8930.  0.75353E-04
  8935.  0.75312E-04
  8940.  0.75618E-04
  8945.  0.76318E-04
  8950.  0.76825E-04
  8955.  0.76751E-04
  8960.  0.76261E-04
  8965.  0.76005E-04
  8970.  0.76396E-04
  8975.  0.76858E-04
  8980.  0.77030E-04
  8985.  0.77239E-04
  8990.  0.77466E-04
  8995.  0.77606E-04
  9000.  0.77769E-04
  9005.  0.77670E-04
  9010.  0.77224E-04
  9015.  0.77109E-04
  9020.  0.77290E-04
  9025.  0.77186E-04
  9030.  0.77125E-04
  9035.  0.77531E-04
  9040.  0.78090E-04
  9045.  0.78467E-04
  9050.  0.78860E-04
  9055.  0.79138E-04
  9060.  0.79495E-04
  9065.  0.79959E-04
  9070.  0.80185E-04
  9075.  0.80024E-04
  9080.  0.79934E-04
  9085.  0.79962E-04
  9090.  0.79698E-04
  9095.  0.79274E-04
  9100.  0.79217E-04
  9105.  0.79388E-04
  9110.  0.79382E-04
  9115.  0.79261E-04
  9120.  0.79160E-04
  9125.  0.79274E-04
  9130.  0.79417E-04
  9135.  0.79269E-04
  9140.  0.78893E-04
  9145.  0.78356E-04
  9150.  0.77782E-04
  9155.  0.77531E-04
  9160.  0.77462E-04
  9165.  0.76990E-04
  9170.  0.76250E-04
  9175.  0.75777E-04
  9180.  0.75423E-04
  9185.  0.75055E-04
  9190.  0.74885E-04
  9195.  0.75112E-04
  9200.  0.75407E-04
  9205.  0.75304E-04
  9210.  0.75260E-04
  9215.  0.75809E-04
  9220.  0.76532E-04
  9225.  0.76901E-04
  9230.  0.76988E-04
  9235.  0.76843E-04
  9240.  0.76456E-04
  9245.  0.76097E-04
  9250.  0.76077E-04
  9255.  0.76310E-04
  9260.  0.76390E-04
  9265.  0.76301E-04
  9270.  0.76164E-04
  9275.  0.76161E-04
  9280.  0.76155E-04
  9285.  0.76209E-04
  9290.  0.76171E-04
  9295.  0.76038E-04
  9300.  0.75924E-04
  9305.  0.76052E-04
  9310.  0.76351E-04
  9315.  0.76653E-04
  9320.  0.77063E-04
  9325.  0.77511E-04
  9330.  0.77421E-04
  9335.  0.76710E-04
  9340.  0.75509E-04
  9345.  0.74616E-04
  9350.  0.73659E-04
  9355.  0.72872E-04
  9360.  0.72873E-04
  9365.  0.73085E-04
  9370.  0.73357E-04
  9375.  0.73344E-04
  9380.  0.72845E-04
  9385.  0.72576E-04
  9390.  0.72757E-04
  9395.  0.73030E-04
  9400.  0.73095E-04
  9405.  0.73583E-04
  9410.  0.74147E-04
  9415.  0.74606E-04
  9420.  0.74878E-04
  9425.  0.75051E-04
  9430.  0.75024E-04
  9435.  0.74879E-04
  9440.  0.74544E-04
  9445.  0.74108E-04
  9450.  0.74204E-04
  9455.  0.74531E-04
  9460.  0.74246E-04
  9465.  0.73700E-04
  9470.  0.73514E-04
  9475.  0.73446E-04
  9480.  0.73770E-04
  9485.  0.74574E-04
  9490.  0.75225E-04
  9495.  0.75340E-04
  9500.  0.74796E-04
  9505.  0.74245E-04
  9510.  0.74652E-04
  9515.  0.75793E-04
  9520.  0.76482E-04
  9525.  0.76352E-04
  9530.  0.76370E-04
  9535.  0.77007E-04
  9540.  0.77698E-04
  9545.  0.77897E-04
  9550.  0.77545E-04
  9555.  0.77176E-04
  9560.  0.76893E-04
  9565.  0.76265E-04
  9570.  0.75705E-04
  9575.  0.75069E-04
  9580.  0.74272E-04
  9585.  0.73793E-04
  9590.  0.73962E-04
  9595.  0.74155E-04
  9600.  0.73780E-04
  9605.  0.73322E-04
  9610.  0.73252E-04
  9615.  0.73081E-04
  9620.  0.72979E-04
  9625.  0.72977E-04
  9630.  0.73095E-04
  9635.  0.73356E-04
  9640.  0.73683E-04
  9645.  0.73441E-04
  9650.  0.72499E-04
  9655.  0.71753E-04
  9660.  0.71446E-04
  9665.  0.71215E-04
  9670.  0.70725E-04
  9675.  0.70161E-04
  9680.  0.69998E-04
  9685.  0.70204E-04
  9690.  0.70231E-04
  9695.  0.69847E-04
  9700.  0.70625E-04
  9705.  0.70770E-04
  9710.  0.71200E-04
  9715.  0.70714E-04
  9720.  0.71416E-04
  9725.  0.72260E-04
  9730.  0.71002E-04
  9735.  0.70072E-04
  9740.  0.70174E-04
  9745.  0.69894E-04
  9750.  0.70521E-04
  9755.  0.71044E-04
  9760.  0.71326E-04
  9765.  0.71480E-04
  9770.  0.71600E-04
  9775.  0.71604E-04
  9780.  0.71085E-04
  9785.  0.70414E-04
  9790.  0.70159E-04
  9795.  0.69771E-04
  9800.  0.70576E-04
  9805.  0.71318E-04
  9810.  0.71630E-04
  9815.  0.72188E-04
  9820.  0.72098E-04
  9825.  0.71792E-04
  9830.  0.72595E-04
  9835.  0.72492E-04
  9840.  0.72299E-04
  9845.  0.71884E-04
  9850.  0.72123E-04
  9855.  0.72563E-04
  9860.  0.73001E-04
  9865.  0.72909E-04
  9870.  0.72771E-04
  9875.  0.72451E-04
  9880.  0.72212E-04
  9885.  0.72137E-04
  9890.  0.72297E-04
  9895.  0.72054E-04
  9900.  0.71703E-04
  9905.  0.71167E-04
  9910.  0.70986E-04
  9915.  0.70825E-04
  9920.  0.71216E-04
  9925.  0.71500E-04
  9930.  0.71733E-04
  9935.  0.71642E-04
  9940.  0.71522E-04
  9945.  0.71264E-04
  9950.  0.71537E-04
  9955.  0.72589E-04
  9960.  0.72509E-04
  9965.  0.72660E-04
  9970.  0.72669E-04
  9975.  0.72657E-04
  9980.  0.72666E-04
  9985.  0.72986E-04
  9990.  0.72866E-04
  9995.  0.72798E-04
 10000.  0.72645E-04
 10005.  0.72839E-04
 10010.  0.72446E-04
 10015.  0.72363E-04
 10020.  0.73075E-04
 10025.  0.73583E-04
 10030.  0.73550E-04
 10035.  0.73011E-04
 10040.  0.72520E-04
 10045.  0.72735E-04
 10050.  0.73396E-04
 10055.  0.73863E-04
 10060.  0.73548E-04
 10065.  0.72321E-04
 10070.  0.71845E-04
 10075.  0.72391E-04
 10080.  0.72863E-04
 10085.  0.73135E-04
 10090.  0.73309E-04
 10095.  0.73561E-04
 10100.  0.74025E-04
 10105.  0.74263E-04
 10110.  0.74124E-04
 10115.  0.73730E-04
 10120.  0.73445E-04
 10125.  0.73340E-04
 10130.  0.73104E-04
 10135.  0.73224E-04
 10140.  0.72897E-04
 10145.  0.71883E-04
 10150.  0.71337E-04
 10155.  0.71300E-04
 10160.  0.71916E-04
 10165.  0.72344E-04
 10170.  0.72586E-04
 10175.  0.72840E-04
 10180.  0.73024E-04
 10185.  0.72918E-04
 10190.  0.72695E-04
 10195.  0.72404E-04
 10200.  0.72189E-04
 10205.  0.72462E-04
 10210.  0.73090E-04
 10215.  0.73228E-04
 10220.  0.73307E-04
 10225.  0.73416E-04
 10230.  0.73496E-04
 10235.  0.73647E-04
 10240.  0.73192E-04
 10245.  0.73665E-04
 10250.  0.74014E-04
 10255.  0.73930E-04
 10260.  0.73129E-04
 10265.  0.72640E-04
 10270.  0.72870E-04
 10275.  0.72836E-04
 10280.  0.73243E-04
 10285.  0.73688E-04
 10290.  0.73724E-04
 10295.  0.73683E-04
 10300.  0.73644E-04
 10305.  0.73988E-04
 10310.  0.74352E-04
 10315.  0.74225E-04
 10320.  0.73957E-04
 10325.  0.73376E-04
 10330.  0.72671E-04
 10335.  0.72111E-04
 10340.  0.71571E-04
 10345.  0.71448E-04
 10350.  0.71446E-04
 10355.  0.71964E-04
 10360.  0.73288E-04
 10365.  0.73861E-04
 10370.  0.73569E-04
 10375.  0.73273E-04
 10380.  0.72820E-04
 10385.  0.72886E-04
 10390.  0.72722E-04
 10395.  0.72080E-04
 10400.  0.71625E-04
 10405.  0.71390E-04
 10410.  0.72123E-04
 10415.  0.73242E-04
 10420.  0.73303E-04
 10425.  0.72865E-04
 10430.  0.72595E-04
 10435.  0.72616E-04
 10440.  0.73159E-04
 10445.  0.73521E-04
 10450.  0.73713E-04
 10455.  0.73647E-04
 10460.  0.73434E-04
 10465.  0.72915E-04
 10470.  0.72693E-04
 10475.  0.72690E-04
 10480.  0.72861E-04
 10485.  0.73176E-04
 10490.  0.73179E-04
 10495.  0.72531E-04
 10500.  0.71938E-04
 10505.  0.71586E-04
 10510.  0.71599E-04
 10515.  0.72433E-04
 10520.  0.72442E-04
 10525.  0.72362E-04
 10530.  0.72589E-04
 10535.  0.72856E-04
 10540.  0.72814E-04
 10545.  0.72962E-04
 10550.  0.73148E-04
 10555.  0.73026E-04
 10560.  0.72982E-04
 10565.  0.72988E-04
 10570.  0.72981E-04
 10575.  0.72778E-04
 10580.  0.71811E-04
 10585.  0.70897E-04
 10590.  0.70784E-04
 10595.  0.70869E-04
 10600.  0.71503E-04
 10605.  0.71358E-04
 10610.  0.70898E-04
 10615.  0.70872E-04
 10620.  0.71514E-04
 10625.  0.72256E-04
 10630.  0.72580E-04
 10635.  0.72767E-04
 10640.  0.72732E-04
 10645.  0.72610E-04
 10650.  0.72359E-04
 10655.  0.71993E-04
 10660.  0.71251E-04
 10665.  0.70788E-04
 10670.  0.70359E-04
 10675.  0.70722E-04
 10680.  0.71230E-04
 10685.  0.71066E-04
 10690.  0.70802E-04
 10695.  0.70857E-04
 10700.  0.70802E-04
 10705.  0.71107E-04
 10710.  0.71421E-04
 10715.  0.71396E-04
 10720.  0.71165E-04
 10725.  0.70686E-04
 10730.  0.69913E-04
 10735.  0.69620E-04
 10740.  0.70038E-04
 10745.  0.71134E-04
 10750.  0.71450E-04
 10755.  0.71477E-04
 10760.  0.71529E-04
 10765.  0.71927E-04
 10770.  0.71906E-04
 10775.  0.71629E-04
 10780.  0.71307E-04
 10785.  0.70842E-04
 10790.  0.70547E-04
 10795.  0.70373E-04
 10800.  0.70896E-04
 10805.  0.71403E-04
 10810.  0.71336E-04
 10815.  0.70739E-04
 10820.  0.70140E-04
 10825.  0.70716E-04
 10830.  0.71051E-04
 10835.  0.70665E-04
 10840.  0.70761E-04
 10845.  0.71311E-04
 10850.  0.71487E-04
 10855.  0.71484E-04
 10860.  0.71309E-04
 10865.  0.70941E-04
 10870.  0.70214E-04
 10875.  0.69106E-04
 10880.  0.68624E-04
 10885.  0.68726E-04
 10890.  0.68899E-04
 10895.  0.69074E-04
 10900.  0.69531E-04
 10905.  0.70625E-04
 10910.  0.71447E-04
 10915.  0.70632E-04
 10920.  0.68156E-04
 10925.  0.66846E-04
 10930.  0.68617E-04
 10935.  0.69954E-04
 10940.  0.69321E-04
 10945.  0.69634E-04
 10950.  0.70652E-04
 10955.  0.68831E-04
 10960.  0.67160E-04
 10965.  0.66509E-04
 10970.  0.65407E-04
 10975.  0.64319E-04
 10980.  0.63980E-04
 10985.  0.64026E-04
 10990.  0.64009E-04
 10995.  0.64114E-04
 11000.  0.63859E-04
 11005.  0.63684E-04
 11010.  0.63427E-04
 11015.  0.63037E-04
 11020.  0.62834E-04
 11025.  0.63094E-04
 11030.  0.63641E-04
 11035.  0.64015E-04
 11040.  0.64264E-04
 11045.  0.64341E-04
 11050.  0.64304E-04
 11055.  0.64238E-04
 11060.  0.64216E-04
 11065.  0.63891E-04
 11070.  0.63626E-04
 11075.  0.63706E-04
 11080.  0.63886E-04
 11085.  0.64036E-04
 11090.  0.64237E-04
 11095.  0.64110E-04
 11100.  0.63844E-04
 11105.  0.63528E-04
 11110.  0.63412E-04
 11115.  0.63164E-04
 11120.  0.63205E-04
 11125.  0.63425E-04
 11130.  0.64094E-04
 11135.  0.64479E-04
 11140.  0.63739E-04
 11145.  0.62691E-04
 11150.  0.63358E-04
 11155.  0.63279E-04
 11160.  0.62977E-04
 11165.  0.64232E-04
 11170.  0.64111E-04
 11175.  0.63335E-04
 11180.  0.63299E-04
 11185.  0.64138E-04
 11190.  0.65361E-04
 11195.  0.65165E-04
 11200.  0.64834E-04
 11205.  0.64324E-04
 11210.  0.63522E-04
 11215.  0.63803E-04
 11220.  0.66057E-04
 11225.  0.66989E-04
 11230.  0.65588E-04
 11235.  0.65801E-04
 11240.  0.65532E-04
 11245.  0.63999E-04
 11250.  0.64113E-04
 11255.  0.65089E-04
 11260.  0.64741E-04
 11265.  0.63913E-04
 11270.  0.64463E-04
 11275.  0.66107E-04
 11280.  0.66926E-04
 11285.  0.67030E-04
 11290.  0.66615E-04
 11295.  0.67139E-04
 11300.  0.67140E-04
 11305.  0.65242E-04
 11310.  0.63900E-04
 11315.  0.63979E-04
 11320.  0.64070E-04
 11325.  0.63680E-04
 11330.  0.63984E-04
 11335.  0.64711E-04
 11340.  0.64544E-04
 11345.  0.65388E-04
 11350.  0.64046E-04
 11355.  0.63018E-04
 11360.  0.64172E-04
 11365.  0.64114E-04
 11370.  0.63621E-04
 11375.  0.63881E-04
 11380.  0.64325E-04
 11385.  0.64227E-04
 11390.  0.63396E-04
 11395.  0.63822E-04
 11400.  0.64355E-04
 11405.  0.64462E-04
 11410.  0.64772E-04
 11415.  0.65129E-04
 11420.  0.65292E-04
 11425.  0.64814E-04
 11430.  0.63886E-04
 11435.  0.64077E-04
 11440.  0.65433E-04
 11445.  0.65827E-04
 11450.  0.65750E-04
 11455.  0.65675E-04
 11460.  0.65354E-04
 11465.  0.66340E-04
 11470.  0.67161E-04
 11475.  0.66600E-04
 11480.  0.65284E-04
 11485.  0.65119E-04
 11490.  0.65266E-04
 11495.  0.65901E-04
 11500.  0.66285E-04
 11505.  0.65835E-04
 11510.  0.65710E-04
 11515.  0.65533E-04
 11520.  0.65468E-04
 11525.  0.65299E-04
 11530.  0.64462E-04
 11535.  0.64685E-04
 11540.  0.65863E-04
 11545.  0.65737E-04
 11550.  0.65122E-04
 11555.  0.65702E-04
 11560.  0.65979E-04
 11565.  0.65482E-04
 11570.  0.64976E-04
 11575.  0.65177E-04
 11580.  0.65373E-04
 11585.  0.65293E-04
 11590.  0.65126E-04
 11595.  0.64707E-04
 11600.  0.64137E-04
 11605.  0.63611E-04
 11610.  0.63305E-04
 11615.  0.63118E-04
 11620.  0.63311E-04
 11625.  0.63941E-04
 11630.  0.64382E-04
 11635.  0.64523E-04
 11640.  0.64147E-04
 11645.  0.63835E-04
 11650.  0.64242E-04
 11655.  0.64905E-04
 11660.  0.65068E-04
 11665.  0.64938E-04
 11670.  0.64955E-04
 11675.  0.64969E-04
 11680.  0.64629E-04
 11685.  0.64089E-04
 11690.  0.63746E-04
 11695.  0.63532E-04
 11700.  0.63440E-04
 11705.  0.64014E-04
 11710.  0.64702E-04
 11715.  0.64962E-04
 11720.  0.65137E-04
 11725.  0.65090E-04
 11730.  0.64811E-04
 11735.  0.64858E-04
 11740.  0.65169E-04
 11745.  0.65384E-04
 11750.  0.65792E-04
 11755.  0.65914E-04
 11760.  0.65096E-04
 11765.  0.64243E-04
 11770.  0.64094E-04
 11775.  0.64243E-04
 11780.  0.63810E-04
 11785.  0.63119E-04
 11790.  0.63152E-04
 11795.  0.63837E-04
 11800.  0.64462E-04
 11805.  0.64544E-04
 11810.  0.64290E-04
 11815.  0.64623E-04
 11820.  0.65102E-04
 11825.  0.64439E-04
 11830.  0.63603E-04
 11835.  0.63223E-04
 11840.  0.63430E-04
 11845.  0.64349E-04
 11850.  0.65057E-04
 11855.  0.64928E-04
 11860.  0.64739E-04
 11865.  0.64628E-04
 11870.  0.64968E-04
 11875.  0.65161E-04
 11880.  0.64733E-04
 11885.  0.63914E-04
 11890.  0.62948E-04
 11895.  0.62243E-04
 11900.  0.62768E-04
 11905.  0.63702E-04
 11910.  0.64475E-04
 11915.  0.64725E-04
 11920.  0.64664E-04
 11925.  0.64601E-04
 11930.  0.64861E-04
 11935.  0.64957E-04
 11940.  0.64798E-04
 11945.  0.64832E-04
 11950.  0.64755E-04
 11955.  0.64694E-04
 11960.  0.64837E-04
 11965.  0.64971E-04
 11970.  0.64636E-04
 11975.  0.64004E-04
 11980.  0.63179E-04
 11985.  0.62694E-04
 11990.  0.62889E-04
 11995.  0.62845E-04
 12000.  0.62886E-04
 12005.  0.63453E-04
 12010.  0.64262E-04
 12015.  0.64718E-04
 12020.  0.64651E-04
 12025.  0.64191E-04
 12030.  0.63990E-04
 12035.  0.63863E-04
 12040.  0.63358E-04
 12045.  0.63224E-04
 12050.  0.64004E-04
 12055.  0.64519E-04
 12060.  0.64580E-04
 12065.  0.64699E-04
 12070.  0.64828E-04
 12075.  0.64639E-04
 12080.  0.64242E-04
 12085.  0.63755E-04
 12090.  0.63292E-04
 12095.  0.63631E-04
 12100.  0.64116E-04
 12105.  0.64268E-04
 12110.  0.64233E-04
 12115.  0.64115E-04
 12120.  0.64266E-04
 12125.  0.64494E-04
 12130.  0.64674E-04
 12135.  0.65003E-04
 12140.  0.65302E-04
 12145.  0.65460E-04
 12150.  0.65410E-04
 12155.  0.65252E-04
 12160.  0.65271E-04
 12165.  0.65349E-04
 12170.  0.65351E-04
 12175.  0.65327E-04
 12180.  0.65312E-04
 12185.  0.65305E-04
 12190.  0.65398E-04
 12195.  0.65300E-04
 12200.  0.65123E-04
 12205.  0.65130E-04
 12210.  0.65281E-04
 12215.  0.65370E-04
 12220.  0.65270E-04
 12225.  0.65184E-04
 12230.  0.65219E-04
 12235.  0.65212E-04
 12240.  0.65192E-04
 12245.  0.65489E-04
 12250.  0.65539E-04
 12255.  0.65371E-04
 12260.  0.65213E-04
 12265.  0.65065E-04
 12270.  0.64838E-04
 12275.  0.64663E-04
 12280.  0.64563E-04
 12285.  0.64673E-04
 12290.  0.64932E-04
 12295.  0.64983E-04
 12300.  0.64833E-04
 12305.  0.64852E-04
 12310.  0.64965E-04
 12315.  0.65108E-04
 12320.  0.65130E-04
 12325.  0.65082E-04
 12330.  0.65032E-04
 12335.  0.64946E-04
 12340.  0.64678E-04
 12345.  0.64493E-04
 12350.  0.64461E-04
 12355.  0.64433E-04
 12360.  0.64527E-04
 12365.  0.64692E-04
 12370.  0.64868E-04
 12375.  0.64754E-04
 12380.  0.64865E-04
 12385.  0.64948E-04
 12390.  0.64678E-04
 12395.  0.64437E-04
 12400.  0.64438E-04
 12405.  0.64437E-04
 12410.  0.64486E-04
 12415.  0.64606E-04
 12420.  0.64635E-04
 12425.  0.64565E-04
 12430.  0.64268E-04
 12435.  0.63971E-04
 12440.  0.64016E-04
 12445.  0.64136E-04
 12450.  0.64291E-04
 12455.  0.64599E-04
 12460.  0.64612E-04
 12465.  0.64606E-04
 12470.  0.64522E-04
 12475.  0.64552E-04
 12480.  0.64462E-04
 12485.  0.64353E-04
 12490.  0.64335E-04
 12495.  0.64272E-04
 12500.  0.64286E-04
 12505.  0.64346E-04
 12510.  0.64426E-04
 12515.  0.64332E-04
 12520.  0.64084E-04
 12525.  0.64039E-04
 12530.  0.64022E-04
 12535.  0.63985E-04
 12540.  0.64145E-04
 12545.  0.64386E-04
 12550.  0.64381E-04
 12555.  0.64256E-04
 12560.  0.64369E-04
 12565.  0.64389E-04
 12570.  0.64421E-04
 12575.  0.64438E-04
 12580.  0.64433E-04
 12585.  0.64594E-04
 12590.  0.64554E-04
 12595.  0.64207E-04
 12600.  0.63899E-04
 12605.  0.63923E-04
 12610.  0.64027E-04
 12615.  0.63899E-04
 12620.  0.63901E-04
 12625.  0.64066E-04
 12630.  0.64016E-04
 12635.  0.63945E-04
 12640.  0.63748E-04
 12645.  0.63529E-04
 12650.  0.63232E-04
 12655.  0.63401E-04
 12660.  0.63705E-04
 12665.  0.63752E-04
 12670.  0.63476E-04
 12675.  0.62972E-04
 12680.  0.62759E-04
 12685.  0.63957E-04
 12690.  0.64292E-04
 12695.  0.64276E-04
 12700.  0.64110E-04
 12705.  0.64268E-04
 12710.  0.64498E-04
 12715.  0.64596E-04
 12720.  0.64643E-04
 12725.  0.64612E-04
 12730.  0.64486E-04
 12735.  0.64334E-04
 12740.  0.63978E-04
 12745.  0.63798E-04
 12750.  0.63976E-04
 12755.  0.64291E-04
 12760.  0.64574E-04
 12765.  0.64853E-04
 12770.  0.65068E-04
 12775.  0.65021E-04
 12780.  0.64982E-04
 12785.  0.65019E-04
 12790.  0.65010E-04
 12795.  0.64850E-04
 12800.  0.64716E-04
 12805.  0.64697E-04
 12810.  0.65131E-04
 12815.  0.65653E-04
 12820.  0.65505E-04
 12825.  0.65768E-04
 12830.  0.66473E-04
 12835.  0.65092E-04
 12840.  0.63407E-04
 12845.  0.63179E-04
 12850.  0.63716E-04
 12855.  0.63857E-04
 12860.  0.63766E-04
 12865.  0.63888E-04
 12870.  0.63969E-04
 12875.  0.63678E-04
 12880.  0.63431E-04
 12885.  0.63243E-04
 12890.  0.62888E-04
 12895.  0.62301E-04
 12900.  0.61886E-04
 12905.  0.61557E-04
 12910.  0.61274E-04
 12915.  0.61451E-04
 12920.  0.62300E-04
 12925.  0.62758E-04
 12930.  0.62798E-04
 12935.  0.62780E-04
 12940.  0.62688E-04
 12945.  0.62644E-04
 12950.  0.62821E-04
 12955.  0.63159E-04
 12960.  0.63402E-04
 12965.  0.63737E-04
 12970.  0.63630E-04
 12975.  0.62997E-04
 12980.  0.62539E-04
 12985.  0.62218E-04
 12990.  0.62385E-04
 12995.  0.62607E-04
 13000.  0.62643E-04
 13005.  0.62609E-04
 13010.  0.62460E-04
 13015.  0.62094E-04
 13020.  0.62136E-04
 13025.  0.62310E-04
 13030.  0.62426E-04
 13035.  0.62629E-04
 13040.  0.63034E-04
 13045.  0.62940E-04
 13050.  0.62605E-04
 13055.  0.62434E-04
 13060.  0.62538E-04
 13065.  0.62874E-04
 13070.  0.62653E-04
 13075.  0.62298E-04
 13080.  0.62238E-04
 13085.  0.61967E-04
 13090.  0.61864E-04
 13095.  0.62295E-04
 13100.  0.62711E-04
 13105.  0.62827E-04
 13110.  0.62511E-04
 13115.  0.62158E-04
 13120.  0.61732E-04
 13125.  0.61222E-04
 13130.  0.61144E-04
 13135.  0.61393E-04
 13140.  0.61595E-04
 13145.  0.61520E-04
 13150.  0.61408E-04
 13155.  0.61311E-04
 13160.  0.60952E-04
 13165.  0.61320E-04
 13170.  0.61897E-04
 13175.  0.61667E-04
 13180.  0.61543E-04
 13185.  0.61817E-04
 13190.  0.61888E-04
 13195.  0.61962E-04
 13200.  0.62273E-04
 13205.  0.62014E-04
 13210.  0.61742E-04
 13215.  0.61386E-04
 13220.  0.61127E-04
 13225.  0.61205E-04
 13230.  0.61346E-04
 13235.  0.61701E-04
 13240.  0.61662E-04
 13245.  0.61208E-04
 13250.  0.60878E-04
 13255.  0.60906E-04
 13260.  0.60519E-04
 13265.  0.60576E-04
 13270.  0.60603E-04
 13275.  0.59993E-04
 13280.  0.59686E-04
 13285.  0.59878E-04
 13290.  0.59307E-04
 13295.  0.58092E-04
 13300.  0.57401E-04
 13305.  0.57322E-04
 13310.  0.58230E-04
 13315.  0.57926E-04
 13320.  0.56258E-04
 13325.  0.54285E-04
 13330.  0.53716E-04
 13335.  0.55160E-04
 13340.  0.55700E-04
 13345.  0.54027E-04
 13350.  0.51565E-04
 13355.  0.49888E-04
 13360.  0.48354E-04
 13365.  0.47225E-04
 13370.  0.47371E-04
 13375.  0.47614E-04
 13380.  0.47172E-04
 13385.  0.47050E-04
 13390.  0.47399E-04
 13395.  0.47437E-04
 13400.  0.48023E-04
 13405.  0.48588E-04
 13410.  0.48904E-04
 13415.  0.48816E-04
 13420.  0.48015E-04
 13425.  0.46521E-04
 13430.  0.45145E-04
 13435.  0.45188E-04
 13440.  0.46988E-04
 13445.  0.47990E-04
 13450.  0.47490E-04
 13455.  0.47205E-04
 13460.  0.47381E-04
 13465.  0.47053E-04
 13470.  0.45795E-04
 13475.  0.45129E-04
 13480.  0.46264E-04
 13485.  0.46438E-04
 13490.  0.45546E-04
 13495.  0.44041E-04
 13500.  0.45164E-04
 13505.  0.45152E-04
 13510.  0.45505E-04
 13515.  0.45494E-04
 13520.  0.45483E-04
 13525.  0.45473E-04
 13530.  0.45462E-04
 13535.  0.45451E-04
 13540.  0.45441E-04
 13545.  0.45430E-04
 13550.  0.45419E-04
 13555.  0.45409E-04
 13560.  0.45398E-04
 13565.  0.45387E-04
 13570.  0.45376E-04
 13575.  0.45366E-04
 13580.  0.45355E-04
 13585.  0.45344E-04
 13590.  0.45334E-04
 13595.  0.45323E-04
 13600.  0.45312E-04
 13605.  0.45302E-04
 13610.  0.45291E-04
 13615.  0.45280E-04
 13620.  0.45270E-04
 13625.  0.45259E-04
 13630.  0.45248E-04
 13635.  0.45237E-04
 13640.  0.45227E-04
 13645.  0.45216E-04
 13650.  0.45205E-04
 13655.  0.45195E-04
 13660.  0.45184E-04
 13665.  0.45173E-04
 13670.  0.45163E-04
 13675.  0.45152E-04
 13680.  0.45141E-04
 13685.  0.45131E-04
 13690.  0.45120E-04
 13695.  0.45109E-04
 13700.  0.45098E-04
 13705.  0.45088E-04
 13710.  0.45077E-04
 13715.  0.45066E-04
 13720.  0.45056E-04
 13725.  0.45045E-04
 13730.  0.45034E-04
 13735.  0.45024E-04
 13740.  0.45013E-04
 13745.  0.45002E-04
 13750.  0.44992E-04
 13755.  0.44981E-04
 13760.  0.44970E-04
 13765.  0.44959E-04
 13770.  0.44949E-04
 13775.  0.44938E-04
 13780.  0.44927E-04
 13785.  0.44917E-04
 13790.  0.44906E-04
 13795.  0.44895E-04
 13800.  0.44885E-04
 13805.  0.44874E-04
 13810.  0.44863E-04
 13815.  0.44853E-04
 13820.  0.44842E-04
 13825.  0.44831E-04
 13830.  0.44820E-04
 13835.  0.44810E-04
 13840.  0.44799E-04
 13845.  0.44788E-04
 13850.  0.44778E-04
 13855.  0.44767E-04
 13860.  0.44756E-04
 13865.  0.44746E-04
 13870.  0.44735E-04
 13875.  0.44724E-04
 13880.  0.44714E-04
 13885.  0.44703E-04
 13890.  0.44692E-04
 13895.  0.44681E-04
 13900.  0.44671E-04
 13905.  0.44660E-04
 13910.  0.44649E-04
 13915.  0.44639E-04
 13920.  0.44628E-04
 13925.  0.44617E-04
 13930.  0.44607E-04
 13935.  0.44596E-04
 13940.  0.44585E-04
 13945.  0.44575E-04
 13950.  0.44564E-04
 13955.  0.44553E-04
 13960.  0.44542E-04
 13965.  0.44532E-04
 13970.  0.44521E-04
 13975.  0.44510E-04
 13980.  0.44500E-04
 13985.  0.44489E-04
 13990.  0.44478E-04
 13995.  0.44468E-04
 14000.  0.44457E-04
 14005.  0.44446E-04
 14010.  0.44436E-04
 14015.  0.44425E-04
 14020.  0.44414E-04
 14025.  0.44404E-04
 14030.  0.44393E-04
 14035.  0.44382E-04
 14040.  0.44371E-04
 14045.  0.44361E-04
 14050.  0.44350E-04
 14055.  0.44339E-04
 14060.  0.44329E-04
 14065.  0.44318E-04
 14070.  0.44307E-04
 14075.  0.44297E-04
 14080.  0.44286E-04
 14085.  0.44275E-04
 14090.  0.44265E-04
 14095.  0.44254E-04
 14100.  0.44243E-04
 14105.  0.44232E-04
 14110.  0.44222E-04
 14115.  0.44211E-04
 14120.  0.44200E-04
 14125.  0.44190E-04
 14130.  0.44179E-04
 14135.  0.44168E-04
 14140.  0.44158E-04
 14145.  0.44147E-04
 14150.  0.44136E-04
 14155.  0.44126E-04
 14160.  0.44115E-04
 14165.  0.44104E-04
 14170.  0.44093E-04
 14175.  0.44083E-04
 14180.  0.44072E-04
 14185.  0.44061E-04
 14190.  0.44051E-04
 14195.  0.44040E-04
 14200.  0.44029E-04
 14205.  0.44019E-04
 14210.  0.44008E-04
 14215.  0.43997E-04
 14220.  0.43987E-04
 14225.  0.43976E-04
 14230.  0.43965E-04
 14235.  0.43954E-04
 14240.  0.43944E-04
 14245.  0.43933E-04
 14250.  0.43922E-04
 14255.  0.43912E-04
 14260.  0.43901E-04
 14265.  0.43890E-04
 14270.  0.43880E-04
 14275.  0.43869E-04
 14280.  0.43858E-04
 14285.  0.43848E-04
 14290.  0.43837E-04
 14295.  0.43826E-04
 14300.  0.43815E-04
 14305.  0.43805E-04
 14310.  0.43794E-04
 14315.  0.43783E-04
 14320.  0.43773E-04
 14325.  0.43762E-04
 14330.  0.43751E-04
 14335.  0.43741E-04
 14340.  0.43730E-04
 14345.  0.43719E-04
 14350.  0.43709E-04
 14355.  0.43698E-04
 14360.  0.43687E-04
 14365.  0.43676E-04
 14370.  0.43666E-04
 14375.  0.43655E-04
 14380.  0.43644E-04
 14385.  0.43634E-04
 14390.  0.43623E-04
 14395.  0.43612E-04
 14400.  0.43602E-04
 14405.  0.43591E-04
 14410.  0.43580E-04
 14415.  0.43570E-04
 14420.  0.42349E-04
 14425.  0.44085E-04
 14430.  0.44008E-04
 14435.  0.43339E-04
 14440.  0.43071E-04
 14445.  0.41970E-04
 14450.  0.42487E-04
 14455.  0.44435E-04
 14460.  0.44546E-04
 14465.  0.43894E-04
 14470.  0.44886E-04
 14475.  0.44172E-04
 14480.  0.43729E-04
 14485.  0.44099E-04
 14490.  0.43074E-04
 14495.  0.41688E-04
 14500.  0.43766E-04
 14505.  0.46058E-04
 14510.  0.44810E-04
 14515.  0.42342E-04
 14520.  0.43242E-04
 14525.  0.45643E-04
 14530.  0.46786E-04
 14535.  0.45915E-04
 14540.  0.44427E-04
 14545.  0.43637E-04
 14550.  0.44203E-04
 14555.  0.44437E-04
 14560.  0.43022E-04
 14565.  0.41712E-04
 14570.  0.41916E-04
 14575.  0.43171E-04
 14580.  0.44687E-04
 14585.  0.45729E-04
 14590.  0.45832E-04
 14595.  0.45216E-04
 14600.  0.44437E-04
 14605.  0.43447E-04
 14610.  0.41677E-04
 14615.  0.39607E-04
 14620.  0.38046E-04
 14625.  0.38980E-04
 14630.  0.41649E-04
 14635.  0.42428E-04
 14640.  0.41154E-04
 14645.  0.40726E-04
 14650.  0.41787E-04
 14655.  0.42818E-04
 14660.  0.43441E-04
 14665.  0.44380E-04
 14670.  0.44342E-04
 14675.  0.43427E-04
 14680.  0.41787E-04
 14685.  0.40054E-04
 14690.  0.39237E-04
 14695.  0.39043E-04
 14700.  0.39865E-04
 14705.  0.42511E-04
 14710.  0.44370E-04
 14715.  0.44411E-04
 14720.  0.45809E-04
 14725.  0.47030E-04
 14730.  0.47646E-04
 14735.  0.47996E-04
 14740.  0.47017E-04
 14745.  0.44667E-04
 14750.  0.42926E-04
 14755.  0.43226E-04
 14760.  0.43694E-04
 14765.  0.43463E-04
 14770.  0.43857E-04
 14775.  0.44707E-04
 14780.  0.44475E-04
 14785.  0.43824E-04
 14790.  0.43898E-04
 14795.  0.44829E-04
 14800.  0.45410E-04
 14805.  0.44215E-04
 14810.  0.42503E-04
 14815.  0.44005E-04
 14820.  0.45927E-04
 14825.  0.46193E-04
 14830.  0.45402E-04
 14835.  0.45349E-04
 14840.  0.46467E-04
 14845.  0.47558E-04
 14850.  0.47274E-04
 14855.  0.46364E-04
 14860.  0.46502E-04
 14865.  0.47899E-04
 14870.  0.48248E-04
 14875.  0.47426E-04
 14880.  0.45925E-04
 14885.  0.44513E-04
 14890.  0.44206E-04
 14895.  0.44856E-04
 14900.  0.44766E-04
 14905.  0.44429E-04
 14910.  0.45326E-04
 14915.  0.46492E-04
 14920.  0.47170E-04
 14925.  0.47676E-04
 14930.  0.47870E-04
 14935.  0.47649E-04
 14940.  0.47457E-04
 14945.  0.47476E-04
 14950.  0.47422E-04
 14955.  0.47648E-04
 14960.  0.48185E-04
 14965.  0.48201E-04
 14970.  0.47894E-04
 14975.  0.48106E-04
 14980.  0.48800E-04
 14985.  0.49344E-04
 14990.  0.49505E-04
 14995.  0.49138E-04
 15000.  0.48172E-04
 15005.  0.47432E-04
 15010.  0.46906E-04
 15015.  0.45871E-04
 15020.  0.44699E-04
 15025.  0.44309E-04
 15030.  0.44627E-04
 15035.  0.45345E-04
 15040.  0.46473E-04
 15045.  0.47412E-04
 15050.  0.47544E-04
 15055.  0.47160E-04
 15060.  0.46817E-04
 15065.  0.46889E-04
 15070.  0.47236E-04
 15075.  0.47510E-04
 15080.  0.48027E-04
 15085.  0.48792E-04
 15090.  0.48864E-04
 15095.  0.48608E-04
 15100.  0.48742E-04
 15105.  0.49023E-04
 15110.  0.48898E-04
 15115.  0.48625E-04
 15120.  0.48530E-04
 15125.  0.48314E-04
 15130.  0.47719E-04
 15135.  0.47094E-04
 15140.  0.46568E-04
 15145.  0.46346E-04
 15150.  0.46902E-04
 15155.  0.47734E-04
 15160.  0.48376E-04
 15165.  0.48807E-04
 15170.  0.48851E-04
 15175.  0.48429E-04
 15180.  0.48054E-04
 15185.  0.48331E-04
 15190.  0.48987E-04
 15195.  0.49467E-04
 15200.  0.49897E-04
 15205.  0.50205E-04
 15210.  0.50423E-04
 15215.  0.50658E-04
 15220.  0.50710E-04
 15225.  0.50552E-04
 15230.  0.50490E-04
 15235.  0.50392E-04
 15240.  0.50458E-04
 15245.  0.50760E-04
 15250.  0.50672E-04
 15255.  0.50025E-04
 15260.  0.49224E-04
 15265.  0.48623E-04
 15270.  0.48127E-04
 15275.  0.47487E-04
 15280.  0.47045E-04
 15285.  0.47339E-04
 15290.  0.48049E-04
 15295.  0.49000E-04
 15300.  0.50219E-04
 15305.  0.51414E-04
 15310.  0.52215E-04
 15315.  0.52514E-04
 15320.  0.52255E-04
 15325.  0.51555E-04
 15330.  0.50832E-04
 15335.  0.50659E-04
 15340.  0.50995E-04
 15345.  0.51576E-04
 15350.  0.52097E-04
 15355.  0.52349E-04
 15360.  0.52299E-04
 15365.  0.51942E-04
 15370.  0.51071E-04
 15375.  0.49926E-04
 15380.  0.49158E-04
 15385.  0.48681E-04
 15390.  0.48746E-04
 15395.  0.49070E-04
 15400.  0.48979E-04
 15405.  0.48544E-04
 15410.  0.48271E-04
 15415.  0.48160E-04
 15420.  0.47726E-04
 15425.  0.47297E-04
 15430.  0.47160E-04
 15435.  0.47546E-04
 15440.  0.48744E-04
 15445.  0.50477E-04
 15450.  0.52002E-04
 15455.  0.52922E-04
 15460.  0.53351E-04
 15465.  0.53384E-04
 15470.  0.53146E-04
 15475.  0.52957E-04
 15480.  0.52977E-04
 15485.  0.53215E-04
 15490.  0.53373E-04
 15495.  0.53181E-04
 15500.  0.52647E-04
 15505.  0.51902E-04
 15510.  0.51374E-04
 15515.  0.51388E-04
 15520.  0.52086E-04
 15525.  0.53024E-04
 15530.  0.53480E-04
 15535.  0.53237E-04
 15540.  0.52580E-04
 15545.  0.51786E-04
 15550.  0.51279E-04
 15555.  0.50923E-04
 15560.  0.50612E-04
 15565.  0.50006E-04
 15570.  0.49084E-04
 15575.  0.48373E-04
 15580.  0.48215E-04
 15585.  0.48461E-04
 15590.  0.48946E-04
 15595.  0.49412E-04
 15600.  0.49994E-04
 15605.  0.50532E-04
 15610.  0.51069E-04
 15615.  0.51674E-04
 15620.  0.51987E-04
 15625.  0.51903E-04
 15630.  0.51743E-04
 15635.  0.51621E-04
 15640.  0.51508E-04
 15645.  0.51551E-04
 15650.  0.51728E-04
 15655.  0.51771E-04
 15660.  0.51711E-04
 15665.  0.51997E-04
 15670.  0.52762E-04
 15675.  0.53830E-04
 15680.  0.54766E-04
 15685.  0.55107E-04
 15690.  0.54980E-04
 15695.  0.54620E-04
 15700.  0.54274E-04
 15705.  0.54113E-04
 15710.  0.54035E-04
 15715.  0.53703E-04
 15720.  0.52918E-04
 15725.  0.51971E-04
 15730.  0.51367E-04
 15735.  0.51426E-04
 15740.  0.52145E-04
 15745.  0.52988E-04
 15750.  0.53276E-04
 15755.  0.53037E-04
 15760.  0.52385E-04
 15765.  0.51343E-04
 15770.  0.50235E-04
 15775.  0.49194E-04
 15780.  0.48371E-04
 15785.  0.48016E-04
 15790.  0.48118E-04
 15795.  0.48723E-04
 15800.  0.49822E-04
 15805.  0.50989E-04
 15810.  0.51828E-04
 15815.  0.52215E-04
 15820.  0.52296E-04
 15825.  0.52184E-04
 15830.  0.51928E-04
 15835.  0.51727E-04
 15840.  0.51850E-04
 15845.  0.52323E-04
 15850.  0.53077E-04
 15855.  0.53954E-04
 15860.  0.54643E-04
 15865.  0.55096E-04
 15870.  0.55264E-04
 15875.  0.54946E-04
 15880.  0.53992E-04
 15885.  0.52395E-04
 15890.  0.50562E-04
 15895.  0.48922E-04
 15900.  0.48064E-04
 15905.  0.48152E-04
 15910.  0.49160E-04
 15915.  0.50656E-04
 15920.  0.51959E-04
 15925.  0.52858E-04
 15930.  0.53630E-04
 15935.  0.54398E-04
 15940.  0.54997E-04
 15945.  0.55398E-04
 15950.  0.55520E-04
 15955.  0.55330E-04
 15960.  0.55036E-04
 15965.  0.54587E-04
 15970.  0.53725E-04
 15975.  0.52587E-04
 15980.  0.51528E-04
 15985.  0.50874E-04
 15990.  0.50456E-04
 15995.  0.50043E-04
 16000.  0.49997E-04
 16005.  0.50463E-04
 16010.  0.51074E-04
 16015.  0.51473E-04
 16020.  0.51742E-04
 16025.  0.52045E-04
 16030.  0.52356E-04
 16035.  0.52457E-04
 16040.  0.52488E-04
 16045.  0.52299E-04
 16050.  0.51838E-04
 16055.  0.51388E-04
 16060.  0.51058E-04
 16065.  0.50623E-04
 16070.  0.50087E-04
 16075.  0.50114E-04
 16080.  0.51008E-04
 16085.  0.52471E-04
 16090.  0.54002E-04
 16095.  0.55175E-04
 16100.  0.56054E-04
 16105.  0.56284E-04
 16110.  0.56320E-04
 16115.  0.56005E-04
 16120.  0.55435E-04
 16125.  0.54949E-04
 16130.  0.54748E-04
 16135.  0.54801E-04
 16140.  0.54972E-04
 16145.  0.55111E-04
 16150.  0.55395E-04
 16155.  0.55442E-04
 16160.  0.55208E-04
 16165.  0.54806E-04
 16170.  0.54784E-04
 16175.  0.54519E-04
 16180.  0.53639E-04
 16185.  0.52143E-04
 16190.  0.50517E-04
 16195.  0.48856E-04
 16200.  0.47464E-04
 16205.  0.46739E-04
 16210.  0.46869E-04
 16215.  0.47590E-04
 16220.  0.48251E-04
 16225.  0.48861E-04
 16230.  0.49527E-04
 16235.  0.50061E-04
 16240.  0.50185E-04
 16245.  0.49952E-04
 16250.  0.49519E-04
 16255.  0.49250E-04
 16260.  0.49210E-04
 16265.  0.49677E-04
 16270.  0.50608E-04
 16275.  0.51925E-04
 16280.  0.53178E-04
 16285.  0.54106E-04
 16290.  0.54539E-04
 16295.  0.54551E-04
 16300.  0.54518E-04
 16305.  0.54422E-04
 16310.  0.53949E-04
 16315.  0.53516E-04
 16320.  0.53233E-04
 16325.  0.53106E-04
 16330.  0.53178E-04
 16335.  0.53464E-04
 16340.  0.53549E-04
 16345.  0.53250E-04
 16350.  0.52854E-04
 16355.  0.52484E-04
 16360.  0.52114E-04
 16365.  0.51866E-04
 16370.  0.52018E-04
 16375.  0.52413E-04
 16380.  0.52846E-04
 16385.  0.53170E-04
 16390.  0.52828E-04
 16395.  0.52096E-04
 16400.  0.51528E-04
 16405.  0.51235E-04
 16410.  0.50871E-04
 16415.  0.50423E-04
 16420.  0.50046E-04
 16425.  0.50505E-04
 16430.  0.51348E-04
 16435.  0.51602E-04
 16440.  0.50941E-04
 16445.  0.49690E-04
 16450.  0.48772E-04
 16455.  0.48713E-04
 16460.  0.49296E-04
 16465.  0.50054E-04
 16470.  0.50612E-04
 16475.  0.51218E-04
 16480.  0.51865E-04
 16485.  0.52293E-04
 16490.  0.52477E-04
 16495.  0.52727E-04
 16500.  0.53174E-04
 16505.  0.53609E-04
 16510.  0.53893E-04
 16515.  0.53612E-04
 16520.  0.52907E-04
 16525.  0.51943E-04
 16530.  0.50897E-04
 16535.  0.49999E-04
 16540.  0.49761E-04
 16545.  0.50079E-04
 16550.  0.50555E-04
 16555.  0.51401E-04
 16560.  0.52346E-04
 16565.  0.53032E-04
 16570.  0.53232E-04
 16575.  0.53112E-04
 16580.  0.52928E-04
 16585.  0.52788E-04
 16590.  0.52817E-04
 16595.  0.52695E-04
 16600.  0.52366E-04
 16605.  0.51784E-04
 16610.  0.51064E-04
 16615.  0.50278E-04
 16620.  0.49727E-04
 16625.  0.49492E-04
 16630.  0.49509E-04
 16635.  0.49629E-04
 16640.  0.49792E-04
 16645.  0.49910E-04
 16650.  0.49683E-04
 16655.  0.49468E-04
 16660.  0.49195E-04
 16665.  0.48995E-04
 16670.  0.49296E-04
 16675.  0.49928E-04
 16680.  0.50614E-04
 16685.  0.51114E-04
 16690.  0.51406E-04
 16695.  0.51520E-04
 16700.  0.51454E-04
 16705.  0.51149E-04
 16710.  0.50809E-04
 16715.  0.50337E-04
 16720.  0.49817E-04
 16725.  0.49484E-04
 16730.  0.49593E-04
 16735.  0.49874E-04
 16740.  0.50166E-04
 16745.  0.50239E-04
 16750.  0.50279E-04
 16755.  0.50243E-04
 16760.  0.50190E-04
 16765.  0.50284E-04
 16770.  0.50874E-04
 16775.  0.51916E-04
 16780.  0.52805E-04
 16785.  0.53385E-04
 16790.  0.53577E-04
 16795.  0.53345E-04
 16800.  0.52954E-04
 16805.  0.52731E-04
 16810.  0.52715E-04
 16815.  0.52715E-04
 16820.  0.52517E-04
 16825.  0.52074E-04
 16830.  0.51381E-04
 16835.  0.50600E-04
 16840.  0.50334E-04
 16845.  0.50316E-04
 16850.  0.50191E-04
 16855.  0.49827E-04
 16860.  0.49452E-04
 16865.  0.49318E-04
 16870.  0.49084E-04
 16875.  0.48716E-04
 16880.  0.48219E-04
 16885.  0.47787E-04
 16890.  0.47497E-04
 16895.  0.47213E-04
 16900.  0.46940E-04
 16905.  0.46965E-04
 16910.  0.47224E-04
 16915.  0.47876E-04
 16920.  0.48590E-04
 16925.  0.49342E-04
 16930.  0.50003E-04
 16935.  0.50462E-04
 16940.  0.50616E-04
 16945.  0.50650E-04
 16950.  0.50388E-04
 16955.  0.49996E-04
 16960.  0.49703E-04
 16965.  0.49708E-04
 16970.  0.49825E-04
 16975.  0.49997E-04
 16980.  0.50040E-04
 16985.  0.50061E-04
 16990.  0.50168E-04
 16995.  0.50294E-04
 17000.  0.50307E-04
 17005.  0.50060E-04
 17010.  0.49682E-04
 17015.  0.49340E-04
 17020.  0.49254E-04
 17025.  0.49373E-04
 17030.  0.49625E-04
 17035.  0.49874E-04
 17040.  0.49886E-04
 17045.  0.49619E-04
 17050.  0.49110E-04
 17055.  0.48479E-04
 17060.  0.47755E-04
 17065.  0.46919E-04
 17070.  0.46170E-04
 17075.  0.45529E-04
 17080.  0.45187E-04
 17085.  0.45560E-04
 17090.  0.45953E-04
 17095.  0.45909E-04
 17100.  0.45340E-04
 17105.  0.44674E-04
 17110.  0.44131E-04
 17115.  0.43998E-04
 17120.  0.44216E-04
 17125.  0.44821E-04
 17130.  0.45900E-04
 17135.  0.46882E-04
 17140.  0.47886E-04
 17145.  0.48533E-04
 17150.  0.48249E-04
 17155.  0.48089E-04
 17160.  0.48172E-04
 17165.  0.47771E-04
 17170.  0.47207E-04
 17175.  0.46730E-04
 17180.  0.46372E-04
 17185.  0.46129E-04
 17190.  0.46005E-04
 17195.  0.45875E-04
 17200.  0.45638E-04
 17205.  0.45910E-04
 17210.  0.46770E-04
 17215.  0.46888E-04
 17220.  0.46442E-04
 17225.  0.45992E-04
 17230.  0.45700E-04
 17235.  0.45375E-04
 17240.  0.45239E-04
 17245.  0.45206E-04
 17250.  0.45196E-04
 17255.  0.45482E-04
 17260.  0.45939E-04
 17265.  0.46258E-04
 17270.  0.46316E-04
 17275.  0.46092E-04
 17280.  0.46019E-04
 17285.  0.46394E-04
 17290.  0.46390E-04
 17295.  0.46072E-04
 17300.  0.45635E-04
 17305.  0.45015E-04
 17310.  0.44351E-04
 17315.  0.44055E-04
 17320.  0.44169E-04
 17325.  0.44111E-04
 17330.  0.44030E-04
 17335.  0.44195E-04
 17340.  0.44494E-04
 17345.  0.44756E-04
 17350.  0.44812E-04
 17355.  0.45047E-04
 17360.  0.45752E-04
 17365.  0.46920E-04
 17370.  0.47606E-04
 17375.  0.47412E-04
 17380.  0.46742E-04
 17385.  0.46262E-04
 17390.  0.46007E-04
 17395.  0.45549E-04
 17400.  0.44702E-04
 17405.  0.43945E-04
 17410.  0.43476E-04
 17415.  0.43383E-04
 17420.  0.43017E-04
 17425.  0.42583E-04
 17430.  0.42638E-04
 17435.  0.43060E-04
 17440.  0.43485E-04
 17445.  0.43781E-04
 17450.  0.43369E-04
 17455.  0.42563E-04
 17460.  0.42416E-04
 17465.  0.43124E-04
 17470.  0.43654E-04
 17475.  0.43157E-04
 17480.  0.42019E-04
 17485.  0.42209E-04
 17490.  0.39727E-04
 17495.  0.42460E-04
 17500.  0.42175E-04
 17505.  0.41758E-04
 17510.  0.41665E-04
 17515.  0.41493E-04
 17520.  0.41475E-04
 17525.  0.41336E-04
 17530.  0.41050E-04
 17535.  0.40438E-04
 17540.  0.39751E-04
 17545.  0.39261E-04
 17550.  0.39177E-04
 17555.  0.38793E-04
 17560.  0.38645E-04
 17565.  0.38710E-04
 17570.  0.39418E-04
 17575.  0.39597E-04
 17580.  0.39370E-04
 17585.  0.39157E-04
 17590.  0.38912E-04
 17595.  0.38691E-04
 17600.  0.38723E-04
 17605.  0.39080E-04
 17610.  0.39270E-04
 17615.  0.38654E-04
 17620.  0.38576E-04
 17625.  0.38662E-04
 17630.  0.38522E-04
 17635.  0.38099E-04
 17640.  0.37868E-04
 17645.  0.37834E-04
 17650.  0.39018E-04
 17655.  0.40277E-04
 17660.  0.41076E-04
 17665.  0.40362E-04
 17670.  0.39303E-04
 17675.  0.38023E-04
 17680.  0.36866E-04
 17685.  0.36031E-04
 17690.  0.35896E-04
 17695.  0.36629E-04
 17700.  0.37733E-04
 17705.  0.38888E-04
 17710.  0.38864E-04
 17715.  0.38264E-04
 17720.  0.37385E-04
 17725.  0.36630E-04
 17730.  0.36347E-04
 17735.  0.36478E-04
 17740.  0.37007E-04
 17745.  0.37022E-04
 17750.  0.36712E-04
 17755.  0.36491E-04
 17760.  0.36060E-04
 17765.  0.35166E-04
 17770.  0.33922E-04
 17775.  0.33762E-04
 17780.  0.34599E-04
 17785.  0.36361E-04
 17790.  0.36419E-04
 17795.  0.35639E-04
 17800.  0.34542E-04
 17805.  0.35217E-04
 17810.  0.35979E-04
 17815.  0.35830E-04
 17820.  0.34536E-04
 17825.  0.33348E-04
 17830.  0.32897E-04
 17835.  0.33041E-04
 17840.  0.33787E-04
 17845.  0.34627E-04
 17850.  0.34408E-04
 17855.  0.33659E-04
 17860.  0.32734E-04
 17865.  0.32562E-04
 17870.  0.32574E-04
 17875.  0.32821E-04
 17880.  0.33459E-04
 17885.  0.34035E-04
 17890.  0.34510E-04
 17895.  0.34451E-04
 17900.  0.34779E-04
 17905.  0.35002E-04
 17910.  0.34587E-04
 17915.  0.33634E-04
 17920.  0.32618E-04
 17925.  0.32345E-04
 17930.  0.32766E-04
 17935.  0.33491E-04
 17940.  0.33853E-04
 17945.  0.33389E-04
 17950.  0.32932E-04
 17955.  0.33134E-04
 17960.  0.33887E-04
 17965.  0.34511E-04
 17970.  0.34987E-04
 17975.  0.35328E-04
 17980.  0.34698E-04
 17985.  0.33230E-04
 17990.  0.31690E-04
 17995.  0.31218E-04
 18000.  0.31543E-04
 18005.  0.32055E-04
 18010.  0.32448E-04
 18015.  0.32569E-04
 18020.  0.32603E-04
 18025.  0.32750E-04
 18030.  0.32720E-04
 18035.  0.32490E-04
 18040.  0.31360E-04
 18045.  0.30410E-04
 18050.  0.30642E-04
 18055.  0.32293E-04
 18060.  0.33435E-04
 18065.  0.33795E-04
 18070.  0.32938E-04
 18075.  0.32195E-04
 18080.  0.31526E-04
 18085.  0.31510E-04
 18090.  0.31495E-04
 18095.  0.31479E-04
 18100.  0.31463E-04
 18105.  0.31448E-04
 18110.  0.31432E-04
 18115.  0.31416E-04
 18120.  0.31401E-04
 18125.  0.31385E-04
 18130.  0.31369E-04
 18135.  0.31354E-04
 18140.  0.31338E-04
 18145.  0.31322E-04
 18150.  0.31307E-04
 18155.  0.31291E-04
 18160.  0.31275E-04
 18165.  0.31260E-04
 18170.  0.31244E-04
 18175.  0.31228E-04
 18180.  0.31213E-04
 18185.  0.31197E-04
 18190.  0.31182E-04
 18195.  0.31166E-04
 18200.  0.31150E-04
 18205.  0.31135E-04
 18210.  0.31119E-04
 18215.  0.31103E-04
 18220.  0.31088E-04
 18225.  0.31072E-04
 18230.  0.31056E-04
 18235.  0.31041E-04
 18240.  0.31025E-04
 18245.  0.31009E-04
 18250.  0.30994E-04
 18255.  0.30978E-04
 18260.  0.30962E-04
 18265.  0.30947E-04
 18270.  0.30931E-04
 18275.  0.30915E-04
 18280.  0.30900E-04
 18285.  0.30884E-04
 18290.  0.30868E-04
 18295.  0.30853E-04
 18300.  0.30837E-04
 18305.  0.30821E-04
 18310.  0.30806E-04
 18315.  0.30790E-04
 18320.  0.30774E-04
 18325.  0.30759E-04
 18330.  0.30743E-04
 18335.  0.30727E-04
 18340.  0.30712E-04
 18345.  0.30696E-04
 18350.  0.30680E-04
 18355.  0.30665E-04
 18360.  0.30649E-04
 18365.  0.30634E-04
 18370.  0.30618E-04
 18375.  0.30602E-04
 18380.  0.30587E-04
 18385.  0.30571E-04
 18390.  0.30555E-04
 18395.  0.30540E-04
 18400.  0.30524E-04
 18405.  0.30508E-04
 18410.  0.30493E-04
 18415.  0.30477E-04
 18420.  0.30461E-04
 18425.  0.30446E-04
 18430.  0.30430E-04
 18435.  0.30414E-04
 18440.  0.30399E-04
 18445.  0.30383E-04
 18450.  0.30367E-04
 18455.  0.30352E-04
 18460.  0.30336E-04
 18465.  0.30320E-04
 18470.  0.30305E-04
 18475.  0.30289E-04
 18480.  0.30273E-04
 18485.  0.30258E-04
 18490.  0.30242E-04
 18495.  0.30226E-04
 18500.  0.30211E-04
 18505.  0.30195E-04
 18510.  0.30179E-04
 18515.  0.30164E-04
 18520.  0.30148E-04
 18525.  0.30132E-04
 18530.  0.30117E-04
 18535.  0.30101E-04
 18540.  0.30086E-04
 18545.  0.30070E-04
 18550.  0.30054E-04
 18555.  0.30039E-04
 18560.  0.30023E-04
 18565.  0.30007E-04
 18570.  0.29992E-04
 18575.  0.29976E-04
 18580.  0.29960E-04
 18585.  0.29945E-04
 18590.  0.29929E-04
 18595.  0.29913E-04
 18600.  0.29898E-04
 18605.  0.29882E-04
 18610.  0.29866E-04
 18615.  0.29851E-04
 18620.  0.29835E-04
 18625.  0.29819E-04
 18630.  0.29804E-04
 18635.  0.29788E-04
 18640.  0.29772E-04
 18645.  0.29757E-04
 18650.  0.29741E-04
 18655.  0.29725E-04
 18660.  0.29710E-04
 18665.  0.29694E-04
 18670.  0.29678E-04
 18675.  0.29663E-04
 18680.  0.29647E-04
 18685.  0.29631E-04
 18690.  0.29616E-04
 18695.  0.29600E-04
 18700.  0.29584E-04
 18705.  0.29569E-04
 18710.  0.29553E-04
 18715.  0.29538E-04
 18720.  0.29522E-04
 18725.  0.29506E-04
 18730.  0.29491E-04
 18735.  0.29475E-04
 18740.  0.29459E-04
 18745.  0.29444E-04
 18750.  0.29428E-04
 18755.  0.29412E-04
 18760.  0.29397E-04
 18765.  0.29381E-04
 18770.  0.29365E-04
 18775.  0.29350E-04
 18780.  0.29334E-04
 18785.  0.29318E-04
 18790.  0.29303E-04
 18795.  0.29287E-04
 18800.  0.29271E-04
 18805.  0.29256E-04
 18810.  0.29240E-04
 18815.  0.29224E-04
 18820.  0.29209E-04
 18825.  0.29193E-04
 18830.  0.29177E-04
 18835.  0.29162E-04
 18840.  0.29146E-04
 18845.  0.29130E-04
 18850.  0.29115E-04
 18855.  0.29099E-04
 18860.  0.29083E-04
 18865.  0.29068E-04
 18870.  0.29052E-04
 18875.  0.29036E-04
 18880.  0.29021E-04
 18885.  0.29005E-04
 18890.  0.28990E-04
 18895.  0.28974E-04
 18900.  0.28958E-04
 18905.  0.28943E-04
 18910.  0.28927E-04
 18915.  0.28911E-04
 18920.  0.28896E-04
 18925.  0.28880E-04
 18930.  0.28864E-04
 18935.  0.28849E-04
 18940.  0.28833E-04
 18945.  0.28817E-04
 18950.  0.28802E-04
 18955.  0.28786E-04
 18960.  0.28770E-04
 18965.  0.28755E-04
 18970.  0.28739E-04
 18975.  0.28723E-04
 18980.  0.28708E-04
 18985.  0.28692E-04
 18990.  0.28676E-04
 18995.  0.28661E-04
 19000.  0.28645E-04
 19005.  0.28629E-04
 19010.  0.28614E-04
 19015.  0.28598E-04
 19020.  0.28582E-04
 19025.  0.28567E-04
 19030.  0.28551E-04
 19035.  0.28535E-04
 19040.  0.28520E-04
 19045.  0.28504E-04
 19050.  0.28488E-04
 19055.  0.28473E-04
 19060.  0.28457E-04
 19065.  0.28442E-04
 19070.  0.28426E-04
 19075.  0.28410E-04
 19080.  0.28395E-04
 19085.  0.28379E-04
 19090.  0.28363E-04
 19095.  0.28348E-04
 19100.  0.28332E-04
 19105.  0.28316E-04
 19110.  0.28301E-04
 19115.  0.28285E-04
 19120.  0.28269E-04
 19125.  0.28254E-04
 19130.  0.28238E-04
 19135.  0.28222E-04
 19140.  0.28207E-04
 19145.  0.28191E-04
 19150.  0.28175E-04
 19155.  0.28160E-04
 19160.  0.28144E-04
 19165.  0.28128E-04
 19170.  0.28113E-04
 19175.  0.28097E-04
 19180.  0.28081E-04
 19185.  0.28066E-04
 19190.  0.28050E-04
 19195.  0.28034E-04
 19200.  0.28019E-04
 19205.  0.28003E-04
 19210.  0.27987E-04
 19215.  0.27972E-04
 19220.  0.27956E-04
 19225.  0.27941E-04
 19230.  0.27925E-04
 19235.  0.27909E-04
 19240.  0.27894E-04
 19245.  0.27878E-04
 19250.  0.27862E-04
 19255.  0.27847E-04
 19260.  0.27831E-04
 19265.  0.27815E-04
 19270.  0.27800E-04
 19275.  0.27784E-04
 19280.  0.27768E-04
 19285.  0.27753E-04
 19290.  0.27737E-04
 19295.  0.27721E-04
 19300.  0.27706E-04
 19305.  0.27690E-04
 19310.  0.27674E-04
 19315.  0.27659E-04
 19320.  0.27643E-04
 19325.  0.27627E-04
 19330.  0.27612E-04
 19335.  0.27596E-04
 19340.  0.27580E-04
 19345.  0.27565E-04
 19350.  0.27549E-04
 19355.  0.27533E-04
 19360.  0.27518E-04
 19365.  0.27502E-04
 19370.  0.27486E-04
 19375.  0.27471E-04
 19380.  0.27455E-04
 19385.  0.27439E-04
 19390.  0.27424E-04
 19395.  0.27408E-04
 19400.  0.27393E-04
 19405.  0.27377E-04
 19410.  0.27361E-04
 19415.  0.27346E-04
 19420.  0.27330E-04
 19425.  0.27314E-04
 19430.  0.27299E-04
 19435.  0.27283E-04
 19440.  0.27267E-04
 19445.  0.27252E-04
 19450.  0.27236E-04
 19455.  0.27220E-04
 19460.  0.27205E-04
 19465.  0.27189E-04
 19470.  0.27173E-04
 19475.  0.27158E-04
 19480.  0.27142E-04
 19485.  0.27126E-04
 19490.  0.27111E-04
 19495.  0.27095E-04
 19500.  0.27079E-04
 19505.  0.26748E-04
 19510.  0.26446E-04
 19515.  0.26146E-04
 19520.  0.26028E-04
 19525.  0.26537E-04
 19530.  0.27248E-04
 19535.  0.27625E-04
 19540.  0.27351E-04
 19545.  0.26607E-04
 19550.  0.25959E-04
 19555.  0.25434E-04
 19560.  0.25047E-04
 19565.  0.24455E-04
 19570.  0.24195E-04
 19575.  0.25055E-04
 19580.  0.26857E-04
 19585.  0.28696E-04
 19590.  0.28755E-04
 19595.  0.28072E-04
 19600.  0.27141E-04
 19605.  0.26441E-04
 19610.  0.25589E-04
 19615.  0.24706E-04
 19620.  0.24299E-04
 19625.  0.24807E-04
 19630.  0.25698E-04
 19635.  0.26135E-04
 19640.  0.25799E-04
 19645.  0.25328E-04
 19650.  0.25573E-04
 19655.  0.25847E-04
 19660.  0.26129E-04
 19665.  0.26335E-04
 19670.  0.26735E-04
 19675.  0.27015E-04
 19680.  0.26996E-04
 19685.  0.26646E-04
 19690.  0.26236E-04
 19695.  0.25983E-04
 19700.  0.25588E-04
 19705.  0.25845E-04
 19710.  0.26536E-04
 19715.  0.27094E-04
 19720.  0.27031E-04
 19725.  0.26500E-04
 19730.  0.26083E-04
 19735.  0.25768E-04
 19740.  0.25425E-04
 19745.  0.24840E-04
 19750.  0.24601E-04
 19755.  0.24622E-04
 19760.  0.24584E-04
 19765.  0.24414E-04
 19770.  0.24315E-04
 19775.  0.24571E-04
 19780.  0.24664E-04
 19785.  0.24766E-04
 19790.  0.25120E-04
 19795.  0.25837E-04
 19800.  0.26323E-04
 19805.  0.26138E-04
 19810.  0.25390E-04
 19815.  0.24785E-04
 19820.  0.24753E-04
 19825.  0.24971E-04
 19830.  0.25097E-04
 19835.  0.25026E-04
 19840.  0.25128E-04
 19845.  0.25273E-04
 19850.  0.25412E-04
 19855.  0.25511E-04
 19860.  0.25818E-04
 19865.  0.26274E-04
 19870.  0.26722E-04
 19875.  0.26526E-04
 19880.  0.25924E-04
 19885.  0.25119E-04
 19890.  0.24717E-04
 19895.  0.24526E-04
 19900.  0.24618E-04
 19905.  0.24347E-04
 19910.  0.23975E-04
 19915.  0.23644E-04
 19920.  0.23675E-04
 19925.  0.23978E-04
 19930.  0.24397E-04
 19935.  0.24798E-04
 19940.  0.25062E-04
 19945.  0.25111E-04
 19950.  0.25076E-04
 19955.  0.24987E-04
 19960.  0.24903E-04
 19965.  0.24723E-04
 19970.  0.24619E-04
 19975.  0.24573E-04
 19980.  0.24625E-04
 19985.  0.24465E-04
 19990.  0.24205E-04
 19995.  0.23993E-04
 20000.  0.24177E-04
 20005.  0.24529E-04
 20010.  0.24740E-04
 20015.  0.24973E-04
 20020.  0.25556E-04
 20025.  0.25925E-04
 20030.  0.25939E-04
 20035.  0.25721E-04
 20040.  0.25539E-04
 20045.  0.25816E-04
 20050.  0.26382E-04
 20055.  0.26990E-04
 20060.  0.26948E-04
 20065.  0.26412E-04
 20070.  0.26025E-04
 20075.  0.25635E-04
 20080.  0.25196E-04
 20085.  0.24593E-04
 20090.  0.24149E-04
 20095.  0.23756E-04
 20100.  0.23515E-04
 20105.  0.23464E-04
 20110.  0.23717E-04
 20115.  0.24365E-04
 20120.  0.25026E-04
 20125.  0.25639E-04
 20130.  0.26009E-04
 20135.  0.26333E-04
 20140.  0.26532E-04
 20145.  0.26525E-04
 20150.  0.26328E-04
 20155.  0.26215E-04
 20160.  0.26172E-04
 20165.  0.26276E-04
 20170.  0.26166E-04
 20175.  0.25813E-04
 20180.  0.25234E-04
 20185.  0.24885E-04
 20190.  0.24899E-04
 20195.  0.24755E-04
 20200.  0.24817E-04
 20205.  0.24859E-04
 20210.  0.25008E-04
 20215.  0.25202E-04
 20220.  0.25722E-04
 20225.  0.26369E-04
 20230.  0.26937E-04
 20235.  0.27223E-04
 20240.  0.27281E-04
 20245.  0.27145E-04
 20250.  0.26822E-04
 20255.  0.26407E-04
 20260.  0.26023E-04
 20265.  0.25609E-04
 20270.  0.25277E-04
 20275.  0.25229E-04
 20280.  0.25282E-04
 20285.  0.25352E-04
 20290.  0.25175E-04
 20295.  0.25058E-04
 20300.  0.24976E-04
 20305.  0.24992E-04
 20310.  0.25070E-04
 20315.  0.25290E-04
 20320.  0.25693E-04
 20325.  0.26195E-04
 20330.  0.26675E-04
 20335.  0.26786E-04
 20340.  0.26560E-04
 20345.  0.26166E-04
 20350.  0.25818E-04
 20355.  0.25669E-04
 20360.  0.25592E-04
 20365.  0.25645E-04
 20370.  0.25795E-04
 20375.  0.26055E-04
 20380.  0.26350E-04
 20385.  0.26392E-04
 20390.  0.26332E-04
 20395.  0.26274E-04
 20400.  0.26202E-04
 20405.  0.26114E-04
 20410.  0.26108E-04
 20415.  0.26197E-04
 20420.  0.26296E-04
 20425.  0.26409E-04
 20430.  0.26487E-04
 20435.  0.26490E-04
 20440.  0.26341E-04
 20445.  0.25988E-04
 20450.  0.25636E-04
 20455.  0.25364E-04
 20460.  0.25338E-04
 20465.  0.25507E-04
 20470.  0.25824E-04
 20475.  0.26144E-04
 20480.  0.26273E-04
 20485.  0.26238E-04
 20490.  0.26112E-04
 20495.  0.26014E-04
 20500.  0.25951E-04
 20505.  0.26020E-04
 20510.  0.26119E-04
 20515.  0.26258E-04
 20520.  0.26294E-04
 20525.  0.26234E-04
 20530.  0.26090E-04
 20535.  0.25916E-04
 20540.  0.25789E-04
 20545.  0.25637E-04
 20550.  0.25405E-04
 20555.  0.25272E-04
 20560.  0.25473E-04
 20565.  0.26044E-04
 20570.  0.26595E-04
 20575.  0.27001E-04
 20580.  0.27256E-04
 20585.  0.27373E-04
 20590.  0.27345E-04
 20595.  0.27194E-04
 20600.  0.26860E-04
 20605.  0.26619E-04
 20610.  0.26393E-04
 20615.  0.26169E-04
 20620.  0.26019E-04
 20625.  0.25959E-04
 20630.  0.25987E-04
 20635.  0.25973E-04
 20640.  0.25886E-04
 20645.  0.25770E-04
 20650.  0.25672E-04
 20655.  0.25687E-04
 20660.  0.25896E-04
 20665.  0.26206E-04
 20670.  0.26499E-04
 20675.  0.26651E-04
 20680.  0.26736E-04
 20685.  0.26777E-04
 20690.  0.26780E-04
 20695.  0.26767E-04
 20700.  0.26770E-04
 20705.  0.26806E-04
 20710.  0.26789E-04
 20715.  0.26688E-04
 20720.  0.26440E-04
 20725.  0.26229E-04
 20730.  0.26076E-04
 20735.  0.26052E-04
 20740.  0.26127E-04
 20745.  0.26205E-04
 20750.  0.26267E-04
 20755.  0.26267E-04
 20760.  0.26372E-04
 20765.  0.26546E-04
 20770.  0.26768E-04
 20775.  0.26914E-04
 20780.  0.27015E-04
 20785.  0.27019E-04
 20790.  0.26954E-04
 20795.  0.26840E-04
 20800.  0.26703E-04
 20805.  0.26615E-04
 20810.  0.26561E-04
 20815.  0.26501E-04
 20820.  0.26427E-04
 20825.  0.26346E-04
 20830.  0.26375E-04
 20835.  0.26414E-04
 20840.  0.26478E-04
 20845.  0.26561E-04
 20850.  0.26570E-04
 20855.  0.26611E-04
 20860.  0.26651E-04
 20865.  0.26664E-04
 20870.  0.26588E-04
 20875.  0.26475E-04
 20880.  0.26437E-04
 20885.  0.26409E-04
 20890.  0.26417E-04
 20895.  0.26448E-04
 20900.  0.26550E-04
 20905.  0.26641E-04
 20910.  0.26762E-04
 20915.  0.26769E-04
 20920.  0.26689E-04
 20925.  0.26534E-04
 20930.  0.26422E-04
 20935.  0.26387E-04
 20940.  0.26414E-04
 20945.  0.26432E-04
 20950.  0.26430E-04
 20955.  0.26434E-04
 20960.  0.26535E-04
 20965.  0.26615E-04
 20970.  0.26595E-04
 20975.  0.26605E-04
 20980.  0.26650E-04
 20985.  0.26747E-04
 20990.  0.26765E-04
 20995.  0.26728E-04
 21000.  0.26659E-04
 21005.  0.26700E-04
 21010.  0.26751E-04
 21015.  0.26796E-04
 21020.  0.26848E-04
 21025.  0.26846E-04
 21030.  0.26788E-04
 21035.  0.26651E-04
 21040.  0.26636E-04
 21045.  0.26668E-04
 21050.  0.26643E-04
 21055.  0.26579E-04
 21060.  0.26476E-04
 21065.  0.26429E-04
 21070.  0.26351E-04
 21075.  0.26219E-04
 21080.  0.26133E-04
 21085.  0.26164E-04
 21090.  0.26253E-04
 21095.  0.26278E-04
 21100.  0.26277E-04
 21105.  0.26314E-04
 21110.  0.26439E-04
 21115.  0.26612E-04
 21120.  0.26775E-04
 21125.  0.26782E-04
 21130.  0.26677E-04
 21135.  0.26572E-04
 21140.  0.26628E-04
 21145.  0.26706E-04
 21150.  0.26712E-04
 21155.  0.26655E-04
 21160.  0.26516E-04
 21165.  0.26342E-04
 21170.  0.26167E-04
 21175.  0.26076E-04
 21180.  0.26061E-04
 21185.  0.26117E-04
 21190.  0.26215E-04
 21195.  0.26283E-04
 21200.  0.26285E-04
 21205.  0.26291E-04
 21210.  0.26319E-04
 21215.  0.26337E-04
 21220.  0.26296E-04
 21225.  0.26234E-04
 21230.  0.26213E-04
 21235.  0.26311E-04
 21240.  0.26413E-04
 21245.  0.26497E-04
 21250.  0.26535E-04
 21255.  0.26471E-04
 21260.  0.26395E-04
 21265.  0.26358E-04
 21270.  0.26426E-04
 21275.  0.26480E-04
 21280.  0.26436E-04
 21285.  0.26304E-04
 21290.  0.26181E-04
 21295.  0.26147E-04
 21300.  0.26177E-04
 21305.  0.26204E-04
 21310.  0.26223E-04
 21315.  0.26261E-04
 21320.  0.26285E-04
 21325.  0.26285E-04
 21330.  0.26280E-04
 21335.  0.26256E-04
 21340.  0.26215E-04
 21345.  0.26126E-04
 21350.  0.26022E-04
 21355.  0.25906E-04
 21360.  0.25889E-04
 21365.  0.25882E-04
 21370.  0.25902E-04
 21375.  0.25943E-04
 21380.  0.25990E-04
 21385.  0.26033E-04
 21390.  0.26010E-04
 21395.  0.26016E-04
 21400.  0.26047E-04
 21405.  0.26005E-04
 21410.  0.25944E-04
 21415.  0.25882E-04
 21420.  0.25880E-04
 21425.  0.25848E-04
 21430.  0.25805E-04
 21435.  0.25795E-04
 21440.  0.25846E-04
 21445.  0.25926E-04
 21450.  0.26034E-04
 21455.  0.26070E-04
 21460.  0.26045E-04
 21465.  0.25939E-04
 21470.  0.25949E-04
 21475.  0.25991E-04
 21480.  0.25955E-04
 21485.  0.25877E-04
 21490.  0.25787E-04
 21495.  0.25726E-04
 21500.  0.25686E-04
 21505.  0.25703E-04
 21510.  0.25760E-04
 21515.  0.25819E-04
 21520.  0.25854E-04
 21525.  0.25826E-04
 21530.  0.25732E-04
 21535.  0.25668E-04
 21540.  0.25663E-04
 21545.  0.25743E-04
 21550.  0.25780E-04
 21555.  0.25749E-04
 21560.  0.25731E-04
 21565.  0.25721E-04
 21570.  0.25702E-04
 21575.  0.25687E-04
 21580.  0.25730E-04
 21585.  0.25800E-04
 21590.  0.25821E-04
 21595.  0.25806E-04
 21600.  0.25825E-04
 21605.  0.25851E-04
 21610.  0.25837E-04
 21615.  0.25702E-04
 21620.  0.25494E-04
 21625.  0.25317E-04
 21630.  0.25426E-04
 21635.  0.25795E-04
 21640.  0.26184E-04
 21645.  0.26327E-04
 21650.  0.26266E-04
 21655.  0.26089E-04
 21660.  0.25920E-04
 21665.  0.25773E-04
 21670.  0.25615E-04
 21675.  0.25471E-04
 21680.  0.25387E-04
 21685.  0.25510E-04
 21690.  0.25702E-04
 21695.  0.25856E-04
 21700.  0.25883E-04
 21705.  0.25829E-04
 21710.  0.25753E-04
 21715.  0.25644E-04
 21720.  0.25554E-04
 21725.  0.25469E-04
 21730.  0.25382E-04
 21735.  0.25315E-04
 21740.  0.25279E-04
 21745.  0.25285E-04
 21750.  0.25283E-04
 21755.  0.25260E-04
 21760.  0.25178E-04
 21765.  0.25046E-04
 21770.  0.24843E-04
 21775.  0.24630E-04
 21780.  0.24436E-04
 21785.  0.24358E-04
 21790.  0.24339E-04
 21795.  0.24363E-04
 21800.  0.24341E-04
 21805.  0.24367E-04
 21810.  0.24449E-04
 21815.  0.24507E-04
 21820.  0.24538E-04
 21825.  0.24522E-04
 21830.  0.24522E-04
 21835.  0.24512E-04
 21840.  0.24546E-04
 21845.  0.24696E-04
 21850.  0.24792E-04
 21855.  0.24758E-04
 21860.  0.24587E-04
 21865.  0.24470E-04
 21870.  0.24453E-04
 21875.  0.24515E-04
 21880.  0.24522E-04
 21885.  0.24444E-04
 21890.  0.24294E-04
 21895.  0.24223E-04
 21900.  0.24269E-04
 21905.  0.24410E-04
 21910.  0.24419E-04
 21915.  0.24331E-04
 21920.  0.24368E-04
 21925.  0.24475E-04
 21930.  0.24545E-04
 21935.  0.24504E-04
 21940.  0.24467E-04
 21945.  0.24474E-04
 21950.  0.24562E-04
 21955.  0.24555E-04
 21960.  0.24502E-04
 21965.  0.24455E-04
 21970.  0.24457E-04
 21975.  0.24447E-04
 21980.  0.24402E-04
 21985.  0.24309E-04
 21990.  0.24232E-04
 21995.  0.24160E-04
 22000.  0.24087E-04
 22005.  0.24042E-04
 22010.  0.23973E-04
 22015.  0.23915E-04
 22020.  0.23865E-04
 22025.  0.23844E-04
 22030.  0.23847E-04
 22035.  0.23910E-04
 22040.  0.24025E-04
 22045.  0.24100E-04
 22050.  0.24085E-04
 22055.  0.23985E-04
 22060.  0.23833E-04
 22065.  0.23698E-04
 22070.  0.23558E-04
 22075.  0.23437E-04
 22080.  0.23333E-04
 22085.  0.23346E-04
 22090.  0.23480E-04
 22095.  0.23643E-04
 22100.  0.23752E-04
 22105.  0.23791E-04
 22110.  0.23831E-04
 22115.  0.23899E-04
 22120.  0.23946E-04
 22125.  0.23917E-04
 22130.  0.23864E-04
 22135.  0.23890E-04
 22140.  0.23983E-04
 22145.  0.24071E-04
 22150.  0.24075E-04
 22155.  0.24139E-04
 22160.  0.24143E-04
 22165.  0.24129E-04
 22170.  0.24054E-04
 22175.  0.23999E-04
 22180.  0.23930E-04
 22185.  0.23887E-04
 22190.  0.23829E-04
 22195.  0.23777E-04
 22200.  0.23688E-04
 22205.  0.23602E-04
 22210.  0.23500E-04
 22215.  0.23441E-04
 22220.  0.23400E-04
 22225.  0.23384E-04
 22230.  0.23366E-04
 22235.  0.23356E-04
 22240.  0.23329E-04
 22245.  0.23324E-04
 22250.  0.23350E-04
 22255.  0.23402E-04
 22260.  0.23430E-04
 22265.  0.23380E-04
 22270.  0.23266E-04
 22275.  0.23142E-04
 22280.  0.23168E-04
 22285.  0.23244E-04
 22290.  0.23246E-04
 22295.  0.23163E-04
 22300.  0.23086E-04
 22305.  0.23069E-04
 22310.  0.23084E-04
 22315.  0.23135E-04
 22320.  0.23152E-04
 22325.  0.23157E-04
 22330.  0.23165E-04
 22335.  0.23189E-04
 22340.  0.23212E-04
 22345.  0.23222E-04
 22350.  0.23215E-04
 22355.  0.23226E-04
 22360.  0.23222E-04
 22365.  0.23223E-04
 22370.  0.23183E-04
 22375.  0.23111E-04
 22380.  0.23029E-04
 22385.  0.22940E-04
 22390.  0.22838E-04
 22395.  0.22751E-04
 22400.  0.22762E-04
 22405.  0.22871E-04
 22410.  0.23019E-04
 22415.  0.23084E-04
 22420.  0.22903E-04
 22425.  0.22717E-04
 22430.  0.22651E-04
 22435.  0.22696E-04
 22440.  0.22689E-04
 22445.  0.22620E-04
 22450.  0.22515E-04
 22455.  0.22530E-04
 22460.  0.22654E-04
 22465.  0.22831E-04
 22470.  0.22878E-04
 22475.  0.22811E-04
 22480.  0.22652E-04
 22485.  0.22536E-04
 22490.  0.22458E-04
 22495.  0.22440E-04
 22500.  0.22437E-04
 22505.  0.22466E-04
 22510.  0.22515E-04
 22515.  0.22530E-04
 22520.  0.22512E-04
 22525.  0.22463E-04
 22530.  0.22468E-04
 22535.  0.22509E-04
 22540.  0.22523E-04
 22545.  0.22442E-04
 22550.  0.22381E-04
 22555.  0.22455E-04
 22560.  0.22563E-04
 22565.  0.22637E-04
 22570.  0.22603E-04
 22575.  0.22538E-04
 22580.  0.22457E-04
 22585.  0.22402E-04
 22590.  0.22358E-04
 22595.  0.22340E-04
 22600.  0.22344E-04
 22605.  0.22352E-04
 22610.  0.22347E-04
 22615.  0.22301E-04
 22620.  0.22187E-04
 22625.  0.22010E-04
 22630.  0.21840E-04
 22635.  0.21777E-04
 22640.  0.21775E-04
 22645.  0.21768E-04
 22650.  0.21747E-04
 22655.  0.21683E-04
 22660.  0.21594E-04
 22665.  0.21515E-04
 22670.  0.21581E-04
 22675.  0.21760E-04
 22680.  0.21967E-04
 22685.  0.22071E-04
 22690.  0.22080E-04
 22695.  0.22023E-04
 22700.  0.21958E-04
 22705.  0.21931E-04
 22710.  0.21948E-04
 22715.  0.21901E-04
 22720.  0.21871E-04
 22725.  0.21818E-04
 22730.  0.21677E-04
 22735.  0.21573E-04
 22740.  0.21506E-04
 22745.  0.21579E-04
 22750.  0.21702E-04
 22755.  0.21847E-04
 22760.  0.21959E-04
 22765.  0.21987E-04
 22770.  0.21927E-04
 22775.  0.21836E-04
 22780.  0.21754E-04
 22785.  0.21688E-04
 22790.  0.21596E-04
 22795.  0.21520E-04
 22800.  0.21455E-04
 22805.  0.21399E-04
 22810.  0.21248E-04
 22815.  0.21107E-04
 22820.  0.21080E-04
 22825.  0.21173E-04
 22830.  0.21270E-04
 22835.  0.21347E-04
 22840.  0.21370E-04
 22845.  0.21377E-04
 22850.  0.21330E-04
 22855.  0.21277E-04
 22860.  0.21240E-04
 22865.  0.21345E-04
 22870.  0.21411E-04
 22875.  0.21351E-04
 22880.  0.21280E-04
 22885.  0.21271E-04
 22890.  0.21309E-04
 22895.  0.21392E-04
 22900.  0.21452E-04
 22905.  0.21484E-04
 22910.  0.21437E-04
 22915.  0.21240E-04
 22920.  0.20859E-04
 22925.  0.20384E-04
 22930.  0.19680E-04
 22935.  0.19030E-04
 22940.  0.18371E-04
 22945.  0.17828E-04
 22950.  0.17328E-04
 22955.  0.16879E-04
 22960.  0.16596E-04
 22965.  0.16475E-04
 22970.  0.16581E-04
 22975.  0.16833E-04
 22980.  0.17182E-04
 22985.  0.17477E-04
 22990.  0.17742E-04
 22995.  0.18054E-04
 23000.  0.18311E-04
 23005.  0.18417E-04
 23010.  0.18438E-04
 23015.  0.18482E-04
 23020.  0.18534E-04
 23025.  0.18603E-04
 23030.  0.18692E-04
 23035.  0.18788E-04
 23040.  0.18831E-04
 23045.  0.18807E-04
 23050.  0.18798E-04
 23055.  0.18766E-04
 23060.  0.18739E-04
 23065.  0.18666E-04
 23070.  0.18663E-04
 23075.  0.18676E-04
 23080.  0.18690E-04
 23085.  0.18733E-04
 23090.  0.18725E-04
 23095.  0.18705E-04
 23100.  0.18649E-04
 23105.  0.18628E-04
 23110.  0.18639E-04
 23115.  0.18631E-04
 23120.  0.18606E-04
 23125.  0.18546E-04
 23130.  0.18537E-04
 23135.  0.18508E-04
 23140.  0.18460E-04
 23145.  0.18383E-04
 23150.  0.18280E-04
 23155.  0.18247E-04
 23160.  0.18259E-04
 23165.  0.18501E-04
 23170.  0.18714E-04
 23175.  0.18819E-04
 23180.  0.18773E-04
 23185.  0.18721E-04
 23190.  0.18757E-04
 23195.  0.18822E-04
 23200.  0.18802E-04
 23205.  0.18690E-04
 23210.  0.18470E-04
 23215.  0.18164E-04
 23220.  0.17789E-04
 23225.  0.17332E-04
 23230.  0.16809E-04
 23235.  0.16193E-04
 23240.  0.15591E-04
 23245.  0.15207E-04
 23250.  0.15081E-04
 23255.  0.15262E-04
 23260.  0.15454E-04
 23265.  0.15633E-04
 23270.  0.15765E-04
 23275.  0.15974E-04
 23280.  0.16213E-04
 23285.  0.16391E-04
 23290.  0.16423E-04
 23295.  0.16419E-04
 23300.  0.16440E-04
 23305.  0.16584E-04
 23310.  0.16806E-04
 23315.  0.17095E-04
 23320.  0.17267E-04
 23325.  0.17398E-04
 23330.  0.17493E-04
 23335.  0.17596E-04
 23340.  0.17681E-04
 23345.  0.17751E-04
 23350.  0.17764E-04
 23355.  0.17745E-04
 23360.  0.17689E-04
 23365.  0.17583E-04
 23370.  0.17473E-04
 23375.  0.17395E-04
 23380.  0.17386E-04
 23385.  0.17361E-04
 23390.  0.17337E-04
 23395.  0.17336E-04
 23400.  0.17376E-04
 23405.  0.17412E-04
 23410.  0.17460E-04
 23415.  0.17435E-04
 23420.  0.17347E-04
 23425.  0.17212E-04
 23430.  0.17076E-04
 23435.  0.16932E-04
 23440.  0.16660E-04
 23445.  0.16364E-04
 23450.  0.16059E-04
 23455.  0.15801E-04
 23460.  0.15638E-04
 23465.  0.15607E-04
 23470.  0.15709E-04
 23475.  0.15945E-04
 23480.  0.16181E-04
 23485.  0.16376E-04
 23490.  0.16467E-04
 23495.  0.16510E-04
 23500.  0.16514E-04
 23505.  0.16326E-04
 23510.  0.16155E-04
 23515.  0.15972E-04
 23520.  0.15782E-04
 23525.  0.15455E-04
 23530.  0.15043E-04
 23535.  0.14649E-04
 23540.  0.14326E-04
 23545.  0.14138E-04
 23550.  0.14125E-04
 23555.  0.14294E-04
 23560.  0.14490E-04
 23565.  0.14668E-04
 23570.  0.14769E-04
 23575.  0.14890E-04
 23580.  0.15012E-04
 23585.  0.15196E-04
 23590.  0.15219E-04
 23595.  0.15022E-04
 23600.  0.14909E-04
 23605.  0.15009E-04
 23610.  0.15299E-04
 23615.  0.15506E-04
 23620.  0.15450E-04
 23625.  0.15331E-04
 23630.  0.15438E-04
 23635.  0.15609E-04
 23640.  0.15703E-04
 23645.  0.15630E-04
 23650.  0.15520E-04
 23655.  0.15460E-04
 23660.  0.15479E-04
 23665.  0.15584E-04
 23670.  0.15714E-04
 23675.  0.15873E-04
 23680.  0.15893E-04
 23685.  0.15728E-04
 23690.  0.15397E-04
 23695.  0.15356E-04
 23700.  0.15604E-04
 23705.  0.16106E-04
 23710.  0.16470E-04
 23715.  0.16540E-04
 23720.  0.16316E-04
 23725.  0.16049E-04
 23730.  0.15864E-04
 23735.  0.15683E-04
 23740.  0.15378E-04
 23745.  0.14997E-04
 23750.  0.14683E-04
 23755.  0.14630E-04
 23760.  0.14710E-04
 23765.  0.14802E-04
 23770.  0.14894E-04
 23775.  0.15146E-04
 23780.  0.15400E-04
 23785.  0.15501E-04
 23790.  0.15486E-04
 23795.  0.15450E-04
 23800.  0.15420E-04
 23805.  0.15304E-04
 23810.  0.15176E-04
 23815.  0.14960E-04
 23820.  0.14761E-04
 23825.  0.14558E-04
 23830.  0.14435E-04
 23835.  0.14355E-04
 23840.  0.14255E-04
 23845.  0.13975E-04
 23850.  0.13727E-04
 23855.  0.13619E-04
 23860.  0.13819E-04
 23865.  0.13862E-04
 23870.  0.13880E-04
 23875.  0.13908E-04
 23880.  0.13984E-04
 23885.  0.14012E-04
 23890.  0.14012E-04
 23895.  0.14006E-04
 23900.  0.14161E-04
 23905.  0.14460E-04
 23910.  0.14816E-04
 23915.  0.15001E-04
 23920.  0.14964E-04
 23925.  0.14722E-04
 23930.  0.14539E-04
 23935.  0.14489E-04
 23940.  0.14594E-04
 23945.  0.14707E-04
 23950.  0.14781E-04
 23955.  0.14773E-04
 23960.  0.14895E-04
 23965.  0.15074E-04
 23970.  0.15265E-04
 23975.  0.15294E-04
 23980.  0.15250E-04
 23985.  0.15217E-04
 23990.  0.15280E-04
 23995.  0.15368E-04
 24000.  0.15438E-04
 24005.  0.15439E-04
 24010.  0.15336E-04
 24015.  0.15101E-04
 24020.  0.14802E-04
 24025.  0.14554E-04
 24030.  0.14376E-04
 24035.  0.14301E-04
 24040.  0.14277E-04
 24045.  0.14236E-04
 24050.  0.13825E-04
 24055.  0.13452E-04
 24060.  0.13283E-04
 24065.  0.13612E-04
 24070.  0.14063E-04
 24075.  0.14359E-04
 24080.  0.14043E-04
 24085.  0.13782E-04
 24090.  0.13623E-04
 24095.  0.13716E-04
 24100.  0.13751E-04
 24105.  0.13876E-04
 24110.  0.14122E-04
 24115.  0.14194E-04
 24120.  0.14090E-04
 24125.  0.13795E-04
 24130.  0.13512E-04
 24135.  0.13277E-04
 24140.  0.13124E-04
 24145.  0.13103E-04
 24150.  0.13130E-04
 24155.  0.13200E-04
 24160.  0.13203E-04
 24165.  0.12990E-04
 24170.  0.12591E-04
 24175.  0.12472E-04
 24180.  0.12765E-04
 24185.  0.13348E-04
 24190.  0.13946E-04
 24195.  0.14005E-04
 24200.  0.13637E-04
 24205.  0.13258E-04
 24210.  0.13099E-04
 24215.  0.13155E-04
 24220.  0.13218E-04
 24225.  0.13185E-04
 24230.  0.13060E-04
 24235.  0.13151E-04
 24240.  0.13147E-04
 24245.  0.13087E-04
 24250.  0.12933E-04
 24255.  0.13177E-04
 24260.  0.13525E-04
 24265.  0.13690E-04
 24270.  0.13614E-04
 24275.  0.13450E-04
 24280.  0.13337E-04
 24285.  0.13316E-04
 24290.  0.13289E-04
 24295.  0.13285E-04
 24300.  0.13285E-04
 24305.  0.13296E-04
 24310.  0.13266E-04
 24315.  0.13145E-04
 24320.  0.13067E-04
 24325.  0.12950E-04
 24330.  0.12697E-04
 24335.  0.12388E-04
 24340.  0.12226E-04
 24345.  0.12333E-04
 24350.  0.13092E-04
 24355.  0.14140E-04
 24360.  0.14485E-04
 24365.  0.13904E-04
 24370.  0.13044E-04
 24375.  0.12630E-04
 24380.  0.12493E-04
 24385.  0.12522E-04
 24390.  0.12628E-04
 24395.  0.12724E-04
 24400.  0.12790E-04
 24405.  0.12816E-04
 24410.  0.12759E-04
 24415.  0.12723E-04
 24420.  0.12778E-04
 24425.  0.12813E-04
 24430.  0.12662E-04
 24435.  0.12296E-04
 24440.  0.11854E-04
 24445.  0.11655E-04
 24450.  0.11668E-04
 24455.  0.11991E-04
 24460.  0.12328E-04
 24465.  0.12689E-04
 24470.  0.12831E-04
 24475.  0.12567E-04
 24480.  0.12131E-04
 24485.  0.11498E-04
 24490.  0.11188E-04
 24495.  0.11225E-04
 24500.  0.12185E-04
 24505.  0.13218E-04
 24510.  0.13866E-04
 24515.  0.13697E-04
 24520.  0.12938E-04
 24525.  0.12133E-04
 24530.  0.11562E-04
 24535.  0.11418E-04
 24540.  0.11446E-04
 24545.  0.11631E-04
 24550.  0.11729E-04
 24555.  0.11860E-04
 24560.  0.12001E-04
 24565.  0.12255E-04
 24570.  0.12554E-04
 24575.  0.12819E-04
 24580.  0.12974E-04
 24585.  0.13032E-04
 24590.  0.12991E-04
 24595.  0.12664E-04
 24600.  0.12122E-04
 24605.  0.11482E-04
 24610.  0.11053E-04
 24615.  0.11108E-04
 24620.  0.11500E-04
 24625.  0.12127E-04
 24630.  0.12663E-04
 24635.  0.13088E-04
 24640.  0.13174E-04
 24645.  0.13103E-04
 24650.  0.12885E-04
 24655.  0.12593E-04
 24660.  0.12254E-04
 24665.  0.11903E-04
 24670.  0.11680E-04
 24675.  0.11713E-04
 24680.  0.11795E-04
 24685.  0.11689E-04
 24690.  0.11431E-04
 24695.  0.11095E-04
 24700.  0.10735E-04
 24705.  0.10435E-04
 24710.  0.10739E-04
 24715.  0.11421E-04
 24720.  0.12263E-04
 24725.  0.12853E-04
 24730.  0.12931E-04
 24735.  0.12179E-04
 24740.  0.11422E-04
 24745.  0.11144E-04
 24750.  0.11194E-04
 24755.  0.11294E-04
 24760.  0.11426E-04
 24765.  0.11604E-04
 24770.  0.11773E-04
 24775.  0.11865E-04
 24780.  0.11782E-04
 24785.  0.11525E-04
 24790.  0.11179E-04
 24795.  0.11022E-04
 24800.  0.11552E-04
 24805.  0.12287E-04
 24810.  0.12326E-04
 24815.  0.11407E-04
 24820.  0.10347E-04
 24825.  0.99782E-05
 24830.  0.11488E-04
 24835.  0.13011E-04
 24840.  0.13560E-04
 24845.  0.12936E-04
 24850.  0.12075E-04
 24855.  0.11199E-04
 24860.  0.10503E-04
 24865.  0.10269E-04
 24870.  0.10648E-04
 24875.  0.11209E-04
 24880.  0.11431E-04
 24885.  0.11121E-04
 24890.  0.10352E-04
 24895.  0.99551E-05
 24900.  0.94285E-05
